,query_id,user_stance,query_text,labels,discussion_scenario,context_labels,gold_passage_ids,filtered_passage_count,original_passage_count,reduction_percentage,retained_gold_count,original_gold_count,precision_improvement,filtered_passages
0,8,1,"Aber ist es realistisch, dass das Gesundheitssystem besser finanziert wird bevor eine medKI in der Lage ist fundierte Entscheidungen zu treffen?",['Z.P4-1'],MEDAI,"[['Greeting_Message'], ['Z.P3'], ['intro_61'], ['Z.P3'], ['intro_3', 'z_trans_11', 'Z.P1-1'], ['Z.P5'], ['intro_32', 'Z.P5', 'intro_51', 'Z.P5-1'], ['CON_ZARG'], ['intro_23', 'Z.P4', 'intro_50', 'Z.P4-1']]","[5, 83, 108, 109, 131, 202, 203, 204, 205, 280, 281, 282, 405, 573, 593, 1045, 1236, 1277, 2978, 2979, 2980, 2981, 2982, 2983, 2984, 2985, 2986, 2987, 2988, 2989, 2990, 2991, 2992, 2993, 2994, 2995, 2996, 2997, 2998, 2999]",852,9138,90.67629678266579,40,40,0.04257103135336422,"[{'id': 1, 'label': 'Z.P1-1-1', 'text': 'werden dann Krankenpfleger besser bezahlt?'}, {'id': 5, 'label': 'Z.P4-1', 'text': 'Aber ist es realistisch, dass das Gesundheitssystem besser finanziert wird bevor eine medKI in der Lage ist fundierte Entscheidungen zu treffen?'}, {'id': 8, 'label': 'Z.P1', 'text': 'Der Trend geht ohnehin weg von kleinen Landarztpraxen und hin zu medizinischen Versorgungszentren'}, {'id': 12, 'label': 'Z.P4', 'text': 'Die MedKI kann unterstuetzen, den Mangel an Aerzten entgegenzuwirken. Durch den demographischen Wandel wird es mehr kranke und alte Menschen geben. Dadurch brauchen wir mehr Aerzte'}, {'id': 24, 'label': 'Z.P1', 'text': 'Aerzte sind doch auch Rund um die Uhr erreichbar?! Dafuer werden Sie auch dementsprechend bezahlt. Auf dem Land natuerlich nicht, aber eine KI koennte auch nicht ohne Beaufsichtigung das Krankenhaus leiten'}, {'id': 83, 'label': 'Z.P4-1', 'text': 'Dann sollen die Unis mehr Medizin Plaetze anbieten dann gibt es mehr Aerzte '}, {'id': 100, 'label': 'Z.P1', 'text': 'Mit medKI gibt es immerhin genug Aerztinnen, die jetzt fehlen?'}, {'id': 103, 'label': 'Z.P1-1', 'text': 'Personal wird dann trotzdem benoetigt '}, {'id': 108, 'label': 'Z.P4-1', 'text': 'Man koennte auch das Medizin Studium zugaenglicher machen'}, {'id': 109, 'label': 'Z.P4-1', 'text': 'Anstelle der KI kann man auch das Medizin Studium zugaenglicher machen'}]"
1,13,2,Der Trend geht ohnehin weg von kleinen Landarztpraxen und hin zu medizinischen Versorgungszentren,['Z.P1'],MEDAI,"[['Greeting_Message'], ['Z.K6'], ['intro_61'], ['Z.K1'], ['intro_1', 'z_trans_12', 'Z.P1']]","[8, 24, 100, 137, 138, 153, 179, 180, 182, 211, 212, 220, 407, 415, 417, 419, 483, 546, 551, 594, 610, 611, 661, 698, 714, 736, 782, 900, 944, 1001, 1160, 1185, 1205, 1206, 1208, 1335, 1428, 1439, 2890, 2891, 2892, 2893, 2894, 2895, 2896, 2897, 2898, 2899, 2900, 2901, 2902, 2903, 2904, 2905, 2906, 2907, 2908, 2909, 2910, 2911]",852,9138,90.67629678266579,60,60,0.06385654703004634,"[{'id': 1, 'label': 'Z.P1-1-1', 'text': 'werden dann Krankenpfleger besser bezahlt?'}, {'id': 5, 'label': 'Z.P4-1', 'text': 'Aber ist es realistisch, dass das Gesundheitssystem besser finanziert wird bevor eine medKI in der Lage ist fundierte Entscheidungen zu treffen?'}, {'id': 8, 'label': 'Z.P1', 'text': 'Der Trend geht ohnehin weg von kleinen Landarztpraxen und hin zu medizinischen Versorgungszentren'}, {'id': 12, 'label': 'Z.P4', 'text': 'Die MedKI kann unterstuetzen, den Mangel an Aerzten entgegenzuwirken. Durch den demographischen Wandel wird es mehr kranke und alte Menschen geben. Dadurch brauchen wir mehr Aerzte'}, {'id': 24, 'label': 'Z.P1', 'text': 'Aerzte sind doch auch Rund um die Uhr erreichbar?! Dafuer werden Sie auch dementsprechend bezahlt. Auf dem Land natuerlich nicht, aber eine KI koennte auch nicht ohne Beaufsichtigung das Krankenhaus leiten'}, {'id': 83, 'label': 'Z.P4-1', 'text': 'Dann sollen die Unis mehr Medizin Plaetze anbieten dann gibt es mehr Aerzte '}, {'id': 100, 'label': 'Z.P1', 'text': 'Mit medKI gibt es immerhin genug Aerztinnen, die jetzt fehlen?'}, {'id': 103, 'label': 'Z.P1-1', 'text': 'Personal wird dann trotzdem benoetigt '}, {'id': 108, 'label': 'Z.P4-1', 'text': 'Man koennte auch das Medizin Studium zugaenglicher machen'}, {'id': 109, 'label': 'Z.P4-1', 'text': 'Anstelle der KI kann man auch das Medizin Studium zugaenglicher machen'}]"
2,16,2,"Nein, ich bezihe mich nicht auf Fehler, sondern auf eine begrenzte, eindimensionale Handlungsfaehigkeit ",['Z.K6'],MEDAI,"[['Greeting_Message'], ['Z.K6'], ['intro_61'], ['Z.K1'], ['intro_1', 'z_trans_12', 'Z.P1'], ['Z.P1'], ['intro_62'], ['DISSENT'], ['intro_2', 'z_trans_11', 'Z.P2'], ['Z.K2'], ['intro_28', 'Z.K4', 'intro_59', 'Z.K4-1']]","[6, 10, 111, 169, 233, 234, 286, 310, 311, 314, 323, 378, 411, 474, 491, 514, 536, 585, 687, 697, 704, 721, 842, 926, 956, 974, 1063, 1168, 1197, 1233, 1235, 1337, 1345, 1417, 1482, 3484, 3485, 3486, 3487, 3488, 3489, 3490, 3491, 3492, 3493, 3494, 3495, 3496, 3497, 3498, 3499, 3500, 3501, 3502, 3503, 3504, 3505]",819,9138,91.03742613263296,57,57,0.06335938082490938,"[{'id': 6, 'label': 'Z.K6', 'text': 'Medizin ist ein aeusserst komplexes Tehemengebiet. Die Behandlung von Patienten erfordert Erfahrung und ist aeusserst Vielschichtig'}, {'id': 9, 'label': 'Z.K2', 'text': 'Andererseits hat sie ein sehr begrenztes Repertoire, denn anders als ein Mensch kommt MedKI nicht ueber ihre standardisierten Handlungsweisen hinaus'}, {'id': 10, 'label': 'Z.K6', 'text': 'Nein, ich bezihe mich nicht auf Fehler, sondern auf eine begrenzte, eindimensionale Handlungsfaehigkeit '}, {'id': 52, 'label': 'Z.K2', 'text': 'Zu viele Krankheiten moeglich'}, {'id': 53, 'label': 'Z.K4', 'text': 'Systemfehler'}, {'id': 71, 'label': 'Z.K2', 'text': 'Eine KI handelt immer nach der theoretisch besten Loesung, allerdings ist diese nicht immer moralisch Vertretbar '}, {'id': 101, 'label': 'Z.K2', 'text': 'Mir ist bewusst das ein MedKi nicht alle Lebensumstaende der Patientinnen in die Untersuchung mit einbeziehen'}, {'id': 111, 'label': 'Z.K6', 'text': 'Ueber Neueste Diagnostik und Therapie verfuegen Aerztinnen in der Regel auch '}, {'id': 129, 'label': 'Z.K15-1', 'text': 'Aerztinnen sind menschlich und machen Fehler, siehst du das auch so?'}, {'id': 150, 'label': 'Z.K2', 'text': 'Da die Med-KI keine individuellen Diagnosen stellen kann, sondern anhand von Lehrbuchangaben agiert und das Verhalten und die Aussagen der patient*innen nur objektiv betrachtet'}]"
3,20,1,"Sobald eine selbst lernende Ki entwickelt wurde, wird das Entwickeln nicht mehr viel kosten",['Z.P5'],MEDAI,"[['Greeting_Message'], ['Z.P4'], ['intro_27', 'Z.P4', 'intro_47', 'Z.P4-1'], ['Z.P5'], ['intro_25', 'Z.P5', 'intro_51', 'Z.P5-1']]","[4, 13, 14, 15, 218, 406, 602, 603, 663, 675, 676, 699, 715, 752, 754, 755, 756, 862, 1150, 1184, 1294, 1354, 1362, 1430, 1454, 3176, 3177, 3178, 3179, 3180, 3181, 3182, 3183, 3184, 3185, 3186, 3187, 3188, 3189, 3190, 3191, 3192, 3193, 3194, 3195, 3196, 3197]",259,9138,97.16568176843948,47,47,0.17632382405855812,"[{'id': 4, 'label': 'Z.P5', 'text': 'Durch Einsparung von Personal bei Aerztinnen, kann mehr fuer Pflegepersonal ausgegeben werden. '}, {'id': 13, 'label': 'Z.P5', 'text': 'Die KI kann von mehreren Nationen entwickelt werden. Dadurch sinken die Kosten'}, {'id': 14, 'label': 'Z.P5', 'text': 'Sobald eine selbst lernende Ki entwickelt wurde, wird das Entwickeln nicht mehr viel kosten'}, {'id': 15, 'label': 'Z.P5', 'text': 'Dafuer kann der First Level Support von Aerzten abgewendet werden und durch KIs uebernommen werden'}, {'id': 218, 'label': 'Z.P5', 'text': 'Eine KI zu warten ist einfacher als ein Medizinstudium'}, {'id': 283, 'label': 'Z.P5-1', 'text': 'Die Bundesregierung sollte mehr Geld in die Medizinausbildung stecken'}, {'id': 406, 'label': 'Z.P5', 'text': ""KI's koennten aber die Pflegekraefte entlasten""}, {'id': 416, 'label': 'Z.P5-1', 'text': 'Warum muss so ein Dienst Geld verdienen, da hier sehr vielen Menschen geholfen werden kann, darf so etwas schon Geld kosten'}, {'id': 574, 'label': 'Z.P5-1', 'text': 'Die Entwicklung der Technologie wird immer teuer sein, das gehoert zu unserem gesellschaftlichen Wandel'}, {'id': 602, 'label': 'Z.P5', 'text': 'KI ist guenstiger '}]"
4,21,1,Dafuer kann der First Level Support von Aerzten abgewendet werden und durch KIs uebernommen werden,['Z.P5'],MEDAI,"[['Greeting_Message'], ['Z.P4'], ['intro_27', 'Z.P4', 'intro_47', 'Z.P4-1'], ['Z.P5'], ['intro_25', 'Z.P5', 'intro_51', 'Z.P5-1'], ['Z.P5'], ['intro_32', 'Z.P5', 'intro_53', 'z_trans_13', 'Z.P1-1']]","[4, 13, 14, 15, 218, 406, 602, 603, 663, 675, 676, 699, 715, 752, 754, 755, 756, 862, 1150, 1184, 1294, 1354, 1362, 1430, 1454, 3176, 3177, 3178, 3179, 3180, 3181, 3182, 3183, 3184, 3185, 3186, 3187, 3188, 3189, 3190, 3191, 3192, 3193, 3194, 3195, 3196, 3197]",1111,9138,87.84197855110527,47,47,0.03716087301441897,"[{'id': 1, 'label': 'Z.P1-1-1', 'text': 'werden dann Krankenpfleger besser bezahlt?'}, {'id': 4, 'label': 'Z.P5', 'text': 'Durch Einsparung von Personal bei Aerztinnen, kann mehr fuer Pflegepersonal ausgegeben werden. '}, {'id': 5, 'label': 'Z.P4-1', 'text': 'Aber ist es realistisch, dass das Gesundheitssystem besser finanziert wird bevor eine medKI in der Lage ist fundierte Entscheidungen zu treffen?'}, {'id': 8, 'label': 'Z.P1', 'text': 'Der Trend geht ohnehin weg von kleinen Landarztpraxen und hin zu medizinischen Versorgungszentren'}, {'id': 12, 'label': 'Z.P4', 'text': 'Die MedKI kann unterstuetzen, den Mangel an Aerzten entgegenzuwirken. Durch den demographischen Wandel wird es mehr kranke und alte Menschen geben. Dadurch brauchen wir mehr Aerzte'}, {'id': 13, 'label': 'Z.P5', 'text': 'Die KI kann von mehreren Nationen entwickelt werden. Dadurch sinken die Kosten'}, {'id': 14, 'label': 'Z.P5', 'text': 'Sobald eine selbst lernende Ki entwickelt wurde, wird das Entwickeln nicht mehr viel kosten'}, {'id': 15, 'label': 'Z.P5', 'text': 'Dafuer kann der First Level Support von Aerzten abgewendet werden und durch KIs uebernommen werden'}, {'id': 24, 'label': 'Z.P1', 'text': 'Aerzte sind doch auch Rund um die Uhr erreichbar?! Dafuer werden Sie auch dementsprechend bezahlt. Auf dem Land natuerlich nicht, aber eine KI koennte auch nicht ohne Beaufsichtigung das Krankenhaus leiten'}, {'id': 83, 'label': 'Z.P4-1', 'text': 'Dann sollen die Unis mehr Medizin Plaetze anbieten dann gibt es mehr Aerzte '}]"
5,33,2,Das ist wahr. Allerdings werden die KIs von Menschen programmiert. Insofern ist die Fehlerquote mindestens genauso hoch.,['Z.P3-1'],MEDAI,"[['Greeting_Message'], ['Z.K7'], ['intro_23', 'Z.K11', 'intro_47', 'Z.K11-1'], ['NZ.K10'], ['intro_61'], ['NZ.K10'], ['intro_3', 'z_trans_13', 'Z.P1'], ['CONSENT', 'Z.K10'], ['intro_62'], ['Z.P1'], ['intro_1', 'z_trans_13', 'Z.P2']]","[25, 609, 631, 743, 910, 1305, 1307, 3044, 3045, 3046, 3047, 3048, 3049, 3050, 3051, 3052, 3053, 3054, 3055, 3056, 3057, 3058, 3059, 3060, 3061, 3062, 3063, 3064, 3065]",679,9138,92.56949004158459,29,29,0.039536306497878544,"[{'id': 2, 'label': 'Z.P3', 'text': 'Das Wissen einer KI kann eine deutlich hoehere Menge erreichen, als das Wissen eines Menschen. '}, {'id': 3, 'label': 'Z.P3', 'text': 'Eine KI kann mehr Wissen als ein Mensch'}, {'id': 25, 'label': 'Z.P3-1', 'text': ' Allerdings werden die KIs von Menschen programmiert. Insofern ist die Fehlerquote mindestens genauso hoch.'}, {'id': 84, 'label': 'Z.P6', 'text': 'KI sind praeziser '}, {'id': 85, 'label': 'Z.P2', 'text': 'KI sind objektiv '}, {'id': 86, 'label': 'Z.P2', 'text': 'KI sind nicht bestechbar'}, {'id': 115, 'label': 'Z.P6', 'text': 'Bessere Diagnose, quasi frei von Vorurteilen.'}, {'id': 119, 'label': 'Z.P6', 'text': 'Die Praezision der Diagnose steigt, wenn menschliches, also fehlerhaftes, Urteilsvermoegen weitestgehend abgekoppelt werden.'}, {'id': 148, 'label': 'Z.P6', 'text': 'Ich finde Aerzte sollen durch KI ersetzt werden, weil Menschen fehlbar sind'}, {'id': 154, 'label': 'Z.P2', 'text': ' und das unparteiische Verhalten gegenueber der Patienten '}]"
6,35,2,"Eine KI kann aber niemals einen Menschen ersetzten egal wie gut programmiert sie ist, sie wird nie die Menschliche Fuersorge ersetzten koennen",['Z.K1'],MEDAI,"[['Greeting_Message'], ['Z.K1'], ['intro_27', 'Z.K1', 'intro_56', 'Z.K1-1']]","[0, 7, 26, 27, 28, 31, 32, 60, 63, 64, 70, 87, 96, 97, 104, 106, 107, 114, 198, 199, 206, 207, 208, 209, 258, 259, 260, 273, 275, 278, 322, 327, 380, 431, 448, 472, 473, 495, 520, 524, 527, 537, 582, 636, 638, 651, 652, 653, 654, 691, 692, 726, 729, 730, 758, 759, 760, 761, 768, 790, 802, 808, 874, 904, 957, 964, 999, 1094, 1121, 1177, 1193, 1239, 1242, 1263, 1275, 1315, 1317, 1321, 1343, 1344, 1346, 1356, 1391, 1443, 1467, 1468, 3330, 3331, 3332, 3333, 3334, 3335, 3336, 3337, 3338, 3339, 3340, 3341, 3342, 3343, 3344, 3345, 3346, 3347, 3348, 3349, 3350, 3351]",1251,9138,86.30991464215364,108,108,0.07451215652560027,"[{'id': 0, 'label': 'Z.K1', 'text': 'Ein bot kannzwischenmaennschliche Interaktion nicht ersetzen '}, {'id': 7, 'label': 'Z.K1', 'text': 'Nein, medizinische Behandlung sollte meiner Meinung nach auf persoenlicher Ebene stattfinden, denn viele Krankeiten nur durch ausfuehrliche Anamnese aufgedeckt werden koennen und zum Teil psychologisch behaftet sind'}, {'id': 11, 'label': 'Z.K7', 'text': 'Ein Menscv kann interagieren und auf andere Menschen eingehen. Wie man an dir merkt, kann da KI nicht'}, {'id': 20, 'label': 'Z.K7', 'text': 'Um Patienten richtig behandeln zu koennen, muss der Arzt wichtige Entscheidungen treffen, welche womoeglich ueber Leben und Tod entscheiden. Dazu ist nur ein Mensch in der Lage, welcher sich in die Lage des Patienten versetzen kann.'}, {'id': 23, 'label': 'Z.K10', 'text': 'Das aendert jedoch nichts daran, dass viele Patienten sich nicht von einer KI behandeln lassen wollen.'}, {'id': 26, 'label': 'Z.K1', 'text': 'Der Persoenliche Kontakt zwischen dem Artzt und dem Patienten ist sehr wichtig, sowohl fuer Artzt als auch Patient. Der Patient kommt sich nicht so vor wie in einem Fastfood Resturant in dem er nur abgefertigt wird sondern mit einem richtigen Menschen als gegen ueber fuehlt er sich Wertgeschaetzt und versorgt, was auch positiv zur Heiling beitragen kann'}, {'id': 27, 'label': 'Z.K1', 'text': 'Eine KI kann aber niemals einen Menschen ersetzten egal wie gut programmiert sie ist, sie wird nie die Menschliche Fuersorge ersetzten koennen'}, {'id': 28, 'label': 'Z.K1', 'text': 'Selbst wenn die KI ausgebildet ist um auch emotional fuer den Menschen zu sorgen, so ist das nicht die selbe Fuersorge und emotionale Bindung wie sie zwischen zwei Menschen entstehen kann. Niemand wird jemals ein Geraet als Bezugs Person sehen da fehlen die echten Gefuehle und selbst gemachte Erfahrungen aus der Realen Welt '}, {'id': 30, 'label': 'Z.K7', 'text': 'Sie kann zwar lernen weiss aber nicht das fehl Entscheidungen auch eine emotionale Erfahrung mit sich bringen welche wichtig sind fuer die Ethik eines Mediziners und Grundlegend zur Entwichlung eines guten Artztes '}, {'id': 31, 'label': 'Z.K1', 'text': 'Das ist ja noch schlechter, man wuerde Patienten mit kleineren Problemen diskriminieren und ihnen das Geguehl geben dass sie weniger Beruecksichtigt werden als Patienten mit schlimmeren Problemen '}]"
7,39,2,"Das ist ja noch schlechter, man wuerde Patienten mit kleineren Problemen diskriminieren und ihnen das Geguehl geben dass sie weniger Beruecksichtigt werden als Patienten mit schlimmeren Problemen ",['Z.K1'],MEDAI,"[['Greeting_Message'], ['Z.K1'], ['intro_27', 'Z.K1', 'intro_56', 'Z.K1-1'], ['Z.K1'], ['intro_61'], ['Z.K1'], ['intro_1', 'z_trans_2', 'Z.P1'], ['Z.K19'], ['intro_24', 'Z.K4', 'intro_58', 'Z.K4-1'], ['Z.K7'], ['intro_32', 'Z.K7', 'intro_56', 'Z.K7-1']]","[0, 7, 26, 27, 28, 31, 32, 60, 63, 64, 70, 87, 96, 97, 104, 106, 107, 114, 198, 199, 206, 207, 208, 209, 258, 259, 260, 273, 275, 278, 322, 327, 380, 431, 448, 472, 473, 495, 520, 524, 527, 537, 582, 636, 638, 651, 652, 653, 654, 691, 692, 726, 729, 730, 758, 759, 760, 761, 768, 790, 802, 808, 874, 904, 957, 964, 999, 1094, 1121, 1177, 1193, 1239, 1242, 1263, 1275, 1315, 1317, 1321, 1343, 1344, 1346, 1356, 1391, 1443, 1467, 1468, 3330, 3331, 3332, 3333, 3334, 3335, 3336, 3337, 3338, 3339, 3340, 3341, 3342, 3343, 3344, 3345, 3346, 3347, 3348, 3349, 3350, 3351]",1251,9138,86.30991464215364,108,108,0.07451215652560027,"[{'id': 0, 'label': 'Z.K1', 'text': 'Ein bot kannzwischenmaennschliche Interaktion nicht ersetzen '}, {'id': 7, 'label': 'Z.K1', 'text': 'Nein, medizinische Behandlung sollte meiner Meinung nach auf persoenlicher Ebene stattfinden, denn viele Krankeiten nur durch ausfuehrliche Anamnese aufgedeckt werden koennen und zum Teil psychologisch behaftet sind'}, {'id': 11, 'label': 'Z.K7', 'text': 'Ein Menscv kann interagieren und auf andere Menschen eingehen. Wie man an dir merkt, kann da KI nicht'}, {'id': 20, 'label': 'Z.K7', 'text': 'Um Patienten richtig behandeln zu koennen, muss der Arzt wichtige Entscheidungen treffen, welche womoeglich ueber Leben und Tod entscheiden. Dazu ist nur ein Mensch in der Lage, welcher sich in die Lage des Patienten versetzen kann.'}, {'id': 23, 'label': 'Z.K10', 'text': 'Das aendert jedoch nichts daran, dass viele Patienten sich nicht von einer KI behandeln lassen wollen.'}, {'id': 26, 'label': 'Z.K1', 'text': 'Der Persoenliche Kontakt zwischen dem Artzt und dem Patienten ist sehr wichtig, sowohl fuer Artzt als auch Patient. Der Patient kommt sich nicht so vor wie in einem Fastfood Resturant in dem er nur abgefertigt wird sondern mit einem richtigen Menschen als gegen ueber fuehlt er sich Wertgeschaetzt und versorgt, was auch positiv zur Heiling beitragen kann'}, {'id': 27, 'label': 'Z.K1', 'text': 'Eine KI kann aber niemals einen Menschen ersetzten egal wie gut programmiert sie ist, sie wird nie die Menschliche Fuersorge ersetzten koennen'}, {'id': 28, 'label': 'Z.K1', 'text': 'Selbst wenn die KI ausgebildet ist um auch emotional fuer den Menschen zu sorgen, so ist das nicht die selbe Fuersorge und emotionale Bindung wie sie zwischen zwei Menschen entstehen kann. Niemand wird jemals ein Geraet als Bezugs Person sehen da fehlen die echten Gefuehle und selbst gemachte Erfahrungen aus der Realen Welt '}, {'id': 30, 'label': 'Z.K7', 'text': 'Sie kann zwar lernen weiss aber nicht das fehl Entscheidungen auch eine emotionale Erfahrung mit sich bringen welche wichtig sind fuer die Ethik eines Mediziners und Grundlegend zur Entwichlung eines guten Artztes '}, {'id': 31, 'label': 'Z.K1', 'text': 'Das ist ja noch schlechter, man wuerde Patienten mit kleineren Problemen diskriminieren und ihnen das Geguehl geben dass sie weniger Beruecksichtigt werden als Patienten mit schlimmeren Problemen '}]"
8,65,2,Zu viel Wissen kann Menschen Angst machen ,['Z.K10'],MEDAI,"[['Greeting_Message'], ['Z.K7'], ['intro_24', 'Z.K7', 'intro_55', 'Z.K7-1']]","[23, 51, 105, 132, 170, 276, 277, 376, 390, 391, 532, 541, 701, 713, 746, 794, 795, 804, 859, 901, 911, 993, 1016, 1169, 1240, 1332, 1466, 1491, 1504, 3888, 3889, 3890, 3891, 3892, 3893, 3894, 3895, 3896, 3897, 3898, 3899, 3900, 3901, 3902, 3903, 3904, 3905, 3906, 3907, 3908, 3909]",1251,9138,86.30991464215364,51,51,0.03518629613708902,"[{'id': 0, 'label': 'Z.K1', 'text': 'Ein bot kannzwischenmaennschliche Interaktion nicht ersetzen '}, {'id': 7, 'label': 'Z.K1', 'text': 'Nein, medizinische Behandlung sollte meiner Meinung nach auf persoenlicher Ebene stattfinden, denn viele Krankeiten nur durch ausfuehrliche Anamnese aufgedeckt werden koennen und zum Teil psychologisch behaftet sind'}, {'id': 11, 'label': 'Z.K7', 'text': 'Ein Menscv kann interagieren und auf andere Menschen eingehen. Wie man an dir merkt, kann da KI nicht'}, {'id': 20, 'label': 'Z.K7', 'text': 'Um Patienten richtig behandeln zu koennen, muss der Arzt wichtige Entscheidungen treffen, welche womoeglich ueber Leben und Tod entscheiden. Dazu ist nur ein Mensch in der Lage, welcher sich in die Lage des Patienten versetzen kann.'}, {'id': 23, 'label': 'Z.K10', 'text': 'Das aendert jedoch nichts daran, dass viele Patienten sich nicht von einer KI behandeln lassen wollen.'}, {'id': 26, 'label': 'Z.K1', 'text': 'Der Persoenliche Kontakt zwischen dem Artzt und dem Patienten ist sehr wichtig, sowohl fuer Artzt als auch Patient. Der Patient kommt sich nicht so vor wie in einem Fastfood Resturant in dem er nur abgefertigt wird sondern mit einem richtigen Menschen als gegen ueber fuehlt er sich Wertgeschaetzt und versorgt, was auch positiv zur Heiling beitragen kann'}, {'id': 27, 'label': 'Z.K1', 'text': 'Eine KI kann aber niemals einen Menschen ersetzten egal wie gut programmiert sie ist, sie wird nie die Menschliche Fuersorge ersetzten koennen'}, {'id': 28, 'label': 'Z.K1', 'text': 'Selbst wenn die KI ausgebildet ist um auch emotional fuer den Menschen zu sorgen, so ist das nicht die selbe Fuersorge und emotionale Bindung wie sie zwischen zwei Menschen entstehen kann. Niemand wird jemals ein Geraet als Bezugs Person sehen da fehlen die echten Gefuehle und selbst gemachte Erfahrungen aus der Realen Welt '}, {'id': 30, 'label': 'Z.K7', 'text': 'Sie kann zwar lernen weiss aber nicht das fehl Entscheidungen auch eine emotionale Erfahrung mit sich bringen welche wichtig sind fuer die Ethik eines Mediziners und Grundlegend zur Entwichlung eines guten Artztes '}, {'id': 31, 'label': 'Z.K1', 'text': 'Das ist ja noch schlechter, man wuerde Patienten mit kleineren Problemen diskriminieren und ihnen das Geguehl geben dass sie weniger Beruecksichtigt werden als Patienten mit schlimmeren Problemen '}]"
9,108,2,Dann sollen die Unis mehr Medizin Plaetze anbieten dann gibt es mehr Aerzte ,['Z.P4-1'],MEDAI,"[['Greeting_Message'], ['Z.K5'], ['intro_61'], ['Z.K5-1'], ['intro_1', 'z_trans_13', 'Z.P1'], ['Z.K7'], ['intro_26', 'Z.K7', 'intro_56', 'Z.K7-1'], ['Z.K14'], ['intro_62'], ['OTHER'], ['intro_1', 'z_trans_12', 'Z.P2'], ['OTHER'], ['intro_61'], ['OTHER'], ['intro_2', 'z_trans_12', 'Z.P4']]","[5, 83, 108, 109, 131, 202, 203, 204, 205, 280, 281, 282, 405, 573, 593, 1045, 1236, 1277, 2978, 2979, 2980, 2981, 2982, 2983, 2984, 2985, 2986, 2987, 2988, 2989, 2990, 2991, 2992, 2993, 2994, 2995, 2996, 2997, 2998, 2999]",852,9138,90.67629678266579,40,40,0.04257103135336422,"[{'id': 1, 'label': 'Z.P1-1-1', 'text': 'werden dann Krankenpfleger besser bezahlt?'}, {'id': 5, 'label': 'Z.P4-1', 'text': 'Aber ist es realistisch, dass das Gesundheitssystem besser finanziert wird bevor eine medKI in der Lage ist fundierte Entscheidungen zu treffen?'}, {'id': 8, 'label': 'Z.P1', 'text': 'Der Trend geht ohnehin weg von kleinen Landarztpraxen und hin zu medizinischen Versorgungszentren'}, {'id': 12, 'label': 'Z.P4', 'text': 'Die MedKI kann unterstuetzen, den Mangel an Aerzten entgegenzuwirken. Durch den demographischen Wandel wird es mehr kranke und alte Menschen geben. Dadurch brauchen wir mehr Aerzte'}, {'id': 24, 'label': 'Z.P1', 'text': 'Aerzte sind doch auch Rund um die Uhr erreichbar?! Dafuer werden Sie auch dementsprechend bezahlt. Auf dem Land natuerlich nicht, aber eine KI koennte auch nicht ohne Beaufsichtigung das Krankenhaus leiten'}, {'id': 83, 'label': 'Z.P4-1', 'text': 'Dann sollen die Unis mehr Medizin Plaetze anbieten dann gibt es mehr Aerzte '}, {'id': 100, 'label': 'Z.P1', 'text': 'Mit medKI gibt es immerhin genug Aerztinnen, die jetzt fehlen?'}, {'id': 103, 'label': 'Z.P1-1', 'text': 'Personal wird dann trotzdem benoetigt '}, {'id': 108, 'label': 'Z.P4-1', 'text': 'Man koennte auch das Medizin Studium zugaenglicher machen'}, {'id': 109, 'label': 'Z.P4-1', 'text': 'Anstelle der KI kann man auch das Medizin Studium zugaenglicher machen'}]"
10,110,1,KI sind objektiv ,['Z.P2'],MEDAI,"[['Greeting_Message'], ['Z.P6'], ['intro_32', 'Z.P6', 'intro_49', 'Z.P6-1']]","[85, 86, 154, 388, 493, 494, 584, 693, 775, 815, 823, 860, 1209, 1211, 1255, 1257, 1449, 1451, 3000, 3001, 3002, 3003, 3004, 3005, 3006, 3007, 3008, 3009, 3010, 3011, 3012, 3013, 3014, 3015, 3016, 3017, 3018, 3019, 3020, 3021]",679,9138,92.56949004158459,40,40,0.054532836548797994,"[{'id': 2, 'label': 'Z.P3', 'text': 'Das Wissen einer KI kann eine deutlich hoehere Menge erreichen, als das Wissen eines Menschen. '}, {'id': 3, 'label': 'Z.P3', 'text': 'Eine KI kann mehr Wissen als ein Mensch'}, {'id': 25, 'label': 'Z.P3-1', 'text': ' Allerdings werden die KIs von Menschen programmiert. Insofern ist die Fehlerquote mindestens genauso hoch.'}, {'id': 84, 'label': 'Z.P6', 'text': 'KI sind praeziser '}, {'id': 85, 'label': 'Z.P2', 'text': 'KI sind objektiv '}, {'id': 86, 'label': 'Z.P2', 'text': 'KI sind nicht bestechbar'}, {'id': 115, 'label': 'Z.P6', 'text': 'Bessere Diagnose, quasi frei von Vorurteilen.'}, {'id': 119, 'label': 'Z.P6', 'text': 'Die Praezision der Diagnose steigt, wenn menschliches, also fehlerhaftes, Urteilsvermoegen weitestgehend abgekoppelt werden.'}, {'id': 148, 'label': 'Z.P6', 'text': 'Ich finde Aerzte sollen durch KI ersetzt werden, weil Menschen fehlbar sind'}, {'id': 154, 'label': 'Z.P2', 'text': ' und das unparteiische Verhalten gegenueber der Patienten '}]"
11,142,2,Man koennte auch das Medizin Studium zugaenglicher machen,['Z.P4-1'],MEDAI,"[['Greeting_Message'], ['Z.K7'], ['intro_32', 'Z.K7', 'intro_56', 'Z.K7-1'], ['CON_NZARG'], ['intro_61'], ['Z.P1-1'], ['intro_1', 'z_trans_13', 'Z.P1'], ['Z.K1'], ['intro_62'], ['Z.K10'], ['intro_2', 'z_trans_13', 'Z.P2'], ['Z.K1'], ['intro_61'], ['Z.K1'], ['intro_1', 'z_trans_12', 'Z.P4']]","[5, 83, 108, 109, 131, 202, 203, 204, 205, 280, 281, 282, 405, 573, 593, 1045, 1236, 1277, 2978, 2979, 2980, 2981, 2982, 2983, 2984, 2985, 2986, 2987, 2988, 2989, 2990, 2991, 2992, 2993, 2994, 2995, 2996, 2997, 2998, 2999]",852,9138,90.67629678266579,40,40,0.04257103135336422,"[{'id': 1, 'label': 'Z.P1-1-1', 'text': 'werden dann Krankenpfleger besser bezahlt?'}, {'id': 5, 'label': 'Z.P4-1', 'text': 'Aber ist es realistisch, dass das Gesundheitssystem besser finanziert wird bevor eine medKI in der Lage ist fundierte Entscheidungen zu treffen?'}, {'id': 8, 'label': 'Z.P1', 'text': 'Der Trend geht ohnehin weg von kleinen Landarztpraxen und hin zu medizinischen Versorgungszentren'}, {'id': 12, 'label': 'Z.P4', 'text': 'Die MedKI kann unterstuetzen, den Mangel an Aerzten entgegenzuwirken. Durch den demographischen Wandel wird es mehr kranke und alte Menschen geben. Dadurch brauchen wir mehr Aerzte'}, {'id': 24, 'label': 'Z.P1', 'text': 'Aerzte sind doch auch Rund um die Uhr erreichbar?! Dafuer werden Sie auch dementsprechend bezahlt. Auf dem Land natuerlich nicht, aber eine KI koennte auch nicht ohne Beaufsichtigung das Krankenhaus leiten'}, {'id': 83, 'label': 'Z.P4-1', 'text': 'Dann sollen die Unis mehr Medizin Plaetze anbieten dann gibt es mehr Aerzte '}, {'id': 100, 'label': 'Z.P1', 'text': 'Mit medKI gibt es immerhin genug Aerztinnen, die jetzt fehlen?'}, {'id': 103, 'label': 'Z.P1-1', 'text': 'Personal wird dann trotzdem benoetigt '}, {'id': 108, 'label': 'Z.P4-1', 'text': 'Man koennte auch das Medizin Studium zugaenglicher machen'}, {'id': 109, 'label': 'Z.P4-1', 'text': 'Anstelle der KI kann man auch das Medizin Studium zugaenglicher machen'}]"
12,147,2,Patientinnen sollten waehlen koennen zwischen KI und realen Personen ,['Z.K3-1'],MEDAI,"[['Greeting_Message'], ['Z.K7'], ['intro_32', 'Z.K7', 'intro_56', 'Z.K7-1'], ['CON_NZARG'], ['intro_61'], ['Z.P1-1'], ['intro_1', 'z_trans_13', 'Z.P1'], ['Z.K1'], ['intro_62'], ['Z.K10'], ['intro_2', 'z_trans_13', 'Z.P2'], ['Z.K1'], ['intro_61'], ['Z.K1'], ['intro_1', 'z_trans_12', 'Z.P4'], ['Z.P4-1'], ['intro_61'], ['Z.P4-1'], ['intro_2', 'z_trans_2', 'Z.P3'], ['Z.K8'], ['intro_61'], ['Z.K6'], ['intro_1', 'z_trans_11', 'Z.P5'], ['NZ.K9'], ['intro_27', 'Z.K3', 'intro_47', 'Z.K3-1']]","[113, 382, 824, 1254, 1258, 1338, 3638, 3639, 3640, 3641, 3642, 3643, 3644, 3645, 3646, 3647, 3648, 3649, 3650, 3651, 3652, 3653, 3654, 3655, 3656, 3657, 3658, 3659]",1251,9138,86.30991464215364,28,28,0.019317966506637106,"[{'id': 0, 'label': 'Z.K1', 'text': 'Ein bot kannzwischenmaennschliche Interaktion nicht ersetzen '}, {'id': 7, 'label': 'Z.K1', 'text': 'Nein, medizinische Behandlung sollte meiner Meinung nach auf persoenlicher Ebene stattfinden, denn viele Krankeiten nur durch ausfuehrliche Anamnese aufgedeckt werden koennen und zum Teil psychologisch behaftet sind'}, {'id': 11, 'label': 'Z.K7', 'text': 'Ein Menscv kann interagieren und auf andere Menschen eingehen. Wie man an dir merkt, kann da KI nicht'}, {'id': 20, 'label': 'Z.K7', 'text': 'Um Patienten richtig behandeln zu koennen, muss der Arzt wichtige Entscheidungen treffen, welche womoeglich ueber Leben und Tod entscheiden. Dazu ist nur ein Mensch in der Lage, welcher sich in die Lage des Patienten versetzen kann.'}, {'id': 23, 'label': 'Z.K10', 'text': 'Das aendert jedoch nichts daran, dass viele Patienten sich nicht von einer KI behandeln lassen wollen.'}, {'id': 26, 'label': 'Z.K1', 'text': 'Der Persoenliche Kontakt zwischen dem Artzt und dem Patienten ist sehr wichtig, sowohl fuer Artzt als auch Patient. Der Patient kommt sich nicht so vor wie in einem Fastfood Resturant in dem er nur abgefertigt wird sondern mit einem richtigen Menschen als gegen ueber fuehlt er sich Wertgeschaetzt und versorgt, was auch positiv zur Heiling beitragen kann'}, {'id': 27, 'label': 'Z.K1', 'text': 'Eine KI kann aber niemals einen Menschen ersetzten egal wie gut programmiert sie ist, sie wird nie die Menschliche Fuersorge ersetzten koennen'}, {'id': 28, 'label': 'Z.K1', 'text': 'Selbst wenn die KI ausgebildet ist um auch emotional fuer den Menschen zu sorgen, so ist das nicht die selbe Fuersorge und emotionale Bindung wie sie zwischen zwei Menschen entstehen kann. Niemand wird jemals ein Geraet als Bezugs Person sehen da fehlen die echten Gefuehle und selbst gemachte Erfahrungen aus der Realen Welt '}, {'id': 30, 'label': 'Z.K7', 'text': 'Sie kann zwar lernen weiss aber nicht das fehl Entscheidungen auch eine emotionale Erfahrung mit sich bringen welche wichtig sind fuer die Ethik eines Mediziners und Grundlegend zur Entwichlung eines guten Artztes '}, {'id': 31, 'label': 'Z.K1', 'text': 'Das ist ja noch schlechter, man wuerde Patienten mit kleineren Problemen diskriminieren und ihnen das Geguehl geben dass sie weniger Beruecksichtigt werden als Patienten mit schlimmeren Problemen '}]"
13,148,2,Aerztinnen als reale Personen sind nicht eins zu eins durch KI zu ersetzen,['Z.K1'],MEDAI,"[['Greeting_Message'], ['Z.K7'], ['intro_32', 'Z.K7', 'intro_56', 'Z.K7-1'], ['CON_NZARG'], ['intro_61'], ['Z.P1-1'], ['intro_1', 'z_trans_13', 'Z.P1'], ['Z.K1'], ['intro_62'], ['Z.K10'], ['intro_2', 'z_trans_13', 'Z.P2'], ['Z.K1'], ['intro_61'], ['Z.K1'], ['intro_1', 'z_trans_12', 'Z.P4'], ['Z.P4-1'], ['intro_61'], ['Z.P4-1'], ['intro_2', 'z_trans_2', 'Z.P3'], ['Z.K8'], ['intro_61'], ['Z.K6'], ['intro_1', 'z_trans_11', 'Z.P5'], ['NZ.K9'], ['intro_27', 'Z.K3', 'intro_47', 'Z.K3-1'], ['Z.K3-1'], ['intro_28', 'Z.K3-1-1', 'intro_3', 'Z.K3-1-1-1']]","[0, 7, 26, 27, 28, 31, 32, 60, 63, 64, 70, 87, 96, 97, 104, 106, 107, 114, 198, 199, 206, 207, 208, 209, 258, 259, 260, 273, 275, 278, 322, 327, 380, 431, 448, 472, 473, 495, 520, 524, 527, 537, 582, 636, 638, 651, 652, 653, 654, 691, 692, 726, 729, 730, 758, 759, 760, 761, 768, 790, 802, 808, 874, 904, 957, 964, 999, 1094, 1121, 1177, 1193, 1239, 1242, 1263, 1275, 1315, 1317, 1321, 1343, 1344, 1346, 1356, 1391, 1443, 1467, 1468, 3330, 3331, 3332, 3333, 3334, 3335, 3336, 3337, 3338, 3339, 3340, 3341, 3342, 3343, 3344, 3345, 3346, 3347, 3348, 3349, 3350, 3351]",1251,9138,86.30991464215364,108,108,0.07451215652560027,"[{'id': 0, 'label': 'Z.K1', 'text': 'Ein bot kannzwischenmaennschliche Interaktion nicht ersetzen '}, {'id': 7, 'label': 'Z.K1', 'text': 'Nein, medizinische Behandlung sollte meiner Meinung nach auf persoenlicher Ebene stattfinden, denn viele Krankeiten nur durch ausfuehrliche Anamnese aufgedeckt werden koennen und zum Teil psychologisch behaftet sind'}, {'id': 11, 'label': 'Z.K7', 'text': 'Ein Menscv kann interagieren und auf andere Menschen eingehen. Wie man an dir merkt, kann da KI nicht'}, {'id': 20, 'label': 'Z.K7', 'text': 'Um Patienten richtig behandeln zu koennen, muss der Arzt wichtige Entscheidungen treffen, welche womoeglich ueber Leben und Tod entscheiden. Dazu ist nur ein Mensch in der Lage, welcher sich in die Lage des Patienten versetzen kann.'}, {'id': 23, 'label': 'Z.K10', 'text': 'Das aendert jedoch nichts daran, dass viele Patienten sich nicht von einer KI behandeln lassen wollen.'}, {'id': 26, 'label': 'Z.K1', 'text': 'Der Persoenliche Kontakt zwischen dem Artzt und dem Patienten ist sehr wichtig, sowohl fuer Artzt als auch Patient. Der Patient kommt sich nicht so vor wie in einem Fastfood Resturant in dem er nur abgefertigt wird sondern mit einem richtigen Menschen als gegen ueber fuehlt er sich Wertgeschaetzt und versorgt, was auch positiv zur Heiling beitragen kann'}, {'id': 27, 'label': 'Z.K1', 'text': 'Eine KI kann aber niemals einen Menschen ersetzten egal wie gut programmiert sie ist, sie wird nie die Menschliche Fuersorge ersetzten koennen'}, {'id': 28, 'label': 'Z.K1', 'text': 'Selbst wenn die KI ausgebildet ist um auch emotional fuer den Menschen zu sorgen, so ist das nicht die selbe Fuersorge und emotionale Bindung wie sie zwischen zwei Menschen entstehen kann. Niemand wird jemals ein Geraet als Bezugs Person sehen da fehlen die echten Gefuehle und selbst gemachte Erfahrungen aus der Realen Welt '}, {'id': 30, 'label': 'Z.K7', 'text': 'Sie kann zwar lernen weiss aber nicht das fehl Entscheidungen auch eine emotionale Erfahrung mit sich bringen welche wichtig sind fuer die Ethik eines Mediziners und Grundlegend zur Entwichlung eines guten Artztes '}, {'id': 31, 'label': 'Z.K1', 'text': 'Das ist ja noch schlechter, man wuerde Patienten mit kleineren Problemen diskriminieren und ihnen das Geguehl geben dass sie weniger Beruecksichtigt werden als Patienten mit schlimmeren Problemen '}]"
14,161,1,"An dieser Stelle kann Fachpersonal eingreifen. Zudem kann die Software so eingestellt sein, das Sprachverstaendnis der behandelten Person in den Bericht miteinzubeziehen.",['Z.K5-1'],MEDAI,"[['Greeting_Message'], ['Z.P6'], ['intro_61'], ['OTHER'], ['intro_3', 'z_trans_12', 'Z.P1-1'], ['FAQ.G1'], ['intro_62'], ['OTHER'], ['intro_1', 'z_trans_2', 'Z.K18'], ['OTHER'], ['intro_62'], ['OTHER'], ['intro_3', 'z_trans_12', 'Z.K7'], ['OTHER'], ['intro_62'], ['OTHER'], ['intro_2', 'z_trans_13', 'Z.K1'], ['DISSENT'], ['intro_62'], ['Z.K1-1'], ['intro_1', 'z_trans_13', 'Z.K2'], ['OTHER'], ['intro_61'], ['OTHER'], ['intro_2', 'z_trans_13', 'Z.K5']]","[80, 117, 269, 270, 873, 875, 1376, 3822, 3823, 3824, 3825, 3826, 3827, 3828, 3829, 3830, 3831, 3832, 3833, 3834, 3835, 3836, 3837, 3838, 3839, 3840, 3841, 3842, 3843]",1251,9138,86.30991464215364,29,29,0.020007893881874145,"[{'id': 0, 'label': 'Z.K1', 'text': 'Ein bot kannzwischenmaennschliche Interaktion nicht ersetzen '}, {'id': 7, 'label': 'Z.K1', 'text': 'Nein, medizinische Behandlung sollte meiner Meinung nach auf persoenlicher Ebene stattfinden, denn viele Krankeiten nur durch ausfuehrliche Anamnese aufgedeckt werden koennen und zum Teil psychologisch behaftet sind'}, {'id': 11, 'label': 'Z.K7', 'text': 'Ein Menscv kann interagieren und auf andere Menschen eingehen. Wie man an dir merkt, kann da KI nicht'}, {'id': 20, 'label': 'Z.K7', 'text': 'Um Patienten richtig behandeln zu koennen, muss der Arzt wichtige Entscheidungen treffen, welche womoeglich ueber Leben und Tod entscheiden. Dazu ist nur ein Mensch in der Lage, welcher sich in die Lage des Patienten versetzen kann.'}, {'id': 23, 'label': 'Z.K10', 'text': 'Das aendert jedoch nichts daran, dass viele Patienten sich nicht von einer KI behandeln lassen wollen.'}, {'id': 26, 'label': 'Z.K1', 'text': 'Der Persoenliche Kontakt zwischen dem Artzt und dem Patienten ist sehr wichtig, sowohl fuer Artzt als auch Patient. Der Patient kommt sich nicht so vor wie in einem Fastfood Resturant in dem er nur abgefertigt wird sondern mit einem richtigen Menschen als gegen ueber fuehlt er sich Wertgeschaetzt und versorgt, was auch positiv zur Heiling beitragen kann'}, {'id': 27, 'label': 'Z.K1', 'text': 'Eine KI kann aber niemals einen Menschen ersetzten egal wie gut programmiert sie ist, sie wird nie die Menschliche Fuersorge ersetzten koennen'}, {'id': 28, 'label': 'Z.K1', 'text': 'Selbst wenn die KI ausgebildet ist um auch emotional fuer den Menschen zu sorgen, so ist das nicht die selbe Fuersorge und emotionale Bindung wie sie zwischen zwei Menschen entstehen kann. Niemand wird jemals ein Geraet als Bezugs Person sehen da fehlen die echten Gefuehle und selbst gemachte Erfahrungen aus der Realen Welt '}, {'id': 30, 'label': 'Z.K7', 'text': 'Sie kann zwar lernen weiss aber nicht das fehl Entscheidungen auch eine emotionale Erfahrung mit sich bringen welche wichtig sind fuer die Ethik eines Mediziners und Grundlegend zur Entwichlung eines guten Artztes '}, {'id': 31, 'label': 'Z.K1', 'text': 'Das ist ja noch schlechter, man wuerde Patienten mit kleineren Problemen diskriminieren und ihnen das Geguehl geben dass sie weniger Beruecksichtigt werden als Patienten mit schlimmeren Problemen '}]"
15,163,1,"Noch. Wenn unsere Generation alt ist, wird sich das geaendert haben.",['Z.K10-2'],MEDAI,"[['Greeting_Message'], ['Z.P6'], ['intro_61'], ['OTHER'], ['intro_3', 'z_trans_12', 'Z.P1-1'], ['FAQ.G1'], ['intro_62'], ['OTHER'], ['intro_1', 'z_trans_2', 'Z.K18'], ['OTHER'], ['intro_62'], ['OTHER'], ['intro_3', 'z_trans_12', 'Z.K7'], ['OTHER'], ['intro_62'], ['OTHER'], ['intro_2', 'z_trans_13', 'Z.K1'], ['DISSENT'], ['intro_62'], ['Z.K1-1'], ['intro_1', 'z_trans_13', 'Z.K2'], ['OTHER'], ['intro_61'], ['OTHER'], ['intro_2', 'z_trans_13', 'Z.K5'], ['Z.K5-1'], ['intro_62'], ['OTHER'], ['intro_1', 'z_trans_13', 'Z.K10']]","[118, 680, 943, 3932, 3933, 3934, 3935, 3936, 3937, 3938, 3939, 3940, 3941, 3942, 3943, 3944, 3945, 3946, 3947, 3948, 3949, 3950, 3951, 3952, 3953]",1251,9138,86.30991464215364,25,25,0.017248184380925985,"[{'id': 0, 'label': 'Z.K1', 'text': 'Ein bot kannzwischenmaennschliche Interaktion nicht ersetzen '}, {'id': 7, 'label': 'Z.K1', 'text': 'Nein, medizinische Behandlung sollte meiner Meinung nach auf persoenlicher Ebene stattfinden, denn viele Krankeiten nur durch ausfuehrliche Anamnese aufgedeckt werden koennen und zum Teil psychologisch behaftet sind'}, {'id': 11, 'label': 'Z.K7', 'text': 'Ein Menscv kann interagieren und auf andere Menschen eingehen. Wie man an dir merkt, kann da KI nicht'}, {'id': 20, 'label': 'Z.K7', 'text': 'Um Patienten richtig behandeln zu koennen, muss der Arzt wichtige Entscheidungen treffen, welche womoeglich ueber Leben und Tod entscheiden. Dazu ist nur ein Mensch in der Lage, welcher sich in die Lage des Patienten versetzen kann.'}, {'id': 23, 'label': 'Z.K10', 'text': 'Das aendert jedoch nichts daran, dass viele Patienten sich nicht von einer KI behandeln lassen wollen.'}, {'id': 26, 'label': 'Z.K1', 'text': 'Der Persoenliche Kontakt zwischen dem Artzt und dem Patienten ist sehr wichtig, sowohl fuer Artzt als auch Patient. Der Patient kommt sich nicht so vor wie in einem Fastfood Resturant in dem er nur abgefertigt wird sondern mit einem richtigen Menschen als gegen ueber fuehlt er sich Wertgeschaetzt und versorgt, was auch positiv zur Heiling beitragen kann'}, {'id': 27, 'label': 'Z.K1', 'text': 'Eine KI kann aber niemals einen Menschen ersetzten egal wie gut programmiert sie ist, sie wird nie die Menschliche Fuersorge ersetzten koennen'}, {'id': 28, 'label': 'Z.K1', 'text': 'Selbst wenn die KI ausgebildet ist um auch emotional fuer den Menschen zu sorgen, so ist das nicht die selbe Fuersorge und emotionale Bindung wie sie zwischen zwei Menschen entstehen kann. Niemand wird jemals ein Geraet als Bezugs Person sehen da fehlen die echten Gefuehle und selbst gemachte Erfahrungen aus der Realen Welt '}, {'id': 30, 'label': 'Z.K7', 'text': 'Sie kann zwar lernen weiss aber nicht das fehl Entscheidungen auch eine emotionale Erfahrung mit sich bringen welche wichtig sind fuer die Ethik eines Mediziners und Grundlegend zur Entwichlung eines guten Artztes '}, {'id': 31, 'label': 'Z.K1', 'text': 'Das ist ja noch schlechter, man wuerde Patienten mit kleineren Problemen diskriminieren und ihnen das Geguehl geben dass sie weniger Beruecksichtigt werden als Patienten mit schlimmeren Problemen '}]"
16,185,2,Fuer eine flaechendeckende medizinische Versorgung muessen wir die Berufe durch faire Bezahlung attraktiver machen und das Geld nicht in die Entwicklung von kis stecken ,['Z.P4-1'],MEDAI,"[['Greeting_Message'], ['Z.K15-1'], ['intro_61'], ['Z.K7'], ['intro_1', 'z_trans_2', 'Z.P1']]","[5, 83, 108, 109, 131, 202, 203, 204, 205, 280, 281, 282, 405, 573, 593, 1045, 1236, 1277, 2978, 2979, 2980, 2981, 2982, 2983, 2984, 2985, 2986, 2987, 2988, 2989, 2990, 2991, 2992, 2993, 2994, 2995, 2996, 2997, 2998, 2999]",852,9138,90.67629678266579,40,40,0.04257103135336422,"[{'id': 1, 'label': 'Z.P1-1-1', 'text': 'werden dann Krankenpfleger besser bezahlt?'}, {'id': 5, 'label': 'Z.P4-1', 'text': 'Aber ist es realistisch, dass das Gesundheitssystem besser finanziert wird bevor eine medKI in der Lage ist fundierte Entscheidungen zu treffen?'}, {'id': 8, 'label': 'Z.P1', 'text': 'Der Trend geht ohnehin weg von kleinen Landarztpraxen und hin zu medizinischen Versorgungszentren'}, {'id': 12, 'label': 'Z.P4', 'text': 'Die MedKI kann unterstuetzen, den Mangel an Aerzten entgegenzuwirken. Durch den demographischen Wandel wird es mehr kranke und alte Menschen geben. Dadurch brauchen wir mehr Aerzte'}, {'id': 24, 'label': 'Z.P1', 'text': 'Aerzte sind doch auch Rund um die Uhr erreichbar?! Dafuer werden Sie auch dementsprechend bezahlt. Auf dem Land natuerlich nicht, aber eine KI koennte auch nicht ohne Beaufsichtigung das Krankenhaus leiten'}, {'id': 83, 'label': 'Z.P4-1', 'text': 'Dann sollen die Unis mehr Medizin Plaetze anbieten dann gibt es mehr Aerzte '}, {'id': 100, 'label': 'Z.P1', 'text': 'Mit medKI gibt es immerhin genug Aerztinnen, die jetzt fehlen?'}, {'id': 103, 'label': 'Z.P1-1', 'text': 'Personal wird dann trotzdem benoetigt '}, {'id': 108, 'label': 'Z.P4-1', 'text': 'Man koennte auch das Medizin Studium zugaenglicher machen'}, {'id': 109, 'label': 'Z.P4-1', 'text': 'Anstelle der KI kann man auch das Medizin Studium zugaenglicher machen'}]"
17,199,1,Ich denke dass auch ein rund um die Uhr verfuegbares Personal nicht unbedingt preiswert ist,['Z.K8'],MEDAI,"[['Greeting_Message'], ['Z.P1'], ['intro_32', 'Z.P3', 'intro_47', 'Z.P3-1'], ['Z.P1'], ['intro_24', 'Z.P1', 'intro_46', 'Z.K8']]","[54, 55, 58, 62, 110, 139, 238, 239, 240, 241, 242, 243, 244, 245, 525, 526, 530, 538, 587, 588, 706, 722, 737, 773, 793, 858, 908, 3220, 3221, 3222, 3223, 3224, 3225, 3226, 3227, 3228, 3229, 3230, 3231, 3232, 3233, 3234, 3235, 3236, 3237, 3238, 3239, 3240, 3241]",1247,9138,86.35368789669512,49,49,0.033932082653873784,"[{'id': 1, 'label': 'Z.P1-1-1', 'text': 'werden dann Krankenpfleger besser bezahlt?'}, {'id': 5, 'label': 'Z.P4-1', 'text': 'Aber ist es realistisch, dass das Gesundheitssystem besser finanziert wird bevor eine medKI in der Lage ist fundierte Entscheidungen zu treffen?'}, {'id': 8, 'label': 'Z.P1', 'text': 'Der Trend geht ohnehin weg von kleinen Landarztpraxen und hin zu medizinischen Versorgungszentren'}, {'id': 12, 'label': 'Z.P4', 'text': 'Die MedKI kann unterstuetzen, den Mangel an Aerzten entgegenzuwirken. Durch den demographischen Wandel wird es mehr kranke und alte Menschen geben. Dadurch brauchen wir mehr Aerzte'}, {'id': 24, 'label': 'Z.P1', 'text': 'Aerzte sind doch auch Rund um die Uhr erreichbar?! Dafuer werden Sie auch dementsprechend bezahlt. Auf dem Land natuerlich nicht, aber eine KI koennte auch nicht ohne Beaufsichtigung das Krankenhaus leiten'}, {'id': 54, 'label': 'Z.K8', 'text': 'Hohe Kosten '}, {'id': 55, 'label': 'Z.K8', 'text': 'Zu teure technologie'}, {'id': 56, 'label': 'Z.K14', 'text': 'Arbeitslosigkeit des medizinischen Personals'}, {'id': 57, 'label': 'Z.K14', 'text': 'Personal verliert Job '}, {'id': 58, 'label': 'Z.K8', 'text': 'Hohe Energiekosten'}]"
18,256,1,Das wird es generell. Die KI kann helfen Krankenhausstruktur an Beduerfnisse anzupassen ,['Z.P1'],MEDAI,"[['Greeting_Message'], ['Z.P1'], ['intro_61'], ['Z.P1', 'Z.P3'], ['intro_3', 'z_trans_12', 'Z.P1-1']]","[8, 24, 100, 137, 138, 153, 179, 180, 182, 211, 212, 220, 407, 415, 417, 419, 483, 546, 551, 594, 610, 611, 661, 698, 714, 736, 782, 900, 944, 1001, 1160, 1185, 1205, 1206, 1208, 1335, 1428, 1439, 2890, 2891, 2892, 2893, 2894, 2895, 2896, 2897, 2898, 2899, 2900, 2901, 2902, 2903, 2904, 2905, 2906, 2907, 2908, 2909, 2910, 2911]",852,9138,90.67629678266579,60,60,0.06385654703004634,"[{'id': 1, 'label': 'Z.P1-1-1', 'text': 'werden dann Krankenpfleger besser bezahlt?'}, {'id': 5, 'label': 'Z.P4-1', 'text': 'Aber ist es realistisch, dass das Gesundheitssystem besser finanziert wird bevor eine medKI in der Lage ist fundierte Entscheidungen zu treffen?'}, {'id': 8, 'label': 'Z.P1', 'text': 'Der Trend geht ohnehin weg von kleinen Landarztpraxen und hin zu medizinischen Versorgungszentren'}, {'id': 12, 'label': 'Z.P4', 'text': 'Die MedKI kann unterstuetzen, den Mangel an Aerzten entgegenzuwirken. Durch den demographischen Wandel wird es mehr kranke und alte Menschen geben. Dadurch brauchen wir mehr Aerzte'}, {'id': 24, 'label': 'Z.P1', 'text': 'Aerzte sind doch auch Rund um die Uhr erreichbar?! Dafuer werden Sie auch dementsprechend bezahlt. Auf dem Land natuerlich nicht, aber eine KI koennte auch nicht ohne Beaufsichtigung das Krankenhaus leiten'}, {'id': 83, 'label': 'Z.P4-1', 'text': 'Dann sollen die Unis mehr Medizin Plaetze anbieten dann gibt es mehr Aerzte '}, {'id': 100, 'label': 'Z.P1', 'text': 'Mit medKI gibt es immerhin genug Aerztinnen, die jetzt fehlen?'}, {'id': 103, 'label': 'Z.P1-1', 'text': 'Personal wird dann trotzdem benoetigt '}, {'id': 108, 'label': 'Z.P4-1', 'text': 'Man koennte auch das Medizin Studium zugaenglicher machen'}, {'id': 109, 'label': 'Z.P4-1', 'text': 'Anstelle der KI kann man auch das Medizin Studium zugaenglicher machen'}]"
19,258,1,"Kann man bei Menschen auch nicht. Es ist wichtig, dass die KI Fehler wahrnimmt und Raum fuer Kontrolle eingeraeumt wird ",['Z.K18-1'],MEDAI,"[['Greeting_Message'], ['Z.P1'], ['intro_61'], ['Z.P1', 'Z.P3'], ['intro_3', 'z_trans_12', 'Z.P1-1'], ['CONSENT', 'Z.P1'], ['intro_62'], ['Z.P1-1-1'], ['intro_2', 'z_trans_2', 'Z.K18']]","[184, 185, 355, 356, 1212, 1371, 1495, 3594, 3595, 3596, 3597, 3598, 3599, 3600, 3601, 3602, 3603, 3604, 3605, 3606, 3607, 3608, 3609, 3610, 3611, 3612, 3613, 3614, 3615]",819,9138,91.03742613263296,29,29,0.03223547445477846,"[{'id': 6, 'label': 'Z.K6', 'text': 'Medizin ist ein aeusserst komplexes Tehemengebiet. Die Behandlung von Patienten erfordert Erfahrung und ist aeusserst Vielschichtig'}, {'id': 9, 'label': 'Z.K2', 'text': 'Andererseits hat sie ein sehr begrenztes Repertoire, denn anders als ein Mensch kommt MedKI nicht ueber ihre standardisierten Handlungsweisen hinaus'}, {'id': 10, 'label': 'Z.K6', 'text': 'Nein, ich bezihe mich nicht auf Fehler, sondern auf eine begrenzte, eindimensionale Handlungsfaehigkeit '}, {'id': 52, 'label': 'Z.K2', 'text': 'Zu viele Krankheiten moeglich'}, {'id': 53, 'label': 'Z.K4', 'text': 'Systemfehler'}, {'id': 71, 'label': 'Z.K2', 'text': 'Eine KI handelt immer nach der theoretisch besten Loesung, allerdings ist diese nicht immer moralisch Vertretbar '}, {'id': 101, 'label': 'Z.K2', 'text': 'Mir ist bewusst das ein MedKi nicht alle Lebensumstaende der Patientinnen in die Untersuchung mit einbeziehen'}, {'id': 111, 'label': 'Z.K6', 'text': 'Ueber Neueste Diagnostik und Therapie verfuegen Aerztinnen in der Regel auch '}, {'id': 129, 'label': 'Z.K15-1', 'text': 'Aerztinnen sind menschlich und machen Fehler, siehst du das auch so?'}, {'id': 150, 'label': 'Z.K2', 'text': 'Da die Med-KI keine individuellen Diagnosen stellen kann, sondern anhand von Lehrbuchangaben agiert und das Verhalten und die Aussagen der patient*innen nur objektiv betrachtet'}]"
20,260,1,Das stimmt. Doch die KI kann Krankheitsbilder feststellen und Behandelungen ermoeglichen. Menschen koennen die Gefuehlslage beruecksichtigen ,['Z.K7-1'],MEDAI,"[['Greeting_Message'], ['Z.P1'], ['intro_61'], ['Z.P1', 'Z.P3'], ['intro_3', 'z_trans_12', 'Z.P1-1'], ['CONSENT', 'Z.P1'], ['intro_62'], ['Z.P1-1-1'], ['intro_2', 'z_trans_2', 'Z.K18'], ['Z.K18-1'], ['intro_61'], ['Z.K18-1'], ['intro_3', 'z_trans_13', 'Z.K7']]","[186, 403, 783, 954, 1179, 1259, 1373, 3866, 3867, 3868, 3869, 3870, 3871, 3872, 3873, 3874, 3875, 3876, 3877, 3878, 3879, 3880, 3881, 3882, 3883, 3884, 3885, 3886, 3887]",1251,9138,86.30991464215364,29,29,0.020007893881874145,"[{'id': 0, 'label': 'Z.K1', 'text': 'Ein bot kannzwischenmaennschliche Interaktion nicht ersetzen '}, {'id': 7, 'label': 'Z.K1', 'text': 'Nein, medizinische Behandlung sollte meiner Meinung nach auf persoenlicher Ebene stattfinden, denn viele Krankeiten nur durch ausfuehrliche Anamnese aufgedeckt werden koennen und zum Teil psychologisch behaftet sind'}, {'id': 11, 'label': 'Z.K7', 'text': 'Ein Menscv kann interagieren und auf andere Menschen eingehen. Wie man an dir merkt, kann da KI nicht'}, {'id': 20, 'label': 'Z.K7', 'text': 'Um Patienten richtig behandeln zu koennen, muss der Arzt wichtige Entscheidungen treffen, welche womoeglich ueber Leben und Tod entscheiden. Dazu ist nur ein Mensch in der Lage, welcher sich in die Lage des Patienten versetzen kann.'}, {'id': 23, 'label': 'Z.K10', 'text': 'Das aendert jedoch nichts daran, dass viele Patienten sich nicht von einer KI behandeln lassen wollen.'}, {'id': 26, 'label': 'Z.K1', 'text': 'Der Persoenliche Kontakt zwischen dem Artzt und dem Patienten ist sehr wichtig, sowohl fuer Artzt als auch Patient. Der Patient kommt sich nicht so vor wie in einem Fastfood Resturant in dem er nur abgefertigt wird sondern mit einem richtigen Menschen als gegen ueber fuehlt er sich Wertgeschaetzt und versorgt, was auch positiv zur Heiling beitragen kann'}, {'id': 27, 'label': 'Z.K1', 'text': 'Eine KI kann aber niemals einen Menschen ersetzten egal wie gut programmiert sie ist, sie wird nie die Menschliche Fuersorge ersetzten koennen'}, {'id': 28, 'label': 'Z.K1', 'text': 'Selbst wenn die KI ausgebildet ist um auch emotional fuer den Menschen zu sorgen, so ist das nicht die selbe Fuersorge und emotionale Bindung wie sie zwischen zwei Menschen entstehen kann. Niemand wird jemals ein Geraet als Bezugs Person sehen da fehlen die echten Gefuehle und selbst gemachte Erfahrungen aus der Realen Welt '}, {'id': 30, 'label': 'Z.K7', 'text': 'Sie kann zwar lernen weiss aber nicht das fehl Entscheidungen auch eine emotionale Erfahrung mit sich bringen welche wichtig sind fuer die Ethik eines Mediziners und Grundlegend zur Entwichlung eines guten Artztes '}, {'id': 31, 'label': 'Z.K1', 'text': 'Das ist ja noch schlechter, man wuerde Patienten mit kleineren Problemen diskriminieren und ihnen das Geguehl geben dass sie weniger Beruecksichtigt werden als Patienten mit schlimmeren Problemen '}]"
21,280,2,"Man sollte den Aerzteberuf attraktiver gestalten. Es gibt so viele Bewerber fuer das Studium, so wenig werden angenommen. ",['Z.P4-1'],MEDAI,"[['Greeting_Message'], ['Z.K1'], ['intro_61'], ['Z.K1'], ['intro_2', 'z_trans_13', 'Z.P1'], ['NZ.K10'], ['intro_62'], ['NZ.K10'], ['intro_2', 'z_trans_13', 'Z.P2'], ['Z.P4-1'], ['intro_61'], ['Z.P4-1'], ['intro_3', 'z_trans_2', 'Z.P4']]","[5, 83, 108, 109, 131, 202, 203, 204, 205, 280, 281, 282, 405, 573, 593, 1045, 1236, 1277, 2978, 2979, 2980, 2981, 2982, 2983, 2984, 2985, 2986, 2987, 2988, 2989, 2990, 2991, 2992, 2993, 2994, 2995, 2996, 2997, 2998, 2999]",852,9138,90.67629678266579,40,40,0.04257103135336422,"[{'id': 1, 'label': 'Z.P1-1-1', 'text': 'werden dann Krankenpfleger besser bezahlt?'}, {'id': 5, 'label': 'Z.P4-1', 'text': 'Aber ist es realistisch, dass das Gesundheitssystem besser finanziert wird bevor eine medKI in der Lage ist fundierte Entscheidungen zu treffen?'}, {'id': 8, 'label': 'Z.P1', 'text': 'Der Trend geht ohnehin weg von kleinen Landarztpraxen und hin zu medizinischen Versorgungszentren'}, {'id': 12, 'label': 'Z.P4', 'text': 'Die MedKI kann unterstuetzen, den Mangel an Aerzten entgegenzuwirken. Durch den demographischen Wandel wird es mehr kranke und alte Menschen geben. Dadurch brauchen wir mehr Aerzte'}, {'id': 24, 'label': 'Z.P1', 'text': 'Aerzte sind doch auch Rund um die Uhr erreichbar?! Dafuer werden Sie auch dementsprechend bezahlt. Auf dem Land natuerlich nicht, aber eine KI koennte auch nicht ohne Beaufsichtigung das Krankenhaus leiten'}, {'id': 83, 'label': 'Z.P4-1', 'text': 'Dann sollen die Unis mehr Medizin Plaetze anbieten dann gibt es mehr Aerzte '}, {'id': 100, 'label': 'Z.P1', 'text': 'Mit medKI gibt es immerhin genug Aerztinnen, die jetzt fehlen?'}, {'id': 103, 'label': 'Z.P1-1', 'text': 'Personal wird dann trotzdem benoetigt '}, {'id': 108, 'label': 'Z.P4-1', 'text': 'Man koennte auch das Medizin Studium zugaenglicher machen'}, {'id': 109, 'label': 'Z.P4-1', 'text': 'Anstelle der KI kann man auch das Medizin Studium zugaenglicher machen'}]"
22,292,1,Menschen koennen auch Fehler machen ,['Z.K15-1'],MEDAI,"[['Greeting_Message'], ['Z.P1'], ['intro_61'], ['Z.P1'], ['intro_3', 'z_trans_13', 'Z.P1-1'], ['Z.K14-1'], ['intro_62'], ['Z.K14-1'], ['intro_1', 'z_trans_2', 'Z.K18']]","[129, 187, 215, 216, 481, 678, 695, 807, 931, 947, 1105, 1181, 1182, 1183, 1215, 1216, 3550, 3551, 3552, 3553, 3554, 3555, 3556, 3557, 3558, 3559, 3560, 3561, 3562, 3563, 3564, 3565, 3566, 3567, 3568, 3569, 3570, 3571]",819,9138,91.03742613263296,38,38,0.042239587216606256,"[{'id': 6, 'label': 'Z.K6', 'text': 'Medizin ist ein aeusserst komplexes Tehemengebiet. Die Behandlung von Patienten erfordert Erfahrung und ist aeusserst Vielschichtig'}, {'id': 9, 'label': 'Z.K2', 'text': 'Andererseits hat sie ein sehr begrenztes Repertoire, denn anders als ein Mensch kommt MedKI nicht ueber ihre standardisierten Handlungsweisen hinaus'}, {'id': 10, 'label': 'Z.K6', 'text': 'Nein, ich bezihe mich nicht auf Fehler, sondern auf eine begrenzte, eindimensionale Handlungsfaehigkeit '}, {'id': 52, 'label': 'Z.K2', 'text': 'Zu viele Krankheiten moeglich'}, {'id': 53, 'label': 'Z.K4', 'text': 'Systemfehler'}, {'id': 71, 'label': 'Z.K2', 'text': 'Eine KI handelt immer nach der theoretisch besten Loesung, allerdings ist diese nicht immer moralisch Vertretbar '}, {'id': 101, 'label': 'Z.K2', 'text': 'Mir ist bewusst das ein MedKi nicht alle Lebensumstaende der Patientinnen in die Untersuchung mit einbeziehen'}, {'id': 111, 'label': 'Z.K6', 'text': 'Ueber Neueste Diagnostik und Therapie verfuegen Aerztinnen in der Regel auch '}, {'id': 129, 'label': 'Z.K15-1', 'text': 'Aerztinnen sind menschlich und machen Fehler, siehst du das auch so?'}, {'id': 150, 'label': 'Z.K2', 'text': 'Da die Med-KI keine individuellen Diagnosen stellen kann, sondern anhand von Lehrbuchangaben agiert und das Verhalten und die Aussagen der patient*innen nur objektiv betrachtet'}]"
23,330,2,"Dafuer gibt es aber im Moment auch Fachpersonal das nachts arbeitet. Ausserdem muesste gleichzeitig Personal angestellt sein, die die KI ueberwacht",['Z.P1-1'],MEDAI,"[['Greeting_Message'], ['Z.K2'], ['intro_25', 'Z.K18', 'intro_49', 'Z.K18-1'], ['Z.P1-1'], ['intro_23', 'Z.P1-1', 'intro_47', 'Z.P1-1-1'], ['Z.K7'], ['intro_28', 'Z.K7', 'intro_56', 'Z.K7-1'], ['Z.P1-1'], ['intro_24', 'Z.K14', 'intro_49', 'Z.K14-1'], ['Z.K3'], ['intro_23', 'Z.K1', 'intro_56', 'Z.K1-1'], ['Z.K6'], ['intro_61'], ['Z.K6', 'OTHER'], ['intro_3', 'z_trans_13', 'Z.P1']]","[103, 229, 231, 235, 347, 348, 496, 498, 531, 649, 650, 723, 764, 772, 939, 942, 1234, 1292, 1440, 2912, 2913, 2914, 2915, 2916, 2917, 2918, 2919, 2920, 2921, 2922, 2923, 2924, 2925, 2926, 2927, 2928, 2929, 2930, 2931, 2932, 2933]",852,9138,90.67629678266579,41,41,0.04363530713719833,"[{'id': 1, 'label': 'Z.P1-1-1', 'text': 'werden dann Krankenpfleger besser bezahlt?'}, {'id': 5, 'label': 'Z.P4-1', 'text': 'Aber ist es realistisch, dass das Gesundheitssystem besser finanziert wird bevor eine medKI in der Lage ist fundierte Entscheidungen zu treffen?'}, {'id': 8, 'label': 'Z.P1', 'text': 'Der Trend geht ohnehin weg von kleinen Landarztpraxen und hin zu medizinischen Versorgungszentren'}, {'id': 12, 'label': 'Z.P4', 'text': 'Die MedKI kann unterstuetzen, den Mangel an Aerzten entgegenzuwirken. Durch den demographischen Wandel wird es mehr kranke und alte Menschen geben. Dadurch brauchen wir mehr Aerzte'}, {'id': 24, 'label': 'Z.P1', 'text': 'Aerzte sind doch auch Rund um die Uhr erreichbar?! Dafuer werden Sie auch dementsprechend bezahlt. Auf dem Land natuerlich nicht, aber eine KI koennte auch nicht ohne Beaufsichtigung das Krankenhaus leiten'}, {'id': 83, 'label': 'Z.P4-1', 'text': 'Dann sollen die Unis mehr Medizin Plaetze anbieten dann gibt es mehr Aerzte '}, {'id': 100, 'label': 'Z.P1', 'text': 'Mit medKI gibt es immerhin genug Aerztinnen, die jetzt fehlen?'}, {'id': 103, 'label': 'Z.P1-1', 'text': 'Personal wird dann trotzdem benoetigt '}, {'id': 108, 'label': 'Z.P4-1', 'text': 'Man koennte auch das Medizin Studium zugaenglicher machen'}, {'id': 109, 'label': 'Z.P4-1', 'text': 'Anstelle der KI kann man auch das Medizin Studium zugaenglicher machen'}]"
24,332,2,Wenn eine falsche Entscheidung getroffen wird wer haftet dann ,['Z.K3'],MEDAI,"[['Greeting_Message'], ['Z.K7'], ['intro_27', 'Z.K1', 'intro_56', 'Z.K1-1']]","[232, 237, 357, 358, 359, 375, 381, 383, 386, 430, 485, 486, 552, 590, 591, 710, 750, 767, 886, 905, 907, 968, 992, 1003, 1047, 1190, 1243, 1244, 1246, 1312, 1319, 3616, 3617, 3618, 3619, 3620, 3621, 3622, 3623, 3624, 3625, 3626, 3627, 3628, 3629, 3630, 3631, 3632, 3633, 3634, 3635, 3636, 3637]",1251,9138,86.30991464215364,53,53,0.0365661508875631,"[{'id': 0, 'label': 'Z.K1', 'text': 'Ein bot kannzwischenmaennschliche Interaktion nicht ersetzen '}, {'id': 7, 'label': 'Z.K1', 'text': 'Nein, medizinische Behandlung sollte meiner Meinung nach auf persoenlicher Ebene stattfinden, denn viele Krankeiten nur durch ausfuehrliche Anamnese aufgedeckt werden koennen und zum Teil psychologisch behaftet sind'}, {'id': 11, 'label': 'Z.K7', 'text': 'Ein Menscv kann interagieren und auf andere Menschen eingehen. Wie man an dir merkt, kann da KI nicht'}, {'id': 20, 'label': 'Z.K7', 'text': 'Um Patienten richtig behandeln zu koennen, muss der Arzt wichtige Entscheidungen treffen, welche womoeglich ueber Leben und Tod entscheiden. Dazu ist nur ein Mensch in der Lage, welcher sich in die Lage des Patienten versetzen kann.'}, {'id': 23, 'label': 'Z.K10', 'text': 'Das aendert jedoch nichts daran, dass viele Patienten sich nicht von einer KI behandeln lassen wollen.'}, {'id': 26, 'label': 'Z.K1', 'text': 'Der Persoenliche Kontakt zwischen dem Artzt und dem Patienten ist sehr wichtig, sowohl fuer Artzt als auch Patient. Der Patient kommt sich nicht so vor wie in einem Fastfood Resturant in dem er nur abgefertigt wird sondern mit einem richtigen Menschen als gegen ueber fuehlt er sich Wertgeschaetzt und versorgt, was auch positiv zur Heiling beitragen kann'}, {'id': 27, 'label': 'Z.K1', 'text': 'Eine KI kann aber niemals einen Menschen ersetzten egal wie gut programmiert sie ist, sie wird nie die Menschliche Fuersorge ersetzten koennen'}, {'id': 28, 'label': 'Z.K1', 'text': 'Selbst wenn die KI ausgebildet ist um auch emotional fuer den Menschen zu sorgen, so ist das nicht die selbe Fuersorge und emotionale Bindung wie sie zwischen zwei Menschen entstehen kann. Niemand wird jemals ein Geraet als Bezugs Person sehen da fehlen die echten Gefuehle und selbst gemachte Erfahrungen aus der Realen Welt '}, {'id': 30, 'label': 'Z.K7', 'text': 'Sie kann zwar lernen weiss aber nicht das fehl Entscheidungen auch eine emotionale Erfahrung mit sich bringen welche wichtig sind fuer die Ethik eines Mediziners und Grundlegend zur Entwichlung eines guten Artztes '}, {'id': 31, 'label': 'Z.K1', 'text': 'Das ist ja noch schlechter, man wuerde Patienten mit kleineren Problemen diskriminieren und ihnen das Geguehl geben dass sie weniger Beruecksichtigt werden als Patienten mit schlimmeren Problemen '}]"
25,361,2,"Man will aber lieber mit einer Person sprechen, die eventuell schon aehnliche Erfahurngen im menschlichen Leben gemacht hat",['Z.K1'],MEDAI,"[['Greeting_Message'], ['Z.K1'], ['intro_25', 'Z.K1', 'intro_56', 'Z.K1-1']]","[0, 7, 26, 27, 28, 31, 32, 60, 63, 64, 70, 87, 96, 97, 104, 106, 107, 114, 198, 199, 206, 207, 208, 209, 258, 259, 260, 273, 275, 278, 322, 327, 380, 431, 448, 472, 473, 495, 520, 524, 527, 537, 582, 636, 638, 651, 652, 653, 654, 691, 692, 726, 729, 730, 758, 759, 760, 761, 768, 790, 802, 808, 874, 904, 957, 964, 999, 1094, 1121, 1177, 1193, 1239, 1242, 1263, 1275, 1315, 1317, 1321, 1343, 1344, 1346, 1356, 1391, 1443, 1467, 1468, 3330, 3331, 3332, 3333, 3334, 3335, 3336, 3337, 3338, 3339, 3340, 3341, 3342, 3343, 3344, 3345, 3346, 3347, 3348, 3349, 3350, 3351]",1251,9138,86.30991464215364,108,108,0.07451215652560027,"[{'id': 0, 'label': 'Z.K1', 'text': 'Ein bot kannzwischenmaennschliche Interaktion nicht ersetzen '}, {'id': 7, 'label': 'Z.K1', 'text': 'Nein, medizinische Behandlung sollte meiner Meinung nach auf persoenlicher Ebene stattfinden, denn viele Krankeiten nur durch ausfuehrliche Anamnese aufgedeckt werden koennen und zum Teil psychologisch behaftet sind'}, {'id': 11, 'label': 'Z.K7', 'text': 'Ein Menscv kann interagieren und auf andere Menschen eingehen. Wie man an dir merkt, kann da KI nicht'}, {'id': 20, 'label': 'Z.K7', 'text': 'Um Patienten richtig behandeln zu koennen, muss der Arzt wichtige Entscheidungen treffen, welche womoeglich ueber Leben und Tod entscheiden. Dazu ist nur ein Mensch in der Lage, welcher sich in die Lage des Patienten versetzen kann.'}, {'id': 23, 'label': 'Z.K10', 'text': 'Das aendert jedoch nichts daran, dass viele Patienten sich nicht von einer KI behandeln lassen wollen.'}, {'id': 26, 'label': 'Z.K1', 'text': 'Der Persoenliche Kontakt zwischen dem Artzt und dem Patienten ist sehr wichtig, sowohl fuer Artzt als auch Patient. Der Patient kommt sich nicht so vor wie in einem Fastfood Resturant in dem er nur abgefertigt wird sondern mit einem richtigen Menschen als gegen ueber fuehlt er sich Wertgeschaetzt und versorgt, was auch positiv zur Heiling beitragen kann'}, {'id': 27, 'label': 'Z.K1', 'text': 'Eine KI kann aber niemals einen Menschen ersetzten egal wie gut programmiert sie ist, sie wird nie die Menschliche Fuersorge ersetzten koennen'}, {'id': 28, 'label': 'Z.K1', 'text': 'Selbst wenn die KI ausgebildet ist um auch emotional fuer den Menschen zu sorgen, so ist das nicht die selbe Fuersorge und emotionale Bindung wie sie zwischen zwei Menschen entstehen kann. Niemand wird jemals ein Geraet als Bezugs Person sehen da fehlen die echten Gefuehle und selbst gemachte Erfahrungen aus der Realen Welt '}, {'id': 30, 'label': 'Z.K7', 'text': 'Sie kann zwar lernen weiss aber nicht das fehl Entscheidungen auch eine emotionale Erfahrung mit sich bringen welche wichtig sind fuer die Ethik eines Mediziners und Grundlegend zur Entwichlung eines guten Artztes '}, {'id': 31, 'label': 'Z.K1', 'text': 'Das ist ja noch schlechter, man wuerde Patienten mit kleineren Problemen diskriminieren und ihnen das Geguehl geben dass sie weniger Beruecksichtigt werden als Patienten mit schlimmeren Problemen '}]"
26,377,1,"Aber man kann sich darauf grundsaetzlich nicht weniger verlassen als auf menschliche Entscheidungen, welche ja auch fehlerhaft sein koennen ",['Z.K4-1'],MEDAI,"[['Greeting_Message'], ['Z.P6'], ['intro_61'], ['Z.P6'], ['intro_1', 'z_trans_13', 'Z.P1-1'], ['CONSENT'], ['intro_62'], ['OTHER'], ['intro_3', 'z_trans_12', 'Z.K18']]","[217, 268, 484, 1154, 1262, 1375, 1418, 3462, 3463, 3464, 3465, 3466, 3467, 3468, 3469, 3470, 3471, 3472, 3473, 3474, 3475, 3476, 3477, 3478, 3479, 3480, 3481, 3482, 3483]",819,9138,91.03742613263296,29,29,0.03223547445477846,"[{'id': 6, 'label': 'Z.K6', 'text': 'Medizin ist ein aeusserst komplexes Tehemengebiet. Die Behandlung von Patienten erfordert Erfahrung und ist aeusserst Vielschichtig'}, {'id': 9, 'label': 'Z.K2', 'text': 'Andererseits hat sie ein sehr begrenztes Repertoire, denn anders als ein Mensch kommt MedKI nicht ueber ihre standardisierten Handlungsweisen hinaus'}, {'id': 10, 'label': 'Z.K6', 'text': 'Nein, ich bezihe mich nicht auf Fehler, sondern auf eine begrenzte, eindimensionale Handlungsfaehigkeit '}, {'id': 52, 'label': 'Z.K2', 'text': 'Zu viele Krankheiten moeglich'}, {'id': 53, 'label': 'Z.K4', 'text': 'Systemfehler'}, {'id': 71, 'label': 'Z.K2', 'text': 'Eine KI handelt immer nach der theoretisch besten Loesung, allerdings ist diese nicht immer moralisch Vertretbar '}, {'id': 101, 'label': 'Z.K2', 'text': 'Mir ist bewusst das ein MedKi nicht alle Lebensumstaende der Patientinnen in die Untersuchung mit einbeziehen'}, {'id': 111, 'label': 'Z.K6', 'text': 'Ueber Neueste Diagnostik und Therapie verfuegen Aerztinnen in der Regel auch '}, {'id': 129, 'label': 'Z.K15-1', 'text': 'Aerztinnen sind menschlich und machen Fehler, siehst du das auch so?'}, {'id': 150, 'label': 'Z.K2', 'text': 'Da die Med-KI keine individuellen Diagnosen stellen kann, sondern anhand von Lehrbuchangaben agiert und das Verhalten und die Aussagen der patient*innen nur objektiv betrachtet'}]"
27,379,1,KI kann auch Emotionen wahrnehmen. Durch Patientenverfuegungen etc koennen Patientinnen Entscheidungen rationalisieren. In Grenzfaellen koennen weiterhin Menschen hinzugezogen werden ,['Z.K5-1'],MEDAI,"[['Greeting_Message'], ['Z.P6'], ['intro_61'], ['Z.P6'], ['intro_1', 'z_trans_13', 'Z.P1-1'], ['CONSENT'], ['intro_62'], ['OTHER'], ['intro_3', 'z_trans_12', 'Z.K18'], ['Z.K4-1'], ['intro_61'], ['OTHER'], ['intro_2', 'z_trans_13', 'Z.K7']]","[80, 117, 269, 270, 873, 875, 1376, 3822, 3823, 3824, 3825, 3826, 3827, 3828, 3829, 3830, 3831, 3832, 3833, 3834, 3835, 3836, 3837, 3838, 3839, 3840, 3841, 3842, 3843]",1251,9138,86.30991464215364,29,29,0.020007893881874145,"[{'id': 0, 'label': 'Z.K1', 'text': 'Ein bot kannzwischenmaennschliche Interaktion nicht ersetzen '}, {'id': 7, 'label': 'Z.K1', 'text': 'Nein, medizinische Behandlung sollte meiner Meinung nach auf persoenlicher Ebene stattfinden, denn viele Krankeiten nur durch ausfuehrliche Anamnese aufgedeckt werden koennen und zum Teil psychologisch behaftet sind'}, {'id': 11, 'label': 'Z.K7', 'text': 'Ein Menscv kann interagieren und auf andere Menschen eingehen. Wie man an dir merkt, kann da KI nicht'}, {'id': 20, 'label': 'Z.K7', 'text': 'Um Patienten richtig behandeln zu koennen, muss der Arzt wichtige Entscheidungen treffen, welche womoeglich ueber Leben und Tod entscheiden. Dazu ist nur ein Mensch in der Lage, welcher sich in die Lage des Patienten versetzen kann.'}, {'id': 23, 'label': 'Z.K10', 'text': 'Das aendert jedoch nichts daran, dass viele Patienten sich nicht von einer KI behandeln lassen wollen.'}, {'id': 26, 'label': 'Z.K1', 'text': 'Der Persoenliche Kontakt zwischen dem Artzt und dem Patienten ist sehr wichtig, sowohl fuer Artzt als auch Patient. Der Patient kommt sich nicht so vor wie in einem Fastfood Resturant in dem er nur abgefertigt wird sondern mit einem richtigen Menschen als gegen ueber fuehlt er sich Wertgeschaetzt und versorgt, was auch positiv zur Heiling beitragen kann'}, {'id': 27, 'label': 'Z.K1', 'text': 'Eine KI kann aber niemals einen Menschen ersetzten egal wie gut programmiert sie ist, sie wird nie die Menschliche Fuersorge ersetzten koennen'}, {'id': 28, 'label': 'Z.K1', 'text': 'Selbst wenn die KI ausgebildet ist um auch emotional fuer den Menschen zu sorgen, so ist das nicht die selbe Fuersorge und emotionale Bindung wie sie zwischen zwei Menschen entstehen kann. Niemand wird jemals ein Geraet als Bezugs Person sehen da fehlen die echten Gefuehle und selbst gemachte Erfahrungen aus der Realen Welt '}, {'id': 30, 'label': 'Z.K7', 'text': 'Sie kann zwar lernen weiss aber nicht das fehl Entscheidungen auch eine emotionale Erfahrung mit sich bringen welche wichtig sind fuer die Ethik eines Mediziners und Grundlegend zur Entwichlung eines guten Artztes '}, {'id': 31, 'label': 'Z.K1', 'text': 'Das ist ja noch schlechter, man wuerde Patienten mit kleineren Problemen diskriminieren und ihnen das Geguehl geben dass sie weniger Beruecksichtigt werden als Patienten mit schlimmeren Problemen '}]"
28,387,2,"Ich glaube nicht, dass sie sich Schritt fuer Schritt daran gewoehnen werden. Es wird eher auf Ablehung stossen.",['Z.K10'],MEDAI,"[['Greeting_Message'], ['Z.K1'], ['intro_61'], ['Z.K14'], ['intro_2', 'z_trans_12', 'Z.P1'], ['CONSENT', 'Z.K1'], ['intro_26', 'Z.K10', 'intro_56', 'Z.K10-2']]","[23, 51, 105, 132, 170, 276, 277, 376, 390, 391, 532, 541, 701, 713, 746, 794, 795, 804, 859, 901, 911, 993, 1016, 1169, 1240, 1332, 1466, 1491, 1504, 3888, 3889, 3890, 3891, 3892, 3893, 3894, 3895, 3896, 3897, 3898, 3899, 3900, 3901, 3902, 3903, 3904, 3905, 3906, 3907, 3908, 3909]",1251,9138,86.30991464215364,51,51,0.03518629613708902,"[{'id': 0, 'label': 'Z.K1', 'text': 'Ein bot kannzwischenmaennschliche Interaktion nicht ersetzen '}, {'id': 7, 'label': 'Z.K1', 'text': 'Nein, medizinische Behandlung sollte meiner Meinung nach auf persoenlicher Ebene stattfinden, denn viele Krankeiten nur durch ausfuehrliche Anamnese aufgedeckt werden koennen und zum Teil psychologisch behaftet sind'}, {'id': 11, 'label': 'Z.K7', 'text': 'Ein Menscv kann interagieren und auf andere Menschen eingehen. Wie man an dir merkt, kann da KI nicht'}, {'id': 20, 'label': 'Z.K7', 'text': 'Um Patienten richtig behandeln zu koennen, muss der Arzt wichtige Entscheidungen treffen, welche womoeglich ueber Leben und Tod entscheiden. Dazu ist nur ein Mensch in der Lage, welcher sich in die Lage des Patienten versetzen kann.'}, {'id': 23, 'label': 'Z.K10', 'text': 'Das aendert jedoch nichts daran, dass viele Patienten sich nicht von einer KI behandeln lassen wollen.'}, {'id': 26, 'label': 'Z.K1', 'text': 'Der Persoenliche Kontakt zwischen dem Artzt und dem Patienten ist sehr wichtig, sowohl fuer Artzt als auch Patient. Der Patient kommt sich nicht so vor wie in einem Fastfood Resturant in dem er nur abgefertigt wird sondern mit einem richtigen Menschen als gegen ueber fuehlt er sich Wertgeschaetzt und versorgt, was auch positiv zur Heiling beitragen kann'}, {'id': 27, 'label': 'Z.K1', 'text': 'Eine KI kann aber niemals einen Menschen ersetzten egal wie gut programmiert sie ist, sie wird nie die Menschliche Fuersorge ersetzten koennen'}, {'id': 28, 'label': 'Z.K1', 'text': 'Selbst wenn die KI ausgebildet ist um auch emotional fuer den Menschen zu sorgen, so ist das nicht die selbe Fuersorge und emotionale Bindung wie sie zwischen zwei Menschen entstehen kann. Niemand wird jemals ein Geraet als Bezugs Person sehen da fehlen die echten Gefuehle und selbst gemachte Erfahrungen aus der Realen Welt '}, {'id': 30, 'label': 'Z.K7', 'text': 'Sie kann zwar lernen weiss aber nicht das fehl Entscheidungen auch eine emotionale Erfahrung mit sich bringen welche wichtig sind fuer die Ethik eines Mediziners und Grundlegend zur Entwichlung eines guten Artztes '}, {'id': 31, 'label': 'Z.K1', 'text': 'Das ist ja noch schlechter, man wuerde Patienten mit kleineren Problemen diskriminieren und ihnen das Geguehl geben dass sie weniger Beruecksichtigt werden als Patienten mit schlimmeren Problemen '}]"
29,391,2,"Ja, man sollte mehr Medizinplaetze schaffen, nicht aber Aerzte durch KI ersetzen wollen.",['Z.P4-1'],MEDAI,"[['Greeting_Message'], ['Z.K1'], ['intro_61'], ['Z.K14'], ['intro_2', 'z_trans_12', 'Z.P1'], ['CONSENT', 'Z.K1'], ['intro_26', 'Z.K10', 'intro_56', 'Z.K10-2'], ['Z.K10'], ['intro_62'], ['Z.K10'], ['intro_2', 'z_trans_11', 'Z.P2'], ['Z.K1'], ['intro_61'], ['Z.K7'], ['intro_1', 'z_trans_2', 'Z.P4']]","[5, 83, 108, 109, 131, 202, 203, 204, 205, 280, 281, 282, 405, 573, 593, 1045, 1236, 1277, 2978, 2979, 2980, 2981, 2982, 2983, 2984, 2985, 2986, 2987, 2988, 2989, 2990, 2991, 2992, 2993, 2994, 2995, 2996, 2997, 2998, 2999]",852,9138,90.67629678266579,40,40,0.04257103135336422,"[{'id': 1, 'label': 'Z.P1-1-1', 'text': 'werden dann Krankenpfleger besser bezahlt?'}, {'id': 5, 'label': 'Z.P4-1', 'text': 'Aber ist es realistisch, dass das Gesundheitssystem besser finanziert wird bevor eine medKI in der Lage ist fundierte Entscheidungen zu treffen?'}, {'id': 8, 'label': 'Z.P1', 'text': 'Der Trend geht ohnehin weg von kleinen Landarztpraxen und hin zu medizinischen Versorgungszentren'}, {'id': 12, 'label': 'Z.P4', 'text': 'Die MedKI kann unterstuetzen, den Mangel an Aerzten entgegenzuwirken. Durch den demographischen Wandel wird es mehr kranke und alte Menschen geben. Dadurch brauchen wir mehr Aerzte'}, {'id': 24, 'label': 'Z.P1', 'text': 'Aerzte sind doch auch Rund um die Uhr erreichbar?! Dafuer werden Sie auch dementsprechend bezahlt. Auf dem Land natuerlich nicht, aber eine KI koennte auch nicht ohne Beaufsichtigung das Krankenhaus leiten'}, {'id': 83, 'label': 'Z.P4-1', 'text': 'Dann sollen die Unis mehr Medizin Plaetze anbieten dann gibt es mehr Aerzte '}, {'id': 100, 'label': 'Z.P1', 'text': 'Mit medKI gibt es immerhin genug Aerztinnen, die jetzt fehlen?'}, {'id': 103, 'label': 'Z.P1-1', 'text': 'Personal wird dann trotzdem benoetigt '}, {'id': 108, 'label': 'Z.P4-1', 'text': 'Man koennte auch das Medizin Studium zugaenglicher machen'}, {'id': 109, 'label': 'Z.P4-1', 'text': 'Anstelle der KI kann man auch das Medizin Studium zugaenglicher machen'}]"
30,395,2,Die Bundesregierung sollte mehr Geld in die Medizinausbildung stecken,['Z.P5-1'],MEDAI,"[['Greeting_Message'], ['Z.K1'], ['intro_61'], ['Z.K14'], ['intro_2', 'z_trans_12', 'Z.P1'], ['CONSENT', 'Z.K1'], ['intro_26', 'Z.K10', 'intro_56', 'Z.K10-2'], ['Z.K10'], ['intro_62'], ['Z.K10'], ['intro_2', 'z_trans_11', 'Z.P2'], ['Z.K1'], ['intro_61'], ['Z.K7'], ['intro_1', 'z_trans_2', 'Z.P4'], ['Z.P4-1'], ['intro_61'], ['Z.P4-1'], ['intro_2', 'z_trans_2', 'Z.P3'], ['DISSENT'], ['intro_61'], ['Z.P4-1'], ['intro_3', 'z_trans_13', 'Z.P5']]","[283, 416, 574, 1152, 1353, 3198, 3199, 3200, 3201, 3202, 3203, 3204, 3205, 3206, 3207, 3208, 3209, 3210, 3211, 3212, 3213, 3214, 3215, 3216, 3217, 3218, 3219]",259,9138,97.16568176843948,27,27,0.10129240956555467,"[{'id': 4, 'label': 'Z.P5', 'text': 'Durch Einsparung von Personal bei Aerztinnen, kann mehr fuer Pflegepersonal ausgegeben werden. '}, {'id': 13, 'label': 'Z.P5', 'text': 'Die KI kann von mehreren Nationen entwickelt werden. Dadurch sinken die Kosten'}, {'id': 14, 'label': 'Z.P5', 'text': 'Sobald eine selbst lernende Ki entwickelt wurde, wird das Entwickeln nicht mehr viel kosten'}, {'id': 15, 'label': 'Z.P5', 'text': 'Dafuer kann der First Level Support von Aerzten abgewendet werden und durch KIs uebernommen werden'}, {'id': 218, 'label': 'Z.P5', 'text': 'Eine KI zu warten ist einfacher als ein Medizinstudium'}, {'id': 283, 'label': 'Z.P5-1', 'text': 'Die Bundesregierung sollte mehr Geld in die Medizinausbildung stecken'}, {'id': 406, 'label': 'Z.P5', 'text': ""KI's koennten aber die Pflegekraefte entlasten""}, {'id': 416, 'label': 'Z.P5-1', 'text': 'Warum muss so ein Dienst Geld verdienen, da hier sehr vielen Menschen geholfen werden kann, darf so etwas schon Geld kosten'}, {'id': 574, 'label': 'Z.P5-1', 'text': 'Die Entwicklung der Technologie wird immer teuer sein, das gehoert zu unserem gesellschaftlichen Wandel'}, {'id': 602, 'label': 'Z.P5', 'text': 'KI ist guenstiger '}]"
31,447,2,Das stimmt aber mehrere Artzen werden besser als ein IA,['Z.K6'],MEDAI,"[['Greeting_Message'], ['Z.K2', 'Z.K6'], ['intro_61'], ['Z.K6'], ['intro_2', 'z_trans_13', 'Z.P1'], ['NZ.K10'], ['intro_26', 'Z.P1-1', 'intro_48', 'Z.P1-1-1'], ['OTHER'], ['intro_62'], ['OTHER'], ['intro_2', 'z_trans_2', 'Z.P2'], ['Z.K15'], ['intro_28', 'Z.K15', 'intro_48', 'Z.K15-1']]","[6, 10, 111, 169, 233, 234, 286, 310, 311, 314, 323, 378, 411, 474, 491, 514, 536, 585, 687, 697, 704, 721, 842, 926, 956, 974, 1063, 1168, 1197, 1233, 1235, 1337, 1345, 1417, 1482, 3484, 3485, 3486, 3487, 3488, 3489, 3490, 3491, 3492, 3493, 3494, 3495, 3496, 3497, 3498, 3499, 3500, 3501, 3502, 3503, 3504, 3505]",819,9138,91.03742613263296,57,57,0.06335938082490938,"[{'id': 6, 'label': 'Z.K6', 'text': 'Medizin ist ein aeusserst komplexes Tehemengebiet. Die Behandlung von Patienten erfordert Erfahrung und ist aeusserst Vielschichtig'}, {'id': 9, 'label': 'Z.K2', 'text': 'Andererseits hat sie ein sehr begrenztes Repertoire, denn anders als ein Mensch kommt MedKI nicht ueber ihre standardisierten Handlungsweisen hinaus'}, {'id': 10, 'label': 'Z.K6', 'text': 'Nein, ich bezihe mich nicht auf Fehler, sondern auf eine begrenzte, eindimensionale Handlungsfaehigkeit '}, {'id': 52, 'label': 'Z.K2', 'text': 'Zu viele Krankheiten moeglich'}, {'id': 53, 'label': 'Z.K4', 'text': 'Systemfehler'}, {'id': 71, 'label': 'Z.K2', 'text': 'Eine KI handelt immer nach der theoretisch besten Loesung, allerdings ist diese nicht immer moralisch Vertretbar '}, {'id': 101, 'label': 'Z.K2', 'text': 'Mir ist bewusst das ein MedKi nicht alle Lebensumstaende der Patientinnen in die Untersuchung mit einbeziehen'}, {'id': 111, 'label': 'Z.K6', 'text': 'Ueber Neueste Diagnostik und Therapie verfuegen Aerztinnen in der Regel auch '}, {'id': 129, 'label': 'Z.K15-1', 'text': 'Aerztinnen sind menschlich und machen Fehler, siehst du das auch so?'}, {'id': 150, 'label': 'Z.K2', 'text': 'Da die Med-KI keine individuellen Diagnosen stellen kann, sondern anhand von Lehrbuchangaben agiert und das Verhalten und die Aussagen der patient*innen nur objektiv betrachtet'}]"
32,473,2,"Ich glaube aber, dass eine emphatische Faehigkeit bei Aerzten notwendig ist ",['Z.K1'],MEDAI,"[['Greeting_Message'], ['Z.K1'], ['intro_61'], ['Z.K6'], ['intro_2', 'z_trans_13', 'Z.P1'], ['Z.K2'], ['intro_62'], ['Z.K14'], ['intro_1', 'z_trans_11', 'Z.P2'], ['Z.K7'], ['intro_24', 'Z.K7', 'intro_55', 'Z.K7-1']]","[0, 7, 26, 27, 28, 31, 32, 60, 63, 64, 70, 87, 96, 97, 104, 106, 107, 114, 198, 199, 206, 207, 208, 209, 258, 259, 260, 273, 275, 278, 322, 327, 380, 431, 448, 472, 473, 495, 520, 524, 527, 537, 582, 636, 638, 651, 652, 653, 654, 691, 692, 726, 729, 730, 758, 759, 760, 761, 768, 790, 802, 808, 874, 904, 957, 964, 999, 1094, 1121, 1177, 1193, 1239, 1242, 1263, 1275, 1315, 1317, 1321, 1343, 1344, 1346, 1356, 1391, 1443, 1467, 1468, 3330, 3331, 3332, 3333, 3334, 3335, 3336, 3337, 3338, 3339, 3340, 3341, 3342, 3343, 3344, 3345, 3346, 3347, 3348, 3349, 3350, 3351]",1251,9138,86.30991464215364,108,108,0.07451215652560027,"[{'id': 0, 'label': 'Z.K1', 'text': 'Ein bot kannzwischenmaennschliche Interaktion nicht ersetzen '}, {'id': 7, 'label': 'Z.K1', 'text': 'Nein, medizinische Behandlung sollte meiner Meinung nach auf persoenlicher Ebene stattfinden, denn viele Krankeiten nur durch ausfuehrliche Anamnese aufgedeckt werden koennen und zum Teil psychologisch behaftet sind'}, {'id': 11, 'label': 'Z.K7', 'text': 'Ein Menscv kann interagieren und auf andere Menschen eingehen. Wie man an dir merkt, kann da KI nicht'}, {'id': 20, 'label': 'Z.K7', 'text': 'Um Patienten richtig behandeln zu koennen, muss der Arzt wichtige Entscheidungen treffen, welche womoeglich ueber Leben und Tod entscheiden. Dazu ist nur ein Mensch in der Lage, welcher sich in die Lage des Patienten versetzen kann.'}, {'id': 23, 'label': 'Z.K10', 'text': 'Das aendert jedoch nichts daran, dass viele Patienten sich nicht von einer KI behandeln lassen wollen.'}, {'id': 26, 'label': 'Z.K1', 'text': 'Der Persoenliche Kontakt zwischen dem Artzt und dem Patienten ist sehr wichtig, sowohl fuer Artzt als auch Patient. Der Patient kommt sich nicht so vor wie in einem Fastfood Resturant in dem er nur abgefertigt wird sondern mit einem richtigen Menschen als gegen ueber fuehlt er sich Wertgeschaetzt und versorgt, was auch positiv zur Heiling beitragen kann'}, {'id': 27, 'label': 'Z.K1', 'text': 'Eine KI kann aber niemals einen Menschen ersetzten egal wie gut programmiert sie ist, sie wird nie die Menschliche Fuersorge ersetzten koennen'}, {'id': 28, 'label': 'Z.K1', 'text': 'Selbst wenn die KI ausgebildet ist um auch emotional fuer den Menschen zu sorgen, so ist das nicht die selbe Fuersorge und emotionale Bindung wie sie zwischen zwei Menschen entstehen kann. Niemand wird jemals ein Geraet als Bezugs Person sehen da fehlen die echten Gefuehle und selbst gemachte Erfahrungen aus der Realen Welt '}, {'id': 30, 'label': 'Z.K7', 'text': 'Sie kann zwar lernen weiss aber nicht das fehl Entscheidungen auch eine emotionale Erfahrung mit sich bringen welche wichtig sind fuer die Ethik eines Mediziners und Grundlegend zur Entwichlung eines guten Artztes '}, {'id': 31, 'label': 'Z.K1', 'text': 'Das ist ja noch schlechter, man wuerde Patienten mit kleineren Problemen diskriminieren und ihnen das Geguehl geben dass sie weniger Beruecksichtigt werden als Patienten mit schlimmeren Problemen '}]"
33,503,1,Naja es werden aber nicht weniger Menschen also werden so oder so mehr Mitarbeiter benoetigt ,['Z.P1-1'],MEDAI,"[['Greeting_Message'], ['Z.P4'], ['intro_61'], ['Z.P4'], ['intro_3', 'z_trans_13', 'Z.P1-1']]","[103, 229, 231, 235, 347, 348, 496, 498, 531, 649, 650, 723, 764, 772, 939, 942, 1234, 1292, 1440, 2912, 2913, 2914, 2915, 2916, 2917, 2918, 2919, 2920, 2921, 2922, 2923, 2924, 2925, 2926, 2927, 2928, 2929, 2930, 2931, 2932, 2933]",852,9138,90.67629678266579,41,41,0.04363530713719833,"[{'id': 1, 'label': 'Z.P1-1-1', 'text': 'werden dann Krankenpfleger besser bezahlt?'}, {'id': 5, 'label': 'Z.P4-1', 'text': 'Aber ist es realistisch, dass das Gesundheitssystem besser finanziert wird bevor eine medKI in der Lage ist fundierte Entscheidungen zu treffen?'}, {'id': 8, 'label': 'Z.P1', 'text': 'Der Trend geht ohnehin weg von kleinen Landarztpraxen und hin zu medizinischen Versorgungszentren'}, {'id': 12, 'label': 'Z.P4', 'text': 'Die MedKI kann unterstuetzen, den Mangel an Aerzten entgegenzuwirken. Durch den demographischen Wandel wird es mehr kranke und alte Menschen geben. Dadurch brauchen wir mehr Aerzte'}, {'id': 24, 'label': 'Z.P1', 'text': 'Aerzte sind doch auch Rund um die Uhr erreichbar?! Dafuer werden Sie auch dementsprechend bezahlt. Auf dem Land natuerlich nicht, aber eine KI koennte auch nicht ohne Beaufsichtigung das Krankenhaus leiten'}, {'id': 83, 'label': 'Z.P4-1', 'text': 'Dann sollen die Unis mehr Medizin Plaetze anbieten dann gibt es mehr Aerzte '}, {'id': 100, 'label': 'Z.P1', 'text': 'Mit medKI gibt es immerhin genug Aerztinnen, die jetzt fehlen?'}, {'id': 103, 'label': 'Z.P1-1', 'text': 'Personal wird dann trotzdem benoetigt '}, {'id': 108, 'label': 'Z.P4-1', 'text': 'Man koennte auch das Medizin Studium zugaenglicher machen'}, {'id': 109, 'label': 'Z.P4-1', 'text': 'Anstelle der KI kann man auch das Medizin Studium zugaenglicher machen'}]"
34,505,1,Das gilt genauso fuer Fehleinschaetzungen von Menschen,['Z.K18'],MEDAI,"[['Greeting_Message'], ['Z.P4'], ['intro_61'], ['Z.P4'], ['intro_3', 'z_trans_13', 'Z.P1-1'], ['Z.P1-1'], ['intro_62'], ['Z.P1-1'], ['intro_1', 'z_trans_11', 'Z.K18']]","[330, 349, 350, 432, 712, 1015, 1153, 1175, 1176, 1210, 1238, 1276, 1282, 1285, 1297, 1322, 1446, 3572, 3573, 3574, 3575, 3576, 3577, 3578, 3579, 3580, 3581, 3582, 3583, 3584, 3585, 3586, 3587, 3588, 3589, 3590, 3591, 3592, 3593]",819,9138,91.03742613263296,39,39,0.04335115530125379,"[{'id': 6, 'label': 'Z.K6', 'text': 'Medizin ist ein aeusserst komplexes Tehemengebiet. Die Behandlung von Patienten erfordert Erfahrung und ist aeusserst Vielschichtig'}, {'id': 9, 'label': 'Z.K2', 'text': 'Andererseits hat sie ein sehr begrenztes Repertoire, denn anders als ein Mensch kommt MedKI nicht ueber ihre standardisierten Handlungsweisen hinaus'}, {'id': 10, 'label': 'Z.K6', 'text': 'Nein, ich bezihe mich nicht auf Fehler, sondern auf eine begrenzte, eindimensionale Handlungsfaehigkeit '}, {'id': 52, 'label': 'Z.K2', 'text': 'Zu viele Krankheiten moeglich'}, {'id': 53, 'label': 'Z.K4', 'text': 'Systemfehler'}, {'id': 71, 'label': 'Z.K2', 'text': 'Eine KI handelt immer nach der theoretisch besten Loesung, allerdings ist diese nicht immer moralisch Vertretbar '}, {'id': 101, 'label': 'Z.K2', 'text': 'Mir ist bewusst das ein MedKi nicht alle Lebensumstaende der Patientinnen in die Untersuchung mit einbeziehen'}, {'id': 111, 'label': 'Z.K6', 'text': 'Ueber Neueste Diagnostik und Therapie verfuegen Aerztinnen in der Regel auch '}, {'id': 129, 'label': 'Z.K15-1', 'text': 'Aerztinnen sind menschlich und machen Fehler, siehst du das auch so?'}, {'id': 150, 'label': 'Z.K2', 'text': 'Da die Med-KI keine individuellen Diagnosen stellen kann, sondern anhand von Lehrbuchangaben agiert und das Verhalten und die Aussagen der patient*innen nur objektiv betrachtet'}]"
35,512,1,"Man kann die Entscheidungen ja durch ein Feedback system durch viele unabhaengige aertze weltweit ausfeilen, bevor es verwendet wird. Zertifikate werden unerlaesslich sein",['Z.K18-1'],MEDAI,"[['Greeting_Message'], ['Z.P6'], ['intro_61'], ['Z.P6'], ['intro_3', 'z_trans_11', 'Z.P1-1'], ['OTHER'], ['intro_62'], ['Z.P6'], ['intro_2', 'z_trans_2', 'Z.K18']]","[184, 185, 355, 356, 1212, 1371, 1495, 3594, 3595, 3596, 3597, 3598, 3599, 3600, 3601, 3602, 3603, 3604, 3605, 3606, 3607, 3608, 3609, 3610, 3611, 3612, 3613, 3614, 3615]",819,9138,91.03742613263296,29,29,0.03223547445477846,"[{'id': 6, 'label': 'Z.K6', 'text': 'Medizin ist ein aeusserst komplexes Tehemengebiet. Die Behandlung von Patienten erfordert Erfahrung und ist aeusserst Vielschichtig'}, {'id': 9, 'label': 'Z.K2', 'text': 'Andererseits hat sie ein sehr begrenztes Repertoire, denn anders als ein Mensch kommt MedKI nicht ueber ihre standardisierten Handlungsweisen hinaus'}, {'id': 10, 'label': 'Z.K6', 'text': 'Nein, ich bezihe mich nicht auf Fehler, sondern auf eine begrenzte, eindimensionale Handlungsfaehigkeit '}, {'id': 52, 'label': 'Z.K2', 'text': 'Zu viele Krankheiten moeglich'}, {'id': 53, 'label': 'Z.K4', 'text': 'Systemfehler'}, {'id': 71, 'label': 'Z.K2', 'text': 'Eine KI handelt immer nach der theoretisch besten Loesung, allerdings ist diese nicht immer moralisch Vertretbar '}, {'id': 101, 'label': 'Z.K2', 'text': 'Mir ist bewusst das ein MedKi nicht alle Lebensumstaende der Patientinnen in die Untersuchung mit einbeziehen'}, {'id': 111, 'label': 'Z.K6', 'text': 'Ueber Neueste Diagnostik und Therapie verfuegen Aerztinnen in der Regel auch '}, {'id': 129, 'label': 'Z.K15-1', 'text': 'Aerztinnen sind menschlich und machen Fehler, siehst du das auch so?'}, {'id': 150, 'label': 'Z.K2', 'text': 'Da die Med-KI keine individuellen Diagnosen stellen kann, sondern anhand von Lehrbuchangaben agiert und das Verhalten und die Aussagen der patient*innen nur objektiv betrachtet'}]"
36,515,2,"Ok, wer uebernimmt denn dann den Schadensersatz, wenn Aerzte umsetzen was die medKI entscheidet?",['Z.K3'],MEDAI,"[['Greeting_Message'], ['Z.K3'], ['intro_24', 'Z.K3', 'intro_46', 'Z.K3-1']]","[232, 237, 357, 358, 359, 375, 381, 383, 386, 430, 485, 486, 552, 590, 591, 710, 750, 767, 886, 905, 907, 968, 992, 1003, 1047, 1190, 1243, 1244, 1246, 1312, 1319, 3616, 3617, 3618, 3619, 3620, 3621, 3622, 3623, 3624, 3625, 3626, 3627, 3628, 3629, 3630, 3631, 3632, 3633, 3634, 3635, 3636, 3637]",1251,9138,86.30991464215364,53,53,0.0365661508875631,"[{'id': 0, 'label': 'Z.K1', 'text': 'Ein bot kannzwischenmaennschliche Interaktion nicht ersetzen '}, {'id': 7, 'label': 'Z.K1', 'text': 'Nein, medizinische Behandlung sollte meiner Meinung nach auf persoenlicher Ebene stattfinden, denn viele Krankeiten nur durch ausfuehrliche Anamnese aufgedeckt werden koennen und zum Teil psychologisch behaftet sind'}, {'id': 11, 'label': 'Z.K7', 'text': 'Ein Menscv kann interagieren und auf andere Menschen eingehen. Wie man an dir merkt, kann da KI nicht'}, {'id': 20, 'label': 'Z.K7', 'text': 'Um Patienten richtig behandeln zu koennen, muss der Arzt wichtige Entscheidungen treffen, welche womoeglich ueber Leben und Tod entscheiden. Dazu ist nur ein Mensch in der Lage, welcher sich in die Lage des Patienten versetzen kann.'}, {'id': 23, 'label': 'Z.K10', 'text': 'Das aendert jedoch nichts daran, dass viele Patienten sich nicht von einer KI behandeln lassen wollen.'}, {'id': 26, 'label': 'Z.K1', 'text': 'Der Persoenliche Kontakt zwischen dem Artzt und dem Patienten ist sehr wichtig, sowohl fuer Artzt als auch Patient. Der Patient kommt sich nicht so vor wie in einem Fastfood Resturant in dem er nur abgefertigt wird sondern mit einem richtigen Menschen als gegen ueber fuehlt er sich Wertgeschaetzt und versorgt, was auch positiv zur Heiling beitragen kann'}, {'id': 27, 'label': 'Z.K1', 'text': 'Eine KI kann aber niemals einen Menschen ersetzten egal wie gut programmiert sie ist, sie wird nie die Menschliche Fuersorge ersetzten koennen'}, {'id': 28, 'label': 'Z.K1', 'text': 'Selbst wenn die KI ausgebildet ist um auch emotional fuer den Menschen zu sorgen, so ist das nicht die selbe Fuersorge und emotionale Bindung wie sie zwischen zwei Menschen entstehen kann. Niemand wird jemals ein Geraet als Bezugs Person sehen da fehlen die echten Gefuehle und selbst gemachte Erfahrungen aus der Realen Welt '}, {'id': 30, 'label': 'Z.K7', 'text': 'Sie kann zwar lernen weiss aber nicht das fehl Entscheidungen auch eine emotionale Erfahrung mit sich bringen welche wichtig sind fuer die Ethik eines Mediziners und Grundlegend zur Entwichlung eines guten Artztes '}, {'id': 31, 'label': 'Z.K1', 'text': 'Das ist ja noch schlechter, man wuerde Patienten mit kleineren Problemen diskriminieren und ihnen das Geguehl geben dass sie weniger Beruecksichtigt werden als Patienten mit schlimmeren Problemen '}]"
37,516,2,"Das heisst der Hersteller hat die schuld, wenn Aerzte der medKI (blind?) vertrauen?",['Z.K3'],MEDAI,"[['Greeting_Message'], ['Z.K3'], ['intro_24', 'Z.K3', 'intro_46', 'Z.K3-1'], ['Z.K3'], ['intro_32', 'Z.K3-1-1', 'intro_3', 'Z.K3-1-1-1']]","[232, 237, 357, 358, 359, 375, 381, 383, 386, 430, 485, 486, 552, 590, 591, 710, 750, 767, 886, 905, 907, 968, 992, 1003, 1047, 1190, 1243, 1244, 1246, 1312, 1319, 3616, 3617, 3618, 3619, 3620, 3621, 3622, 3623, 3624, 3625, 3626, 3627, 3628, 3629, 3630, 3631, 3632, 3633, 3634, 3635, 3636, 3637]",1251,9138,86.30991464215364,53,53,0.0365661508875631,"[{'id': 0, 'label': 'Z.K1', 'text': 'Ein bot kannzwischenmaennschliche Interaktion nicht ersetzen '}, {'id': 7, 'label': 'Z.K1', 'text': 'Nein, medizinische Behandlung sollte meiner Meinung nach auf persoenlicher Ebene stattfinden, denn viele Krankeiten nur durch ausfuehrliche Anamnese aufgedeckt werden koennen und zum Teil psychologisch behaftet sind'}, {'id': 11, 'label': 'Z.K7', 'text': 'Ein Menscv kann interagieren und auf andere Menschen eingehen. Wie man an dir merkt, kann da KI nicht'}, {'id': 20, 'label': 'Z.K7', 'text': 'Um Patienten richtig behandeln zu koennen, muss der Arzt wichtige Entscheidungen treffen, welche womoeglich ueber Leben und Tod entscheiden. Dazu ist nur ein Mensch in der Lage, welcher sich in die Lage des Patienten versetzen kann.'}, {'id': 23, 'label': 'Z.K10', 'text': 'Das aendert jedoch nichts daran, dass viele Patienten sich nicht von einer KI behandeln lassen wollen.'}, {'id': 26, 'label': 'Z.K1', 'text': 'Der Persoenliche Kontakt zwischen dem Artzt und dem Patienten ist sehr wichtig, sowohl fuer Artzt als auch Patient. Der Patient kommt sich nicht so vor wie in einem Fastfood Resturant in dem er nur abgefertigt wird sondern mit einem richtigen Menschen als gegen ueber fuehlt er sich Wertgeschaetzt und versorgt, was auch positiv zur Heiling beitragen kann'}, {'id': 27, 'label': 'Z.K1', 'text': 'Eine KI kann aber niemals einen Menschen ersetzten egal wie gut programmiert sie ist, sie wird nie die Menschliche Fuersorge ersetzten koennen'}, {'id': 28, 'label': 'Z.K1', 'text': 'Selbst wenn die KI ausgebildet ist um auch emotional fuer den Menschen zu sorgen, so ist das nicht die selbe Fuersorge und emotionale Bindung wie sie zwischen zwei Menschen entstehen kann. Niemand wird jemals ein Geraet als Bezugs Person sehen da fehlen die echten Gefuehle und selbst gemachte Erfahrungen aus der Realen Welt '}, {'id': 30, 'label': 'Z.K7', 'text': 'Sie kann zwar lernen weiss aber nicht das fehl Entscheidungen auch eine emotionale Erfahrung mit sich bringen welche wichtig sind fuer die Ethik eines Mediziners und Grundlegend zur Entwichlung eines guten Artztes '}, {'id': 31, 'label': 'Z.K1', 'text': 'Das ist ja noch schlechter, man wuerde Patienten mit kleineren Problemen diskriminieren und ihnen das Geguehl geben dass sie weniger Beruecksichtigt werden als Patienten mit schlimmeren Problemen '}]"
38,536,2,Genau. Ich finde es auch im Hinblick auf Patienten unterschiedlichen Alters schwierig eine Akzeptanz der KI zu finden in der Bevoelkerung,['Z.K10'],MEDAI,"[['Greeting_Message'], ['Z.K2'], ['intro_28', 'Z.K8', 'intro_2', 'Z.K8-1'], ['Z.K3'], ['intro_23', 'Z.K3', 'intro_50', 'Z.K3-1']]","[23, 51, 105, 132, 170, 276, 277, 376, 390, 391, 532, 541, 701, 713, 746, 794, 795, 804, 859, 901, 911, 993, 1016, 1169, 1240, 1332, 1466, 1491, 1504, 3888, 3889, 3890, 3891, 3892, 3893, 3894, 3895, 3896, 3897, 3898, 3899, 3900, 3901, 3902, 3903, 3904, 3905, 3906, 3907, 3908, 3909]",1251,9138,86.30991464215364,51,51,0.03518629613708902,"[{'id': 0, 'label': 'Z.K1', 'text': 'Ein bot kannzwischenmaennschliche Interaktion nicht ersetzen '}, {'id': 7, 'label': 'Z.K1', 'text': 'Nein, medizinische Behandlung sollte meiner Meinung nach auf persoenlicher Ebene stattfinden, denn viele Krankeiten nur durch ausfuehrliche Anamnese aufgedeckt werden koennen und zum Teil psychologisch behaftet sind'}, {'id': 11, 'label': 'Z.K7', 'text': 'Ein Menscv kann interagieren und auf andere Menschen eingehen. Wie man an dir merkt, kann da KI nicht'}, {'id': 20, 'label': 'Z.K7', 'text': 'Um Patienten richtig behandeln zu koennen, muss der Arzt wichtige Entscheidungen treffen, welche womoeglich ueber Leben und Tod entscheiden. Dazu ist nur ein Mensch in der Lage, welcher sich in die Lage des Patienten versetzen kann.'}, {'id': 23, 'label': 'Z.K10', 'text': 'Das aendert jedoch nichts daran, dass viele Patienten sich nicht von einer KI behandeln lassen wollen.'}, {'id': 26, 'label': 'Z.K1', 'text': 'Der Persoenliche Kontakt zwischen dem Artzt und dem Patienten ist sehr wichtig, sowohl fuer Artzt als auch Patient. Der Patient kommt sich nicht so vor wie in einem Fastfood Resturant in dem er nur abgefertigt wird sondern mit einem richtigen Menschen als gegen ueber fuehlt er sich Wertgeschaetzt und versorgt, was auch positiv zur Heiling beitragen kann'}, {'id': 27, 'label': 'Z.K1', 'text': 'Eine KI kann aber niemals einen Menschen ersetzten egal wie gut programmiert sie ist, sie wird nie die Menschliche Fuersorge ersetzten koennen'}, {'id': 28, 'label': 'Z.K1', 'text': 'Selbst wenn die KI ausgebildet ist um auch emotional fuer den Menschen zu sorgen, so ist das nicht die selbe Fuersorge und emotionale Bindung wie sie zwischen zwei Menschen entstehen kann. Niemand wird jemals ein Geraet als Bezugs Person sehen da fehlen die echten Gefuehle und selbst gemachte Erfahrungen aus der Realen Welt '}, {'id': 30, 'label': 'Z.K7', 'text': 'Sie kann zwar lernen weiss aber nicht das fehl Entscheidungen auch eine emotionale Erfahrung mit sich bringen welche wichtig sind fuer die Ethik eines Mediziners und Grundlegend zur Entwichlung eines guten Artztes '}, {'id': 31, 'label': 'Z.K1', 'text': 'Das ist ja noch schlechter, man wuerde Patienten mit kleineren Problemen diskriminieren und ihnen das Geguehl geben dass sie weniger Beruecksichtigt werden als Patienten mit schlimmeren Problemen '}]"
39,537,2,Aber medizinisches Wissen und Einfuehlungsvermoegen gehen oftmals Hand in Hand. Auch die Psyche eines Menschen sollte bei physischen Problemen beruecksichtigt werden.,['Z.K7'],MEDAI,"[['Greeting_Message'], ['Z.K2'], ['intro_28', 'Z.K8', 'intro_2', 'Z.K8-1'], ['Z.K3'], ['intro_23', 'Z.K3', 'intro_50', 'Z.K3-1'], ['CONSENT', 'Z.K10'], ['intro_28', 'Z.K10', 'intro_56', 'Z.K10-1']]","[11, 20, 30, 50, 81, 102, 130, 133, 168, 189, 230, 236, 279, 284, 287, 288, 290, 326, 377, 387, 409, 487, 492, 535, 572, 608, 633, 656, 684, 685, 686, 688, 689, 717, 762, 803, 805, 809, 817, 820, 841, 850, 857, 866, 876, 877, 880, 882, 887, 953, 991, 1013, 1041, 1042, 1120, 1178, 1188, 1189, 1228, 1229, 1287, 1316, 1392, 1444, 3844, 3845, 3846, 3847, 3848, 3849, 3850, 3851, 3852, 3853, 3854, 3855, 3856, 3857, 3858, 3859, 3860, 3861, 3862, 3863, 3864, 3865]",1251,9138,86.30991464215364,86,86,0.0593337542703854,"[{'id': 0, 'label': 'Z.K1', 'text': 'Ein bot kannzwischenmaennschliche Interaktion nicht ersetzen '}, {'id': 7, 'label': 'Z.K1', 'text': 'Nein, medizinische Behandlung sollte meiner Meinung nach auf persoenlicher Ebene stattfinden, denn viele Krankeiten nur durch ausfuehrliche Anamnese aufgedeckt werden koennen und zum Teil psychologisch behaftet sind'}, {'id': 11, 'label': 'Z.K7', 'text': 'Ein Menscv kann interagieren und auf andere Menschen eingehen. Wie man an dir merkt, kann da KI nicht'}, {'id': 20, 'label': 'Z.K7', 'text': 'Um Patienten richtig behandeln zu koennen, muss der Arzt wichtige Entscheidungen treffen, welche womoeglich ueber Leben und Tod entscheiden. Dazu ist nur ein Mensch in der Lage, welcher sich in die Lage des Patienten versetzen kann.'}, {'id': 23, 'label': 'Z.K10', 'text': 'Das aendert jedoch nichts daran, dass viele Patienten sich nicht von einer KI behandeln lassen wollen.'}, {'id': 26, 'label': 'Z.K1', 'text': 'Der Persoenliche Kontakt zwischen dem Artzt und dem Patienten ist sehr wichtig, sowohl fuer Artzt als auch Patient. Der Patient kommt sich nicht so vor wie in einem Fastfood Resturant in dem er nur abgefertigt wird sondern mit einem richtigen Menschen als gegen ueber fuehlt er sich Wertgeschaetzt und versorgt, was auch positiv zur Heiling beitragen kann'}, {'id': 27, 'label': 'Z.K1', 'text': 'Eine KI kann aber niemals einen Menschen ersetzten egal wie gut programmiert sie ist, sie wird nie die Menschliche Fuersorge ersetzten koennen'}, {'id': 28, 'label': 'Z.K1', 'text': 'Selbst wenn die KI ausgebildet ist um auch emotional fuer den Menschen zu sorgen, so ist das nicht die selbe Fuersorge und emotionale Bindung wie sie zwischen zwei Menschen entstehen kann. Niemand wird jemals ein Geraet als Bezugs Person sehen da fehlen die echten Gefuehle und selbst gemachte Erfahrungen aus der Realen Welt '}, {'id': 30, 'label': 'Z.K7', 'text': 'Sie kann zwar lernen weiss aber nicht das fehl Entscheidungen auch eine emotionale Erfahrung mit sich bringen welche wichtig sind fuer die Ethik eines Mediziners und Grundlegend zur Entwichlung eines guten Artztes '}, {'id': 31, 'label': 'Z.K1', 'text': 'Das ist ja noch schlechter, man wuerde Patienten mit kleineren Problemen diskriminieren und ihnen das Geguehl geben dass sie weniger Beruecksichtigt werden als Patienten mit schlimmeren Problemen '}]"
40,542,2,"Warum ist der Mangel an Akzeptanz gegenueber unvermeidlicher technischer Fehler ein Problem? Der Mangel an Akzeptanz gegenueber Fehlern ist selbstverstaendlich, da Fehler logischerweise Menschen schaden. ",['Z.K3-1'],MEDAI,"[['Greeting_Message'], ['OTHER', 'Z.K1', 'Z.K3'], ['intro_24', 'Z.K3', 'intro_47', 'Z.K3-1']]","[113, 382, 824, 1254, 1258, 1338, 3638, 3639, 3640, 3641, 3642, 3643, 3644, 3645, 3646, 3647, 3648, 3649, 3650, 3651, 3652, 3653, 3654, 3655, 3656, 3657, 3658, 3659]",1251,9138,86.30991464215364,28,28,0.019317966506637106,"[{'id': 0, 'label': 'Z.K1', 'text': 'Ein bot kannzwischenmaennschliche Interaktion nicht ersetzen '}, {'id': 7, 'label': 'Z.K1', 'text': 'Nein, medizinische Behandlung sollte meiner Meinung nach auf persoenlicher Ebene stattfinden, denn viele Krankeiten nur durch ausfuehrliche Anamnese aufgedeckt werden koennen und zum Teil psychologisch behaftet sind'}, {'id': 11, 'label': 'Z.K7', 'text': 'Ein Menscv kann interagieren und auf andere Menschen eingehen. Wie man an dir merkt, kann da KI nicht'}, {'id': 20, 'label': 'Z.K7', 'text': 'Um Patienten richtig behandeln zu koennen, muss der Arzt wichtige Entscheidungen treffen, welche womoeglich ueber Leben und Tod entscheiden. Dazu ist nur ein Mensch in der Lage, welcher sich in die Lage des Patienten versetzen kann.'}, {'id': 23, 'label': 'Z.K10', 'text': 'Das aendert jedoch nichts daran, dass viele Patienten sich nicht von einer KI behandeln lassen wollen.'}, {'id': 26, 'label': 'Z.K1', 'text': 'Der Persoenliche Kontakt zwischen dem Artzt und dem Patienten ist sehr wichtig, sowohl fuer Artzt als auch Patient. Der Patient kommt sich nicht so vor wie in einem Fastfood Resturant in dem er nur abgefertigt wird sondern mit einem richtigen Menschen als gegen ueber fuehlt er sich Wertgeschaetzt und versorgt, was auch positiv zur Heiling beitragen kann'}, {'id': 27, 'label': 'Z.K1', 'text': 'Eine KI kann aber niemals einen Menschen ersetzten egal wie gut programmiert sie ist, sie wird nie die Menschliche Fuersorge ersetzten koennen'}, {'id': 28, 'label': 'Z.K1', 'text': 'Selbst wenn die KI ausgebildet ist um auch emotional fuer den Menschen zu sorgen, so ist das nicht die selbe Fuersorge und emotionale Bindung wie sie zwischen zwei Menschen entstehen kann. Niemand wird jemals ein Geraet als Bezugs Person sehen da fehlen die echten Gefuehle und selbst gemachte Erfahrungen aus der Realen Welt '}, {'id': 30, 'label': 'Z.K7', 'text': 'Sie kann zwar lernen weiss aber nicht das fehl Entscheidungen auch eine emotionale Erfahrung mit sich bringen welche wichtig sind fuer die Ethik eines Mediziners und Grundlegend zur Entwichlung eines guten Artztes '}, {'id': 31, 'label': 'Z.K1', 'text': 'Das ist ja noch schlechter, man wuerde Patienten mit kleineren Problemen diskriminieren und ihnen das Geguehl geben dass sie weniger Beruecksichtigt werden als Patienten mit schlimmeren Problemen '}]"
41,551,2,Menschen werden es nicht aktzeptieren ,['Z.K10'],MEDAI,"[['Greeting_Message'], ['Z.K3'], ['intro_28', 'Z.K3', 'intro_50', 'Z.K3-1'], ['Z.K7', 'Z.P2'], ['intro_23', 'Z.K7', 'intro_56', 'Z.K7-1'], ['CON_NZARG'], ['intro_27', 'Z.K16', 'intro_57', 'Z.K16-1'], ['FAQ.G1'], ['intro_27', 'Z.K15', 'intro_48', 'Z.K15-1'], ['OTHER'], ['intro_24', 'Z.P1-1', 'intro_49', 'Z.P1-1-1'], ['Z.K16'], ['intro_24', 'Z.K16', 'intro_57', 'z_trans_2', 'Z.P1'], ['Z.K10'], ['intro_28', 'Z.K10', 'intro_55', 'Z.K10-1']]","[23, 51, 105, 132, 170, 276, 277, 376, 390, 391, 532, 541, 701, 713, 746, 794, 795, 804, 859, 901, 911, 993, 1016, 1169, 1240, 1332, 1466, 1491, 1504, 3888, 3889, 3890, 3891, 3892, 3893, 3894, 3895, 3896, 3897, 3898, 3899, 3900, 3901, 3902, 3903, 3904, 3905, 3906, 3907, 3908, 3909]",1251,9138,86.30991464215364,51,51,0.03518629613708902,"[{'id': 0, 'label': 'Z.K1', 'text': 'Ein bot kannzwischenmaennschliche Interaktion nicht ersetzen '}, {'id': 7, 'label': 'Z.K1', 'text': 'Nein, medizinische Behandlung sollte meiner Meinung nach auf persoenlicher Ebene stattfinden, denn viele Krankeiten nur durch ausfuehrliche Anamnese aufgedeckt werden koennen und zum Teil psychologisch behaftet sind'}, {'id': 11, 'label': 'Z.K7', 'text': 'Ein Menscv kann interagieren und auf andere Menschen eingehen. Wie man an dir merkt, kann da KI nicht'}, {'id': 20, 'label': 'Z.K7', 'text': 'Um Patienten richtig behandeln zu koennen, muss der Arzt wichtige Entscheidungen treffen, welche womoeglich ueber Leben und Tod entscheiden. Dazu ist nur ein Mensch in der Lage, welcher sich in die Lage des Patienten versetzen kann.'}, {'id': 23, 'label': 'Z.K10', 'text': 'Das aendert jedoch nichts daran, dass viele Patienten sich nicht von einer KI behandeln lassen wollen.'}, {'id': 26, 'label': 'Z.K1', 'text': 'Der Persoenliche Kontakt zwischen dem Artzt und dem Patienten ist sehr wichtig, sowohl fuer Artzt als auch Patient. Der Patient kommt sich nicht so vor wie in einem Fastfood Resturant in dem er nur abgefertigt wird sondern mit einem richtigen Menschen als gegen ueber fuehlt er sich Wertgeschaetzt und versorgt, was auch positiv zur Heiling beitragen kann'}, {'id': 27, 'label': 'Z.K1', 'text': 'Eine KI kann aber niemals einen Menschen ersetzten egal wie gut programmiert sie ist, sie wird nie die Menschliche Fuersorge ersetzten koennen'}, {'id': 28, 'label': 'Z.K1', 'text': 'Selbst wenn die KI ausgebildet ist um auch emotional fuer den Menschen zu sorgen, so ist das nicht die selbe Fuersorge und emotionale Bindung wie sie zwischen zwei Menschen entstehen kann. Niemand wird jemals ein Geraet als Bezugs Person sehen da fehlen die echten Gefuehle und selbst gemachte Erfahrungen aus der Realen Welt '}, {'id': 30, 'label': 'Z.K7', 'text': 'Sie kann zwar lernen weiss aber nicht das fehl Entscheidungen auch eine emotionale Erfahrung mit sich bringen welche wichtig sind fuer die Ethik eines Mediziners und Grundlegend zur Entwichlung eines guten Artztes '}, {'id': 31, 'label': 'Z.K1', 'text': 'Das ist ja noch schlechter, man wuerde Patienten mit kleineren Problemen diskriminieren und ihnen das Geguehl geben dass sie weniger Beruecksichtigt werden als Patienten mit schlimmeren Problemen '}]"
42,568,1,Dann sollte man erstmal das bestehende System verbessern ,['Z.P4-1'],MEDAI,"[['Greeting_Message'], ['Z.P6'], ['Z.P6'], ['Z.K7-1'], ['Z.P5'], ['NZ.K10'], ['Z.P7']]","[5, 83, 108, 109, 131, 202, 203, 204, 205, 280, 281, 282, 405, 573, 593, 1045, 1236, 1277, 2978, 2979, 2980, 2981, 2982, 2983, 2984, 2985, 2986, 2987, 2988, 2989, 2990, 2991, 2992, 2993, 2994, 2995, 2996, 2997, 2998, 2999]",852,9138,90.67629678266579,40,40,0.04257103135336422,"[{'id': 1, 'label': 'Z.P1-1-1', 'text': 'werden dann Krankenpfleger besser bezahlt?'}, {'id': 5, 'label': 'Z.P4-1', 'text': 'Aber ist es realistisch, dass das Gesundheitssystem besser finanziert wird bevor eine medKI in der Lage ist fundierte Entscheidungen zu treffen?'}, {'id': 8, 'label': 'Z.P1', 'text': 'Der Trend geht ohnehin weg von kleinen Landarztpraxen und hin zu medizinischen Versorgungszentren'}, {'id': 12, 'label': 'Z.P4', 'text': 'Die MedKI kann unterstuetzen, den Mangel an Aerzten entgegenzuwirken. Durch den demographischen Wandel wird es mehr kranke und alte Menschen geben. Dadurch brauchen wir mehr Aerzte'}, {'id': 24, 'label': 'Z.P1', 'text': 'Aerzte sind doch auch Rund um die Uhr erreichbar?! Dafuer werden Sie auch dementsprechend bezahlt. Auf dem Land natuerlich nicht, aber eine KI koennte auch nicht ohne Beaufsichtigung das Krankenhaus leiten'}, {'id': 83, 'label': 'Z.P4-1', 'text': 'Dann sollen die Unis mehr Medizin Plaetze anbieten dann gibt es mehr Aerzte '}, {'id': 100, 'label': 'Z.P1', 'text': 'Mit medKI gibt es immerhin genug Aerztinnen, die jetzt fehlen?'}, {'id': 103, 'label': 'Z.P1-1', 'text': 'Personal wird dann trotzdem benoetigt '}, {'id': 108, 'label': 'Z.P4-1', 'text': 'Man koennte auch das Medizin Studium zugaenglicher machen'}, {'id': 109, 'label': 'Z.P4-1', 'text': 'Anstelle der KI kann man auch das Medizin Studium zugaenglicher machen'}]"
43,570,1,Patienten haetten aber rund um die Uhr Zugang zu medizinischer Beratung ,['Z.P1'],MEDAI,"[['Greeting_Message'], ['Z.P6'], ['Z.P6'], ['Z.K7-1'], ['Z.P5'], ['NZ.K10'], ['Z.P7'], ['Z.P4-1'], ['intro_23', 'Z.P7', 'intro_57', 'z_trans_1', 'Z.P1-1'], ['Z.P5'], ['intro_32', 'Z.P1-1-1', 'intro_4', 'z_trans_1', 'Z.K8']]","[8, 24, 100, 137, 138, 153, 179, 180, 182, 211, 212, 220, 407, 415, 417, 419, 483, 546, 551, 594, 610, 611, 661, 698, 714, 736, 782, 900, 944, 1001, 1160, 1185, 1205, 1206, 1208, 1335, 1428, 1439, 2890, 2891, 2892, 2893, 2894, 2895, 2896, 2897, 2898, 2899, 2900, 2901, 2902, 2903, 2904, 2905, 2906, 2907, 2908, 2909, 2910, 2911]",1247,9138,86.35368789669512,60,60,0.04154948896392708,"[{'id': 1, 'label': 'Z.P1-1-1', 'text': 'werden dann Krankenpfleger besser bezahlt?'}, {'id': 5, 'label': 'Z.P4-1', 'text': 'Aber ist es realistisch, dass das Gesundheitssystem besser finanziert wird bevor eine medKI in der Lage ist fundierte Entscheidungen zu treffen?'}, {'id': 8, 'label': 'Z.P1', 'text': 'Der Trend geht ohnehin weg von kleinen Landarztpraxen und hin zu medizinischen Versorgungszentren'}, {'id': 12, 'label': 'Z.P4', 'text': 'Die MedKI kann unterstuetzen, den Mangel an Aerzten entgegenzuwirken. Durch den demographischen Wandel wird es mehr kranke und alte Menschen geben. Dadurch brauchen wir mehr Aerzte'}, {'id': 24, 'label': 'Z.P1', 'text': 'Aerzte sind doch auch Rund um die Uhr erreichbar?! Dafuer werden Sie auch dementsprechend bezahlt. Auf dem Land natuerlich nicht, aber eine KI koennte auch nicht ohne Beaufsichtigung das Krankenhaus leiten'}, {'id': 54, 'label': 'Z.K8', 'text': 'Hohe Kosten '}, {'id': 55, 'label': 'Z.K8', 'text': 'Zu teure technologie'}, {'id': 56, 'label': 'Z.K14', 'text': 'Arbeitslosigkeit des medizinischen Personals'}, {'id': 57, 'label': 'Z.K14', 'text': 'Personal verliert Job '}, {'id': 58, 'label': 'Z.K8', 'text': 'Hohe Energiekosten'}]"
44,575,2,Oft sind Symptome zusammenhaengend vielleicht kann die Ki das nicht erkennen ,['Z.K6'],MEDAI,"[['Greeting_Message'], ['Z.K7'], ['intro_24', 'Z.K7', 'intro_56', 'Z.K7-1'], ['Z.P6'], ['intro_32', 'Z.K15', 'intro_49', 'Z.K15-1'], ['OTHER'], ['intro_23', 'Z.K4', 'intro_58', 'Z.K4-1']]","[6, 10, 111, 169, 233, 234, 286, 310, 311, 314, 323, 378, 411, 474, 491, 514, 536, 585, 687, 697, 704, 721, 842, 926, 956, 974, 1063, 1168, 1197, 1233, 1235, 1337, 1345, 1417, 1482, 3484, 3485, 3486, 3487, 3488, 3489, 3490, 3491, 3492, 3493, 3494, 3495, 3496, 3497, 3498, 3499, 3500, 3501, 3502, 3503, 3504, 3505]",819,9138,91.03742613263296,57,57,0.06335938082490938,"[{'id': 6, 'label': 'Z.K6', 'text': 'Medizin ist ein aeusserst komplexes Tehemengebiet. Die Behandlung von Patienten erfordert Erfahrung und ist aeusserst Vielschichtig'}, {'id': 9, 'label': 'Z.K2', 'text': 'Andererseits hat sie ein sehr begrenztes Repertoire, denn anders als ein Mensch kommt MedKI nicht ueber ihre standardisierten Handlungsweisen hinaus'}, {'id': 10, 'label': 'Z.K6', 'text': 'Nein, ich bezihe mich nicht auf Fehler, sondern auf eine begrenzte, eindimensionale Handlungsfaehigkeit '}, {'id': 52, 'label': 'Z.K2', 'text': 'Zu viele Krankheiten moeglich'}, {'id': 53, 'label': 'Z.K4', 'text': 'Systemfehler'}, {'id': 71, 'label': 'Z.K2', 'text': 'Eine KI handelt immer nach der theoretisch besten Loesung, allerdings ist diese nicht immer moralisch Vertretbar '}, {'id': 101, 'label': 'Z.K2', 'text': 'Mir ist bewusst das ein MedKi nicht alle Lebensumstaende der Patientinnen in die Untersuchung mit einbeziehen'}, {'id': 111, 'label': 'Z.K6', 'text': 'Ueber Neueste Diagnostik und Therapie verfuegen Aerztinnen in der Regel auch '}, {'id': 129, 'label': 'Z.K15-1', 'text': 'Aerztinnen sind menschlich und machen Fehler, siehst du das auch so?'}, {'id': 150, 'label': 'Z.K2', 'text': 'Da die Med-KI keine individuellen Diagnosen stellen kann, sondern anhand von Lehrbuchangaben agiert und das Verhalten und die Aussagen der patient*innen nur objektiv betrachtet'}]"
45,577,2,Ich finde die KI unterstuetzt die Medizin aber kann den Mensch nicht ersetzen ,['NZ.K10'],MEDAI,"[['Greeting_Message'], ['Z.K7'], ['intro_24', 'Z.K7', 'intro_56', 'Z.K7-1'], ['Z.P6'], ['intro_32', 'Z.K15', 'intro_49', 'Z.K15-1'], ['OTHER'], ['intro_23', 'Z.K4', 'intro_58', 'Z.K4-1'], ['Z.K6'], ['Z.K3'], ['OTHER'], ['intro_25', 'NZ.K10', 'intro_8', 'NZ.K10-1', 'z_trans_4', 'Z.P1']]","[21, 22, 99, 140, 141, 175, 176, 177, 178, 190, 191, 196, 200, 201, 210, 219, 272, 285, 312, 331, 332, 333, 335, 351, 385, 404, 412, 413, 420, 421, 423, 434, 477, 480, 499, 510, 512, 521, 522, 529, 589, 592, 601, 690, 696, 702, 724, 725, 747, 748, 753, 757, 796, 797, 811, 821, 867, 871, 878, 881, 884, 898, 899, 920, 921, 922, 940, 941, 948, 963, 969, 970, 998, 1012, 1018, 1019, 1046, 1048, 1065, 1114, 1116, 1146, 1161, 1163, 1198, 1213, 1214, 1231, 1241, 1248, 1271, 1274, 1278, 1291, 1293, 1301, 1303, 1304, 1310, 1334, 1342, 1347, 1355, 1358, 1365, 1366, 1462, 1484, 1493, 1501, 1502, 4331, 4332, 4333, 4334, 4335, 4336, 4337, 4338, 4339, 4340, 4341, 4342, 4343, 4344, 4345, 4346, 4347, 4348, 4349, 4350, 4351, 4352]",1209,9138,86.76953381483914,133,133,0.09545366416355339,"[{'id': 1, 'label': 'Z.P1-1-1', 'text': 'werden dann Krankenpfleger besser bezahlt?'}, {'id': 5, 'label': 'Z.P4-1', 'text': 'Aber ist es realistisch, dass das Gesundheitssystem besser finanziert wird bevor eine medKI in der Lage ist fundierte Entscheidungen zu treffen?'}, {'id': 8, 'label': 'Z.P1', 'text': 'Der Trend geht ohnehin weg von kleinen Landarztpraxen und hin zu medizinischen Versorgungszentren'}, {'id': 12, 'label': 'Z.P4', 'text': 'Die MedKI kann unterstuetzen, den Mangel an Aerzten entgegenzuwirken. Durch den demographischen Wandel wird es mehr kranke und alte Menschen geben. Dadurch brauchen wir mehr Aerzte'}, {'id': 21, 'label': 'NZ.K10', 'text': 'KIs koennen bei der Behandlung objektiv die besten Entscheidungen treffen, doch das allein ist nicht genug um mit einem Arzt gleichgestellt zu werden. Was jedoch eine gute Loesung waere, ist dass beide zusammen arbeiten.'}, {'id': 22, 'label': 'NZ.K10', 'text': 'Die KIs sollten keine Einschraenkungen im Sinn von Behandlugsmoeglichkeiten haben, jedoch sollten die Aerzte die Leitung der Behandlung uebernehmen koennen um so Fehler der KI zu stoppen.'}, {'id': 24, 'label': 'Z.P1', 'text': 'Aerzte sind doch auch Rund um die Uhr erreichbar?! Dafuer werden Sie auch dementsprechend bezahlt. Auf dem Land natuerlich nicht, aber eine KI koennte auch nicht ohne Beaufsichtigung das Krankenhaus leiten'}, {'id': 59, 'label': 'NZ.K4', 'text': 'Hoher Energieverbrauch '}, {'id': 83, 'label': 'Z.P4-1', 'text': 'Dann sollen die Unis mehr Medizin Plaetze anbieten dann gibt es mehr Aerzte '}, {'id': 99, 'label': 'NZ.K10', 'text': 'Waere eine Kombination von KI und Menschen nicht sinnvoller als eine Art Ersatz?'}]"
46,582,1,"Damit werden auch neue Berufe geschaffen, und trotzdem werden noch Aerzte gebraucht",['Z.P1-1-1'],MEDAI,"[['Greeting_Message'], ['Z.P1'], ['intro_24', 'Z.P1', 'intro_46', 'Z.K8'], ['Z.P5-1'], ['NoneOfTheAbove'], ['Z.P1'], ['intro_26', 'Z.P1', 'intro_47', 'Z.P1-1']]","[1, 183, 418, 945, 1151, 1429, 2934, 2935, 2936, 2937, 2938, 2939, 2940, 2941, 2942, 2943, 2944, 2945, 2946, 2947, 2948, 2949, 2950, 2951, 2952, 2953, 2954, 2955]",852,9138,90.67629678266579,28,28,0.029799721947354956,"[{'id': 1, 'label': 'Z.P1-1-1', 'text': 'werden dann Krankenpfleger besser bezahlt?'}, {'id': 5, 'label': 'Z.P4-1', 'text': 'Aber ist es realistisch, dass das Gesundheitssystem besser finanziert wird bevor eine medKI in der Lage ist fundierte Entscheidungen zu treffen?'}, {'id': 8, 'label': 'Z.P1', 'text': 'Der Trend geht ohnehin weg von kleinen Landarztpraxen und hin zu medizinischen Versorgungszentren'}, {'id': 12, 'label': 'Z.P4', 'text': 'Die MedKI kann unterstuetzen, den Mangel an Aerzten entgegenzuwirken. Durch den demographischen Wandel wird es mehr kranke und alte Menschen geben. Dadurch brauchen wir mehr Aerzte'}, {'id': 24, 'label': 'Z.P1', 'text': 'Aerzte sind doch auch Rund um die Uhr erreichbar?! Dafuer werden Sie auch dementsprechend bezahlt. Auf dem Land natuerlich nicht, aber eine KI koennte auch nicht ohne Beaufsichtigung das Krankenhaus leiten'}, {'id': 83, 'label': 'Z.P4-1', 'text': 'Dann sollen die Unis mehr Medizin Plaetze anbieten dann gibt es mehr Aerzte '}, {'id': 100, 'label': 'Z.P1', 'text': 'Mit medKI gibt es immerhin genug Aerztinnen, die jetzt fehlen?'}, {'id': 103, 'label': 'Z.P1-1', 'text': 'Personal wird dann trotzdem benoetigt '}, {'id': 108, 'label': 'Z.P4-1', 'text': 'Man koennte auch das Medizin Studium zugaenglicher machen'}, {'id': 109, 'label': 'Z.P4-1', 'text': 'Anstelle der KI kann man auch das Medizin Studium zugaenglicher machen'}]"
47,583,1,"Es liefert jedoch schonmal einen Anhaltspunkt fuer die Person, es ist auch besser gehoert zu werden und Feedback zu bekommen, selbst wenn dieses erst ueberprueft werden muss",['Z.P1'],MEDAI,"[['Greeting_Message'], ['Z.P1'], ['intro_24', 'Z.P1', 'intro_46', 'Z.K8'], ['Z.P5-1'], ['NoneOfTheAbove'], ['Z.P1'], ['intro_26', 'Z.P1', 'intro_47', 'Z.P1-1'], ['Z.P1-1-1'], ['intro_24', 'Z.P1-1-1', 'intro_4', 'z_trans_11', 'Z.K18']]","[8, 24, 100, 137, 138, 153, 179, 180, 182, 211, 212, 220, 407, 415, 417, 419, 483, 546, 551, 594, 610, 611, 661, 698, 714, 736, 782, 900, 944, 1001, 1160, 1185, 1205, 1206, 1208, 1335, 1428, 1439, 2890, 2891, 2892, 2893, 2894, 2895, 2896, 2897, 2898, 2899, 2900, 2901, 2902, 2903, 2904, 2905, 2906, 2907, 2908, 2909, 2910, 2911]",1671,9138,81.71372291529875,60,60,0.029340654547683573,"[{'id': 1, 'label': 'Z.P1-1-1', 'text': 'werden dann Krankenpfleger besser bezahlt?'}, {'id': 5, 'label': 'Z.P4-1', 'text': 'Aber ist es realistisch, dass das Gesundheitssystem besser finanziert wird bevor eine medKI in der Lage ist fundierte Entscheidungen zu treffen?'}, {'id': 6, 'label': 'Z.K6', 'text': 'Medizin ist ein aeusserst komplexes Tehemengebiet. Die Behandlung von Patienten erfordert Erfahrung und ist aeusserst Vielschichtig'}, {'id': 8, 'label': 'Z.P1', 'text': 'Der Trend geht ohnehin weg von kleinen Landarztpraxen und hin zu medizinischen Versorgungszentren'}, {'id': 9, 'label': 'Z.K2', 'text': 'Andererseits hat sie ein sehr begrenztes Repertoire, denn anders als ein Mensch kommt MedKI nicht ueber ihre standardisierten Handlungsweisen hinaus'}, {'id': 10, 'label': 'Z.K6', 'text': 'Nein, ich bezihe mich nicht auf Fehler, sondern auf eine begrenzte, eindimensionale Handlungsfaehigkeit '}, {'id': 12, 'label': 'Z.P4', 'text': 'Die MedKI kann unterstuetzen, den Mangel an Aerzten entgegenzuwirken. Durch den demographischen Wandel wird es mehr kranke und alte Menschen geben. Dadurch brauchen wir mehr Aerzte'}, {'id': 24, 'label': 'Z.P1', 'text': 'Aerzte sind doch auch Rund um die Uhr erreichbar?! Dafuer werden Sie auch dementsprechend bezahlt. Auf dem Land natuerlich nicht, aber eine KI koennte auch nicht ohne Beaufsichtigung das Krankenhaus leiten'}, {'id': 52, 'label': 'Z.K2', 'text': 'Zu viele Krankheiten moeglich'}, {'id': 53, 'label': 'Z.K4', 'text': 'Systemfehler'}]"
48,602,2,Ich finde die medKI unpersoenlich und kann ich nicht vertrauen zudem finde ich die Kommunikation mit ihr schwierig,['Z.K1'],MEDAI,"[['Greeting_Message'], ['OTHER'], ['intro_27', 'Z.K14', 'intro_47', 'Z.K14-1'], ['Z.K3'], ['intro_23', 'Z.K3', 'intro_47', 'Z.K3-1'], ['CON_NZARG'], ['intro_27', 'Z.K12', 'intro_46', 'Z.K12-1']]","[0, 7, 26, 27, 28, 31, 32, 60, 63, 64, 70, 87, 96, 97, 104, 106, 107, 114, 198, 199, 206, 207, 208, 209, 258, 259, 260, 273, 275, 278, 322, 327, 380, 431, 448, 472, 473, 495, 520, 524, 527, 537, 582, 636, 638, 651, 652, 653, 654, 691, 692, 726, 729, 730, 758, 759, 760, 761, 768, 790, 802, 808, 874, 904, 957, 964, 999, 1094, 1121, 1177, 1193, 1239, 1242, 1263, 1275, 1315, 1317, 1321, 1343, 1344, 1346, 1356, 1391, 1443, 1467, 1468, 3330, 3331, 3332, 3333, 3334, 3335, 3336, 3337, 3338, 3339, 3340, 3341, 3342, 3343, 3344, 3345, 3346, 3347, 3348, 3349, 3350, 3351]",1251,9138,86.30991464215364,108,108,0.07451215652560027,"[{'id': 0, 'label': 'Z.K1', 'text': 'Ein bot kannzwischenmaennschliche Interaktion nicht ersetzen '}, {'id': 7, 'label': 'Z.K1', 'text': 'Nein, medizinische Behandlung sollte meiner Meinung nach auf persoenlicher Ebene stattfinden, denn viele Krankeiten nur durch ausfuehrliche Anamnese aufgedeckt werden koennen und zum Teil psychologisch behaftet sind'}, {'id': 11, 'label': 'Z.K7', 'text': 'Ein Menscv kann interagieren und auf andere Menschen eingehen. Wie man an dir merkt, kann da KI nicht'}, {'id': 20, 'label': 'Z.K7', 'text': 'Um Patienten richtig behandeln zu koennen, muss der Arzt wichtige Entscheidungen treffen, welche womoeglich ueber Leben und Tod entscheiden. Dazu ist nur ein Mensch in der Lage, welcher sich in die Lage des Patienten versetzen kann.'}, {'id': 23, 'label': 'Z.K10', 'text': 'Das aendert jedoch nichts daran, dass viele Patienten sich nicht von einer KI behandeln lassen wollen.'}, {'id': 26, 'label': 'Z.K1', 'text': 'Der Persoenliche Kontakt zwischen dem Artzt und dem Patienten ist sehr wichtig, sowohl fuer Artzt als auch Patient. Der Patient kommt sich nicht so vor wie in einem Fastfood Resturant in dem er nur abgefertigt wird sondern mit einem richtigen Menschen als gegen ueber fuehlt er sich Wertgeschaetzt und versorgt, was auch positiv zur Heiling beitragen kann'}, {'id': 27, 'label': 'Z.K1', 'text': 'Eine KI kann aber niemals einen Menschen ersetzten egal wie gut programmiert sie ist, sie wird nie die Menschliche Fuersorge ersetzten koennen'}, {'id': 28, 'label': 'Z.K1', 'text': 'Selbst wenn die KI ausgebildet ist um auch emotional fuer den Menschen zu sorgen, so ist das nicht die selbe Fuersorge und emotionale Bindung wie sie zwischen zwei Menschen entstehen kann. Niemand wird jemals ein Geraet als Bezugs Person sehen da fehlen die echten Gefuehle und selbst gemachte Erfahrungen aus der Realen Welt '}, {'id': 30, 'label': 'Z.K7', 'text': 'Sie kann zwar lernen weiss aber nicht das fehl Entscheidungen auch eine emotionale Erfahrung mit sich bringen welche wichtig sind fuer die Ethik eines Mediziners und Grundlegend zur Entwichlung eines guten Artztes '}, {'id': 31, 'label': 'Z.K1', 'text': 'Das ist ja noch schlechter, man wuerde Patienten mit kleineren Problemen diskriminieren und ihnen das Geguehl geben dass sie weniger Beruecksichtigt werden als Patienten mit schlimmeren Problemen '}]"
49,660,2,"Damit eine MedKI aber jegliche Krankheit behandeln koenne, waere ein enormes Netz an Programmierung notwendig. Zudem werden in rationalen Entscheidungen nicht die subjektiven Praeferenzen der Patientinnen beruecksichtigt ",['Z.K2'],MEDAI,"[['Greeting_Message'], ['Z.K1'], ['intro_23', 'Z.P1-1', 'intro_47', 'Z.P1-1-1'], ['Z.K1'], ['intro_23', 'Z.K1', 'intro_55', 'Z.K1-1'], ['Z.K6'], ['intro_26', 'Z.K1', 'intro_56', 'z_trans_13', 'Z.P1'], ['Z.K2'], ['intro_23', 'Z.K15', 'intro_47', 'Z.K15-1']]","[9, 52, 71, 101, 150, 151, 152, 155, 228, 261, 309, 315, 324, 374, 475, 476, 490, 497, 511, 515, 516, 528, 605, 606, 648, 700, 705, 739, 763, 765, 771, 819, 883, 949, 966, 1049, 1050, 1061, 1062, 1117, 1119, 1194, 1195, 1333, 1336, 1394, 1481, 1499, 3396, 3397, 3398, 3399, 3400, 3401, 3402, 3403, 3404, 3405, 3406, 3407, 3408, 3409, 3410, 3411, 3412, 3413, 3414, 3415, 3416, 3417]",819,9138,91.03742613263296,70,70,0.07780976592532732,"[{'id': 6, 'label': 'Z.K6', 'text': 'Medizin ist ein aeusserst komplexes Tehemengebiet. Die Behandlung von Patienten erfordert Erfahrung und ist aeusserst Vielschichtig'}, {'id': 9, 'label': 'Z.K2', 'text': 'Andererseits hat sie ein sehr begrenztes Repertoire, denn anders als ein Mensch kommt MedKI nicht ueber ihre standardisierten Handlungsweisen hinaus'}, {'id': 10, 'label': 'Z.K6', 'text': 'Nein, ich bezihe mich nicht auf Fehler, sondern auf eine begrenzte, eindimensionale Handlungsfaehigkeit '}, {'id': 52, 'label': 'Z.K2', 'text': 'Zu viele Krankheiten moeglich'}, {'id': 53, 'label': 'Z.K4', 'text': 'Systemfehler'}, {'id': 71, 'label': 'Z.K2', 'text': 'Eine KI handelt immer nach der theoretisch besten Loesung, allerdings ist diese nicht immer moralisch Vertretbar '}, {'id': 101, 'label': 'Z.K2', 'text': 'Mir ist bewusst das ein MedKi nicht alle Lebensumstaende der Patientinnen in die Untersuchung mit einbeziehen'}, {'id': 111, 'label': 'Z.K6', 'text': 'Ueber Neueste Diagnostik und Therapie verfuegen Aerztinnen in der Regel auch '}, {'id': 129, 'label': 'Z.K15-1', 'text': 'Aerztinnen sind menschlich und machen Fehler, siehst du das auch so?'}, {'id': 150, 'label': 'Z.K2', 'text': 'Da die Med-KI keine individuellen Diagnosen stellen kann, sondern anhand von Lehrbuchangaben agiert und das Verhalten und die Aussagen der patient*innen nur objektiv betrachtet'}]"
50,668,1,"Das Personal kann aber reduziert werden, da die KI ja einige Aufgaben der Menschen uebernimmt",['Z.P4'],MEDAI,"[['Greeting_Message'], ['Z.P6'], ['intro_26', 'Z.P6', 'intro_51', 'Z.P6-1'], ['OTHER'], ['intro_24', 'Z.P7', 'intro_57', 'Z.P7-1'], ['NZ.K10'], ['NoneOfTheAbove'], ['Z.K15-1'], ['intro_28', 'Z.P1', 'intro_51', 'Z.K8']]","[12, 345, 346, 482, 962, 1017, 1148, 1149, 1207, 1296, 1352, 1503, 2956, 2957, 2958, 2959, 2960, 2961, 2962, 2963, 2964, 2965, 2966, 2967, 2968, 2969, 2970, 2971, 2972, 2973, 2974, 2975, 2976, 2977]",1247,9138,86.35368789669512,34,34,0.023544710412892012,"[{'id': 1, 'label': 'Z.P1-1-1', 'text': 'werden dann Krankenpfleger besser bezahlt?'}, {'id': 5, 'label': 'Z.P4-1', 'text': 'Aber ist es realistisch, dass das Gesundheitssystem besser finanziert wird bevor eine medKI in der Lage ist fundierte Entscheidungen zu treffen?'}, {'id': 8, 'label': 'Z.P1', 'text': 'Der Trend geht ohnehin weg von kleinen Landarztpraxen und hin zu medizinischen Versorgungszentren'}, {'id': 12, 'label': 'Z.P4', 'text': 'Die MedKI kann unterstuetzen, den Mangel an Aerzten entgegenzuwirken. Durch den demographischen Wandel wird es mehr kranke und alte Menschen geben. Dadurch brauchen wir mehr Aerzte'}, {'id': 24, 'label': 'Z.P1', 'text': 'Aerzte sind doch auch Rund um die Uhr erreichbar?! Dafuer werden Sie auch dementsprechend bezahlt. Auf dem Land natuerlich nicht, aber eine KI koennte auch nicht ohne Beaufsichtigung das Krankenhaus leiten'}, {'id': 54, 'label': 'Z.K8', 'text': 'Hohe Kosten '}, {'id': 55, 'label': 'Z.K8', 'text': 'Zu teure technologie'}, {'id': 56, 'label': 'Z.K14', 'text': 'Arbeitslosigkeit des medizinischen Personals'}, {'id': 57, 'label': 'Z.K14', 'text': 'Personal verliert Job '}, {'id': 58, 'label': 'Z.K8', 'text': 'Hohe Energiekosten'}]"
51,669,1,"Nicht beheben, aber zumindest verbessern",['Z.P1'],MEDAI,"[['Greeting_Message'], ['Z.P6'], ['intro_26', 'Z.P6', 'intro_51', 'Z.P6-1'], ['OTHER'], ['intro_24', 'Z.P7', 'intro_57', 'Z.P7-1'], ['NZ.K10'], ['NoneOfTheAbove'], ['Z.K15-1'], ['intro_28', 'Z.P1', 'intro_51', 'Z.K8'], ['Z.P4'], ['intro_23', 'Z.P4', 'intro_49', 'Z.P4-1']]","[8, 24, 100, 137, 138, 153, 179, 180, 182, 211, 212, 220, 407, 415, 417, 419, 483, 546, 551, 594, 610, 611, 661, 698, 714, 736, 782, 900, 944, 1001, 1160, 1185, 1205, 1206, 1208, 1335, 1428, 1439, 2890, 2891, 2892, 2893, 2894, 2895, 2896, 2897, 2898, 2899, 2900, 2901, 2902, 2903, 2904, 2905, 2906, 2907, 2908, 2909, 2910, 2911]",852,9138,90.67629678266579,60,60,0.06385654703004634,"[{'id': 1, 'label': 'Z.P1-1-1', 'text': 'werden dann Krankenpfleger besser bezahlt?'}, {'id': 5, 'label': 'Z.P4-1', 'text': 'Aber ist es realistisch, dass das Gesundheitssystem besser finanziert wird bevor eine medKI in der Lage ist fundierte Entscheidungen zu treffen?'}, {'id': 8, 'label': 'Z.P1', 'text': 'Der Trend geht ohnehin weg von kleinen Landarztpraxen und hin zu medizinischen Versorgungszentren'}, {'id': 12, 'label': 'Z.P4', 'text': 'Die MedKI kann unterstuetzen, den Mangel an Aerzten entgegenzuwirken. Durch den demographischen Wandel wird es mehr kranke und alte Menschen geben. Dadurch brauchen wir mehr Aerzte'}, {'id': 24, 'label': 'Z.P1', 'text': 'Aerzte sind doch auch Rund um die Uhr erreichbar?! Dafuer werden Sie auch dementsprechend bezahlt. Auf dem Land natuerlich nicht, aber eine KI koennte auch nicht ohne Beaufsichtigung das Krankenhaus leiten'}, {'id': 83, 'label': 'Z.P4-1', 'text': 'Dann sollen die Unis mehr Medizin Plaetze anbieten dann gibt es mehr Aerzte '}, {'id': 100, 'label': 'Z.P1', 'text': 'Mit medKI gibt es immerhin genug Aerztinnen, die jetzt fehlen?'}, {'id': 103, 'label': 'Z.P1-1', 'text': 'Personal wird dann trotzdem benoetigt '}, {'id': 108, 'label': 'Z.P4-1', 'text': 'Man koennte auch das Medizin Studium zugaenglicher machen'}, {'id': 109, 'label': 'Z.P4-1', 'text': 'Anstelle der KI kann man auch das Medizin Studium zugaenglicher machen'}]"
52,672,2,Es ist nicht geklaert wer verantwortlich ist wenn die KI einen Fehler macht ,['Z.K3'],MEDAI,"[['Greeting_Message'], ['Z.K3'], ['intro_23', 'Z.K3', 'intro_50', 'Z.K3-1']]","[232, 237, 357, 358, 359, 375, 381, 383, 386, 430, 485, 486, 552, 590, 591, 710, 750, 767, 886, 905, 907, 968, 992, 1003, 1047, 1190, 1243, 1244, 1246, 1312, 1319, 3616, 3617, 3618, 3619, 3620, 3621, 3622, 3623, 3624, 3625, 3626, 3627, 3628, 3629, 3630, 3631, 3632, 3633, 3634, 3635, 3636, 3637]",1251,9138,86.30991464215364,53,53,0.0365661508875631,"[{'id': 0, 'label': 'Z.K1', 'text': 'Ein bot kannzwischenmaennschliche Interaktion nicht ersetzen '}, {'id': 7, 'label': 'Z.K1', 'text': 'Nein, medizinische Behandlung sollte meiner Meinung nach auf persoenlicher Ebene stattfinden, denn viele Krankeiten nur durch ausfuehrliche Anamnese aufgedeckt werden koennen und zum Teil psychologisch behaftet sind'}, {'id': 11, 'label': 'Z.K7', 'text': 'Ein Menscv kann interagieren und auf andere Menschen eingehen. Wie man an dir merkt, kann da KI nicht'}, {'id': 20, 'label': 'Z.K7', 'text': 'Um Patienten richtig behandeln zu koennen, muss der Arzt wichtige Entscheidungen treffen, welche womoeglich ueber Leben und Tod entscheiden. Dazu ist nur ein Mensch in der Lage, welcher sich in die Lage des Patienten versetzen kann.'}, {'id': 23, 'label': 'Z.K10', 'text': 'Das aendert jedoch nichts daran, dass viele Patienten sich nicht von einer KI behandeln lassen wollen.'}, {'id': 26, 'label': 'Z.K1', 'text': 'Der Persoenliche Kontakt zwischen dem Artzt und dem Patienten ist sehr wichtig, sowohl fuer Artzt als auch Patient. Der Patient kommt sich nicht so vor wie in einem Fastfood Resturant in dem er nur abgefertigt wird sondern mit einem richtigen Menschen als gegen ueber fuehlt er sich Wertgeschaetzt und versorgt, was auch positiv zur Heiling beitragen kann'}, {'id': 27, 'label': 'Z.K1', 'text': 'Eine KI kann aber niemals einen Menschen ersetzten egal wie gut programmiert sie ist, sie wird nie die Menschliche Fuersorge ersetzten koennen'}, {'id': 28, 'label': 'Z.K1', 'text': 'Selbst wenn die KI ausgebildet ist um auch emotional fuer den Menschen zu sorgen, so ist das nicht die selbe Fuersorge und emotionale Bindung wie sie zwischen zwei Menschen entstehen kann. Niemand wird jemals ein Geraet als Bezugs Person sehen da fehlen die echten Gefuehle und selbst gemachte Erfahrungen aus der Realen Welt '}, {'id': 30, 'label': 'Z.K7', 'text': 'Sie kann zwar lernen weiss aber nicht das fehl Entscheidungen auch eine emotionale Erfahrung mit sich bringen welche wichtig sind fuer die Ethik eines Mediziners und Grundlegend zur Entwichlung eines guten Artztes '}, {'id': 31, 'label': 'Z.K1', 'text': 'Das ist ja noch schlechter, man wuerde Patienten mit kleineren Problemen diskriminieren und ihnen das Geguehl geben dass sie weniger Beruecksichtigt werden als Patienten mit schlimmeren Problemen '}]"
53,673,2,Ab und zu braucht man als Arzt Fingerspitzengefuehl. Dieses hat eine KI nicht ,['Z.K7'],MEDAI,"[['Greeting_Message'], ['Z.K3'], ['intro_23', 'Z.K3', 'intro_50', 'Z.K3-1'], ['Z.K3'], ['intro_26', 'Z.K3', 'intro_47', 'Z.K3-2']]","[11, 20, 30, 50, 81, 102, 130, 133, 168, 189, 230, 236, 279, 284, 287, 288, 290, 326, 377, 387, 409, 487, 492, 535, 572, 608, 633, 656, 684, 685, 686, 688, 689, 717, 762, 803, 805, 809, 817, 820, 841, 850, 857, 866, 876, 877, 880, 882, 887, 953, 991, 1013, 1041, 1042, 1120, 1178, 1188, 1189, 1228, 1229, 1287, 1316, 1392, 1444, 3844, 3845, 3846, 3847, 3848, 3849, 3850, 3851, 3852, 3853, 3854, 3855, 3856, 3857, 3858, 3859, 3860, 3861, 3862, 3863, 3864, 3865]",1251,9138,86.30991464215364,86,86,0.0593337542703854,"[{'id': 0, 'label': 'Z.K1', 'text': 'Ein bot kannzwischenmaennschliche Interaktion nicht ersetzen '}, {'id': 7, 'label': 'Z.K1', 'text': 'Nein, medizinische Behandlung sollte meiner Meinung nach auf persoenlicher Ebene stattfinden, denn viele Krankeiten nur durch ausfuehrliche Anamnese aufgedeckt werden koennen und zum Teil psychologisch behaftet sind'}, {'id': 11, 'label': 'Z.K7', 'text': 'Ein Menscv kann interagieren und auf andere Menschen eingehen. Wie man an dir merkt, kann da KI nicht'}, {'id': 20, 'label': 'Z.K7', 'text': 'Um Patienten richtig behandeln zu koennen, muss der Arzt wichtige Entscheidungen treffen, welche womoeglich ueber Leben und Tod entscheiden. Dazu ist nur ein Mensch in der Lage, welcher sich in die Lage des Patienten versetzen kann.'}, {'id': 23, 'label': 'Z.K10', 'text': 'Das aendert jedoch nichts daran, dass viele Patienten sich nicht von einer KI behandeln lassen wollen.'}, {'id': 26, 'label': 'Z.K1', 'text': 'Der Persoenliche Kontakt zwischen dem Artzt und dem Patienten ist sehr wichtig, sowohl fuer Artzt als auch Patient. Der Patient kommt sich nicht so vor wie in einem Fastfood Resturant in dem er nur abgefertigt wird sondern mit einem richtigen Menschen als gegen ueber fuehlt er sich Wertgeschaetzt und versorgt, was auch positiv zur Heiling beitragen kann'}, {'id': 27, 'label': 'Z.K1', 'text': 'Eine KI kann aber niemals einen Menschen ersetzten egal wie gut programmiert sie ist, sie wird nie die Menschliche Fuersorge ersetzten koennen'}, {'id': 28, 'label': 'Z.K1', 'text': 'Selbst wenn die KI ausgebildet ist um auch emotional fuer den Menschen zu sorgen, so ist das nicht die selbe Fuersorge und emotionale Bindung wie sie zwischen zwei Menschen entstehen kann. Niemand wird jemals ein Geraet als Bezugs Person sehen da fehlen die echten Gefuehle und selbst gemachte Erfahrungen aus der Realen Welt '}, {'id': 30, 'label': 'Z.K7', 'text': 'Sie kann zwar lernen weiss aber nicht das fehl Entscheidungen auch eine emotionale Erfahrung mit sich bringen welche wichtig sind fuer die Ethik eines Mediziners und Grundlegend zur Entwichlung eines guten Artztes '}, {'id': 31, 'label': 'Z.K1', 'text': 'Das ist ja noch schlechter, man wuerde Patienten mit kleineren Problemen diskriminieren und ihnen das Geguehl geben dass sie weniger Beruecksichtigt werden als Patienten mit schlimmeren Problemen '}]"
54,678,2,"Aber sie muss immer kontrolliert werden, um systematische Fehler zu vermeiden Reicht das Argument?",['Z.K4'],MEDAI,"[['Greeting_Message'], ['OTHER', 'OTHER', 'OTHER'], ['OTHER'], ['FAQ.G1', 'OTHER'], ['Z.P1-1'], ['OTHER', 'OTHER'], ['Z.K4']]","[53, 424, 489, 1147, 1237, 1494, 3440, 3441, 3442, 3443, 3444, 3445, 3446, 3447, 3448, 3449, 3450, 3451, 3452, 3453, 3454, 3455, 3456, 3457, 3458, 3459, 3460, 3461]",819,9138,91.03742613263296,28,28,0.03112390637013093,"[{'id': 6, 'label': 'Z.K6', 'text': 'Medizin ist ein aeusserst komplexes Tehemengebiet. Die Behandlung von Patienten erfordert Erfahrung und ist aeusserst Vielschichtig'}, {'id': 9, 'label': 'Z.K2', 'text': 'Andererseits hat sie ein sehr begrenztes Repertoire, denn anders als ein Mensch kommt MedKI nicht ueber ihre standardisierten Handlungsweisen hinaus'}, {'id': 10, 'label': 'Z.K6', 'text': 'Nein, ich bezihe mich nicht auf Fehler, sondern auf eine begrenzte, eindimensionale Handlungsfaehigkeit '}, {'id': 52, 'label': 'Z.K2', 'text': 'Zu viele Krankheiten moeglich'}, {'id': 53, 'label': 'Z.K4', 'text': 'Systemfehler'}, {'id': 71, 'label': 'Z.K2', 'text': 'Eine KI handelt immer nach der theoretisch besten Loesung, allerdings ist diese nicht immer moralisch Vertretbar '}, {'id': 101, 'label': 'Z.K2', 'text': 'Mir ist bewusst das ein MedKi nicht alle Lebensumstaende der Patientinnen in die Untersuchung mit einbeziehen'}, {'id': 111, 'label': 'Z.K6', 'text': 'Ueber Neueste Diagnostik und Therapie verfuegen Aerztinnen in der Regel auch '}, {'id': 129, 'label': 'Z.K15-1', 'text': 'Aerztinnen sind menschlich und machen Fehler, siehst du das auch so?'}, {'id': 150, 'label': 'Z.K2', 'text': 'Da die Med-KI keine individuellen Diagnosen stellen kann, sondern anhand von Lehrbuchangaben agiert und das Verhalten und die Aussagen der patient*innen nur objektiv betrachtet'}]"
55,679,2,"Es ist immer die Frage, ob eine ki mit allen relevanten Informationen versorgt werden kann Viel erfaehrt man zwischenmenschlich",['Z.K2'],MEDAI,"[['Greeting_Message'], ['OTHER', 'OTHER', 'OTHER'], ['OTHER'], ['FAQ.G1', 'OTHER'], ['Z.P1-1'], ['OTHER', 'OTHER'], ['Z.K4'], ['Z.K4'], ['Z.K2']]","[9, 52, 71, 101, 150, 151, 152, 155, 228, 261, 309, 315, 324, 374, 475, 476, 490, 497, 511, 515, 516, 528, 605, 606, 648, 700, 705, 739, 763, 765, 771, 819, 883, 949, 966, 1049, 1050, 1061, 1062, 1117, 1119, 1194, 1195, 1333, 1336, 1394, 1481, 1499, 3396, 3397, 3398, 3399, 3400, 3401, 3402, 3403, 3404, 3405, 3406, 3407, 3408, 3409, 3410, 3411, 3412, 3413, 3414, 3415, 3416, 3417]",819,9138,91.03742613263296,70,70,0.07780976592532732,"[{'id': 6, 'label': 'Z.K6', 'text': 'Medizin ist ein aeusserst komplexes Tehemengebiet. Die Behandlung von Patienten erfordert Erfahrung und ist aeusserst Vielschichtig'}, {'id': 9, 'label': 'Z.K2', 'text': 'Andererseits hat sie ein sehr begrenztes Repertoire, denn anders als ein Mensch kommt MedKI nicht ueber ihre standardisierten Handlungsweisen hinaus'}, {'id': 10, 'label': 'Z.K6', 'text': 'Nein, ich bezihe mich nicht auf Fehler, sondern auf eine begrenzte, eindimensionale Handlungsfaehigkeit '}, {'id': 52, 'label': 'Z.K2', 'text': 'Zu viele Krankheiten moeglich'}, {'id': 53, 'label': 'Z.K4', 'text': 'Systemfehler'}, {'id': 71, 'label': 'Z.K2', 'text': 'Eine KI handelt immer nach der theoretisch besten Loesung, allerdings ist diese nicht immer moralisch Vertretbar '}, {'id': 101, 'label': 'Z.K2', 'text': 'Mir ist bewusst das ein MedKi nicht alle Lebensumstaende der Patientinnen in die Untersuchung mit einbeziehen'}, {'id': 111, 'label': 'Z.K6', 'text': 'Ueber Neueste Diagnostik und Therapie verfuegen Aerztinnen in der Regel auch '}, {'id': 129, 'label': 'Z.K15-1', 'text': 'Aerztinnen sind menschlich und machen Fehler, siehst du das auch so?'}, {'id': 150, 'label': 'Z.K2', 'text': 'Da die Med-KI keine individuellen Diagnosen stellen kann, sondern anhand von Lehrbuchangaben agiert und das Verhalten und die Aussagen der patient*innen nur objektiv betrachtet'}]"
56,685,1,Ich beziehe mich in meinem Argument zum Beispiel auf klassische Triage Situationen.,['Z.P2'],MEDAI,"[['Greeting_Message'], ['Z.P2'], ['intro_27', 'Z.P6', 'intro_48', 'Z.P6-1']]","[85, 86, 154, 388, 493, 494, 584, 693, 775, 815, 823, 860, 1209, 1211, 1255, 1257, 1449, 1451, 3000, 3001, 3002, 3003, 3004, 3005, 3006, 3007, 3008, 3009, 3010, 3011, 3012, 3013, 3014, 3015, 3016, 3017, 3018, 3019, 3020, 3021]",679,9138,92.56949004158459,40,40,0.054532836548797994,"[{'id': 2, 'label': 'Z.P3', 'text': 'Das Wissen einer KI kann eine deutlich hoehere Menge erreichen, als das Wissen eines Menschen. '}, {'id': 3, 'label': 'Z.P3', 'text': 'Eine KI kann mehr Wissen als ein Mensch'}, {'id': 25, 'label': 'Z.P3-1', 'text': ' Allerdings werden die KIs von Menschen programmiert. Insofern ist die Fehlerquote mindestens genauso hoch.'}, {'id': 84, 'label': 'Z.P6', 'text': 'KI sind praeziser '}, {'id': 85, 'label': 'Z.P2', 'text': 'KI sind objektiv '}, {'id': 86, 'label': 'Z.P2', 'text': 'KI sind nicht bestechbar'}, {'id': 115, 'label': 'Z.P6', 'text': 'Bessere Diagnose, quasi frei von Vorurteilen.'}, {'id': 119, 'label': 'Z.P6', 'text': 'Die Praezision der Diagnose steigt, wenn menschliches, also fehlerhaftes, Urteilsvermoegen weitestgehend abgekoppelt werden.'}, {'id': 148, 'label': 'Z.P6', 'text': 'Ich finde Aerzte sollen durch KI ersetzt werden, weil Menschen fehlbar sind'}, {'id': 154, 'label': 'Z.P2', 'text': ' und das unparteiische Verhalten gegenueber der Patienten '}]"
57,718,2,Allerdings ist jeder menschliche Koerper und Verletzung unterschiedlich so dass man nicht jede Erkrankung pauschalisieren kann ,['Z.K2'],MEDAI,"[['Greeting_Message'], ['NZ.K9'], ['intro_23', 'NZ.K9', 'intro_9', 'NZ.K9-1', 'z_trans_1', 'Z.P1'], ['Z.K6'], ['intro_25', 'Z.K15', 'intro_47', 'Z.K15-1']]","[9, 52, 71, 101, 150, 151, 152, 155, 228, 261, 309, 315, 324, 374, 475, 476, 490, 497, 511, 515, 516, 528, 605, 606, 648, 700, 705, 739, 763, 765, 771, 819, 883, 949, 966, 1049, 1050, 1061, 1062, 1117, 1119, 1194, 1195, 1333, 1336, 1394, 1481, 1499, 3396, 3397, 3398, 3399, 3400, 3401, 3402, 3403, 3404, 3405, 3406, 3407, 3408, 3409, 3410, 3411, 3412, 3413, 3414, 3415, 3416, 3417]",819,9138,91.03742613263296,70,70,0.07780976592532732,"[{'id': 6, 'label': 'Z.K6', 'text': 'Medizin ist ein aeusserst komplexes Tehemengebiet. Die Behandlung von Patienten erfordert Erfahrung und ist aeusserst Vielschichtig'}, {'id': 9, 'label': 'Z.K2', 'text': 'Andererseits hat sie ein sehr begrenztes Repertoire, denn anders als ein Mensch kommt MedKI nicht ueber ihre standardisierten Handlungsweisen hinaus'}, {'id': 10, 'label': 'Z.K6', 'text': 'Nein, ich bezihe mich nicht auf Fehler, sondern auf eine begrenzte, eindimensionale Handlungsfaehigkeit '}, {'id': 52, 'label': 'Z.K2', 'text': 'Zu viele Krankheiten moeglich'}, {'id': 53, 'label': 'Z.K4', 'text': 'Systemfehler'}, {'id': 71, 'label': 'Z.K2', 'text': 'Eine KI handelt immer nach der theoretisch besten Loesung, allerdings ist diese nicht immer moralisch Vertretbar '}, {'id': 101, 'label': 'Z.K2', 'text': 'Mir ist bewusst das ein MedKi nicht alle Lebensumstaende der Patientinnen in die Untersuchung mit einbeziehen'}, {'id': 111, 'label': 'Z.K6', 'text': 'Ueber Neueste Diagnostik und Therapie verfuegen Aerztinnen in der Regel auch '}, {'id': 129, 'label': 'Z.K15-1', 'text': 'Aerztinnen sind menschlich und machen Fehler, siehst du das auch so?'}, {'id': 150, 'label': 'Z.K2', 'text': 'Da die Med-KI keine individuellen Diagnosen stellen kann, sondern anhand von Lehrbuchangaben agiert und das Verhalten und die Aussagen der patient*innen nur objektiv betrachtet'}]"
58,719,2,"Allerdings kann die KI nicht jedes Szenario kennen, Verletzungen sind oft unterschiedlich je nach dem wie die Umstaende zum Beispiel alter und Gewicht der Patienten sind ",['Z.K2'],MEDAI,"[['Greeting_Message'], ['NZ.K9'], ['intro_23', 'NZ.K9', 'intro_9', 'NZ.K9-1', 'z_trans_1', 'Z.P1'], ['Z.K6'], ['intro_25', 'Z.K15', 'intro_47', 'Z.K15-1'], ['Z.K2'], ['intro_27', 'Z.K2', 'intro_55', 'Z.K2-4']]","[9, 52, 71, 101, 150, 151, 152, 155, 228, 261, 309, 315, 324, 374, 475, 476, 490, 497, 511, 515, 516, 528, 605, 606, 648, 700, 705, 739, 763, 765, 771, 819, 883, 949, 966, 1049, 1050, 1061, 1062, 1117, 1119, 1194, 1195, 1333, 1336, 1394, 1481, 1499, 3396, 3397, 3398, 3399, 3400, 3401, 3402, 3403, 3404, 3405, 3406, 3407, 3408, 3409, 3410, 3411, 3412, 3413, 3414, 3415, 3416, 3417]",819,9138,91.03742613263296,70,70,0.07780976592532732,"[{'id': 6, 'label': 'Z.K6', 'text': 'Medizin ist ein aeusserst komplexes Tehemengebiet. Die Behandlung von Patienten erfordert Erfahrung und ist aeusserst Vielschichtig'}, {'id': 9, 'label': 'Z.K2', 'text': 'Andererseits hat sie ein sehr begrenztes Repertoire, denn anders als ein Mensch kommt MedKI nicht ueber ihre standardisierten Handlungsweisen hinaus'}, {'id': 10, 'label': 'Z.K6', 'text': 'Nein, ich bezihe mich nicht auf Fehler, sondern auf eine begrenzte, eindimensionale Handlungsfaehigkeit '}, {'id': 52, 'label': 'Z.K2', 'text': 'Zu viele Krankheiten moeglich'}, {'id': 53, 'label': 'Z.K4', 'text': 'Systemfehler'}, {'id': 71, 'label': 'Z.K2', 'text': 'Eine KI handelt immer nach der theoretisch besten Loesung, allerdings ist diese nicht immer moralisch Vertretbar '}, {'id': 101, 'label': 'Z.K2', 'text': 'Mir ist bewusst das ein MedKi nicht alle Lebensumstaende der Patientinnen in die Untersuchung mit einbeziehen'}, {'id': 111, 'label': 'Z.K6', 'text': 'Ueber Neueste Diagnostik und Therapie verfuegen Aerztinnen in der Regel auch '}, {'id': 129, 'label': 'Z.K15-1', 'text': 'Aerztinnen sind menschlich und machen Fehler, siehst du das auch so?'}, {'id': 150, 'label': 'Z.K2', 'text': 'Da die Med-KI keine individuellen Diagnosen stellen kann, sondern anhand von Lehrbuchangaben agiert und das Verhalten und die Aussagen der patient*innen nur objektiv betrachtet'}]"
59,721,2,"Allerdings wuerden die Ansprueche der aerzte fallen , da sie es gar nicht mehr fuer notwendig erachten sich fortzubilden ",['Z.K16'],MEDAI,"[['Greeting_Message'], ['NZ.K9'], ['intro_23', 'NZ.K9', 'intro_9', 'NZ.K9-1', 'z_trans_1', 'Z.P1'], ['Z.K6'], ['intro_25', 'Z.K15', 'intro_47', 'Z.K15-1'], ['Z.K2'], ['intro_27', 'Z.K2', 'intro_55', 'Z.K2-4'], ['Z.K2'], ['intro_23', 'Z.K2', 'intro_55', 'z_trans_2', 'Z.P2'], ['Z.K14'], ['intro_28', 'Z.K14', 'intro_46', 'Z.K14-1']]","[147, 389, 500, 518, 534, 640, 708, 845, 855, 927, 1014, 1066, 1102, 1232, 4086, 4087, 4088, 4089, 4090, 4091, 4092, 4093, 4094, 4095, 4096, 4097, 4098, 4099, 4100, 4101, 4102, 4103, 4104, 4105, 4106, 4107, 4108, 4109, 4110]",395,9138,95.67739111402933,39,39,0.09446628489739604,"[{'id': 54, 'label': 'Z.K8', 'text': 'Hohe Kosten '}, {'id': 55, 'label': 'Z.K8', 'text': 'Zu teure technologie'}, {'id': 56, 'label': 'Z.K14', 'text': 'Arbeitslosigkeit des medizinischen Personals'}, {'id': 57, 'label': 'Z.K14', 'text': 'Personal verliert Job '}, {'id': 58, 'label': 'Z.K8', 'text': 'Hohe Energiekosten'}, {'id': 62, 'label': 'Z.K8', 'text': 'Teure Wartung '}, {'id': 65, 'label': 'Z.K14', 'text': 'Dies waere aber nur bei groesseren Notfaellen von Bedeutung, zumahl extrem viele Arbeitsplaetze verloren gehen wuerden'}, {'id': 68, 'label': 'Z.K14', 'text': 'Das wuerde allerdings einen Aerzteueberschuss und tu hoher Arbeitslosigkeit fuehren, sowie den Verlust tausender Studienplaetze'}, {'id': 69, 'label': 'Z.K14', 'text': 'Arbeitslosigkeit waere eine folge'}, {'id': 82, 'label': 'Z.K14', 'text': 'Und Arbeitsplaetze gehen verloren und Menschen muessen sich langweilen und muessen einen Job machen der ihnen keinen Spass macht.'}]"
60,725,2,"Da stimme ich dir zu, das ist ein grosser Vorteil gerade fuer laendliche Gegenden. Allerdings sollten Kontrollinstanzen vorhanden sein, um das Handeln der KI zu ueberwachen, wenn auch nur Stichprobenartig",['NZ.K10'],MEDAI,"[['Greeting_Message'], ['Z.K1'], ['intro_28', 'Z.K7', 'intro_56', 'Z.K7-1'], ['NZ.K10'], ['intro_26', 'NZ.K10', 'intro_11', 'NZ.K10-1', 'z_trans_9', 'Z.P1']]","[21, 22, 99, 140, 141, 175, 176, 177, 178, 190, 191, 196, 200, 201, 210, 219, 272, 285, 312, 331, 332, 333, 335, 351, 385, 404, 412, 413, 420, 421, 423, 434, 477, 480, 499, 510, 512, 521, 522, 529, 589, 592, 601, 690, 696, 702, 724, 725, 747, 748, 753, 757, 796, 797, 811, 821, 867, 871, 878, 881, 884, 898, 899, 920, 921, 922, 940, 941, 948, 963, 969, 970, 998, 1012, 1018, 1019, 1046, 1048, 1065, 1114, 1116, 1146, 1161, 1163, 1198, 1213, 1214, 1231, 1241, 1248, 1271, 1274, 1278, 1291, 1293, 1301, 1303, 1304, 1310, 1334, 1342, 1347, 1355, 1358, 1365, 1366, 1462, 1484, 1493, 1501, 1502, 4331, 4332, 4333, 4334, 4335, 4336, 4337, 4338, 4339, 4340, 4341, 4342, 4343, 4344, 4345, 4346, 4347, 4348, 4349, 4350, 4351, 4352]",1209,9138,86.76953381483914,133,133,0.09545366416355339,"[{'id': 1, 'label': 'Z.P1-1-1', 'text': 'werden dann Krankenpfleger besser bezahlt?'}, {'id': 5, 'label': 'Z.P4-1', 'text': 'Aber ist es realistisch, dass das Gesundheitssystem besser finanziert wird bevor eine medKI in der Lage ist fundierte Entscheidungen zu treffen?'}, {'id': 8, 'label': 'Z.P1', 'text': 'Der Trend geht ohnehin weg von kleinen Landarztpraxen und hin zu medizinischen Versorgungszentren'}, {'id': 12, 'label': 'Z.P4', 'text': 'Die MedKI kann unterstuetzen, den Mangel an Aerzten entgegenzuwirken. Durch den demographischen Wandel wird es mehr kranke und alte Menschen geben. Dadurch brauchen wir mehr Aerzte'}, {'id': 21, 'label': 'NZ.K10', 'text': 'KIs koennen bei der Behandlung objektiv die besten Entscheidungen treffen, doch das allein ist nicht genug um mit einem Arzt gleichgestellt zu werden. Was jedoch eine gute Loesung waere, ist dass beide zusammen arbeiten.'}, {'id': 22, 'label': 'NZ.K10', 'text': 'Die KIs sollten keine Einschraenkungen im Sinn von Behandlugsmoeglichkeiten haben, jedoch sollten die Aerzte die Leitung der Behandlung uebernehmen koennen um so Fehler der KI zu stoppen.'}, {'id': 24, 'label': 'Z.P1', 'text': 'Aerzte sind doch auch Rund um die Uhr erreichbar?! Dafuer werden Sie auch dementsprechend bezahlt. Auf dem Land natuerlich nicht, aber eine KI koennte auch nicht ohne Beaufsichtigung das Krankenhaus leiten'}, {'id': 59, 'label': 'NZ.K4', 'text': 'Hoher Energieverbrauch '}, {'id': 83, 'label': 'Z.P4-1', 'text': 'Dann sollen die Unis mehr Medizin Plaetze anbieten dann gibt es mehr Aerzte '}, {'id': 99, 'label': 'NZ.K10', 'text': 'Waere eine Kombination von KI und Menschen nicht sinnvoller als eine Art Ersatz?'}]"
61,727,2,"jedoch koennen aerzte grundlegende medizinische leistungen auch ohne komplizierte Geraete durchfuehren, die medKI waere bei einem Stromausfall komplett nutzlos ",['Z.K19'],MEDAI,"[['Greeting_Message'], ['Z.K1'], ['intro_28', 'Z.K7', 'intro_56', 'Z.K7-1'], ['NZ.K10'], ['intro_26', 'NZ.K10', 'intro_11', 'NZ.K10-1', 'z_trans_9', 'Z.P1'], ['CONSENT', 'NZ.K10'], ['intro_26', 'Z.P1-1', 'intro_50', 'Z.P1-1-1'], ['OTHER'], ['Z.K19']]","[29, 488, 523, 707, 709, 742, 843, 856, 1103, 1306, 1357, 1360, 1369, 4133, 4134, 4135, 4136, 4137, 4138, 4139, 4140, 4141, 4142, 4143, 4144, 4145, 4146, 4147, 4148, 4149, 4150, 4151, 4152, 4153, 4154]",335,9138,96.33398993215145,35,35,0.10064745216791943,"[{'id': 29, 'label': 'Z.K19', 'text': 'Das ist schon richtig aber eine MedKI hat auch Fehler und faellt mal aus da ist ein Mensch zu verlaessiger '}, {'id': 61, 'label': 'Z.K9', 'text': 'Hacker'}, {'id': 422, 'label': 'Z.K9', 'text': 'Aber was ist mit dem Sicherheitsrisikio?'}, {'id': 433, 'label': 'Z.K9', 'text': 'Oder Hacker die KI manipulieren'}, {'id': 488, 'label': 'Z.K19', 'text': 'Eine KI ist abhaengig von Ressourcen wie Strom und Internet '}, {'id': 519, 'label': 'Z.K13', 'text': 'Ausserdem entstehen Probleme bei Datenschutz'}, {'id': 523, 'label': 'Z.K19', 'text': 'jedoch koennen aerzte grundlegende medizinische leistungen auch ohne komplizierte Geraete durchfuehren, die medKI waere bei einem Stromausfall komplett nutzlos '}, {'id': 533, 'label': 'Z.K9', 'text': 'Was passiert eigentlich, wenn eine solche KI gehackt wird. '}, {'id': 604, 'label': 'Z.K9', 'text': 'Sind die personenbezogenen Daten in der KI sicher?'}, {'id': 707, 'label': 'Z.K19', 'text': ' Ausserdem ist bei einem Ausfall der KI keine Versorgung der Patienten moeglich'}]"
62,731,2,"Aber nicht auf dem Land, dort wird sich die KI wahrscheinlich nicht lohnen ",['Z.K8'],MEDAI,"[['Greeting_Message'], ['Z.K1'], ['intro_28', 'Z.K7', 'intro_56', 'Z.K7-1'], ['NZ.K10'], ['intro_26', 'NZ.K10', 'intro_11', 'NZ.K10-1', 'z_trans_9', 'Z.P1'], ['CONSENT', 'NZ.K10'], ['intro_26', 'Z.P1-1', 'intro_50', 'Z.P1-1-1'], ['OTHER'], ['Z.K19'], ['Z.K19'], ['intro_27', 'Z.K19', 'intro_57', 'z_trans_2', 'Z.P2'], ['Z.K1'], ['intro_25', 'Z.K1', 'intro_55', 'Z.K1-1'], ['CONSENT'], ['OTHER'], ['Z.K8'], ['intro_24', 'Z.K8', 'intro_2', 'Z.K8-1']]","[54, 55, 58, 62, 110, 139, 238, 239, 240, 241, 242, 243, 244, 245, 525, 526, 530, 538, 587, 588, 706, 722, 737, 773, 793, 858, 908, 3220, 3221, 3222, 3223, 3224, 3225, 3226, 3227, 3228, 3229, 3230, 3231, 3232, 3233, 3234, 3235, 3236, 3237, 3238, 3239, 3240, 3241]",395,9138,95.67739111402933,49,49,0.11868840923006169,"[{'id': 54, 'label': 'Z.K8', 'text': 'Hohe Kosten '}, {'id': 55, 'label': 'Z.K8', 'text': 'Zu teure technologie'}, {'id': 56, 'label': 'Z.K14', 'text': 'Arbeitslosigkeit des medizinischen Personals'}, {'id': 57, 'label': 'Z.K14', 'text': 'Personal verliert Job '}, {'id': 58, 'label': 'Z.K8', 'text': 'Hohe Energiekosten'}, {'id': 62, 'label': 'Z.K8', 'text': 'Teure Wartung '}, {'id': 65, 'label': 'Z.K14', 'text': 'Dies waere aber nur bei groesseren Notfaellen von Bedeutung, zumahl extrem viele Arbeitsplaetze verloren gehen wuerden'}, {'id': 68, 'label': 'Z.K14', 'text': 'Das wuerde allerdings einen Aerzteueberschuss und tu hoher Arbeitslosigkeit fuehren, sowie den Verlust tausender Studienplaetze'}, {'id': 69, 'label': 'Z.K14', 'text': 'Arbeitslosigkeit waere eine folge'}, {'id': 82, 'label': 'Z.K14', 'text': 'Und Arbeitsplaetze gehen verloren und Menschen muessen sich langweilen und muessen einen Job machen der ihnen keinen Spass macht.'}]"
63,747,2,Es ist viel persoenlicher mit Aerztinne sich zu unterhalten vor allem fuer aeltere und verwirrte Patientinnen ,['Z.K1'],MEDAI,"[['Greeting_Message'], ['Z.K6'], ['Z.K5']]","[0, 7, 26, 27, 28, 31, 32, 60, 63, 64, 70, 87, 96, 97, 104, 106, 107, 114, 198, 199, 206, 207, 208, 209, 258, 259, 260, 273, 275, 278, 322, 327, 380, 431, 448, 472, 473, 495, 520, 524, 527, 537, 582, 636, 638, 651, 652, 653, 654, 691, 692, 726, 729, 730, 758, 759, 760, 761, 768, 790, 802, 808, 874, 904, 957, 964, 999, 1094, 1121, 1177, 1193, 1239, 1242, 1263, 1275, 1315, 1317, 1321, 1343, 1344, 1346, 1356, 1391, 1443, 1467, 1468, 3330, 3331, 3332, 3333, 3334, 3335, 3336, 3337, 3338, 3339, 3340, 3341, 3342, 3343, 3344, 3345, 3346, 3347, 3348, 3349, 3350, 3351]",1251,9138,86.30991464215364,108,108,0.07451215652560027,"[{'id': 0, 'label': 'Z.K1', 'text': 'Ein bot kannzwischenmaennschliche Interaktion nicht ersetzen '}, {'id': 7, 'label': 'Z.K1', 'text': 'Nein, medizinische Behandlung sollte meiner Meinung nach auf persoenlicher Ebene stattfinden, denn viele Krankeiten nur durch ausfuehrliche Anamnese aufgedeckt werden koennen und zum Teil psychologisch behaftet sind'}, {'id': 11, 'label': 'Z.K7', 'text': 'Ein Menscv kann interagieren und auf andere Menschen eingehen. Wie man an dir merkt, kann da KI nicht'}, {'id': 20, 'label': 'Z.K7', 'text': 'Um Patienten richtig behandeln zu koennen, muss der Arzt wichtige Entscheidungen treffen, welche womoeglich ueber Leben und Tod entscheiden. Dazu ist nur ein Mensch in der Lage, welcher sich in die Lage des Patienten versetzen kann.'}, {'id': 23, 'label': 'Z.K10', 'text': 'Das aendert jedoch nichts daran, dass viele Patienten sich nicht von einer KI behandeln lassen wollen.'}, {'id': 26, 'label': 'Z.K1', 'text': 'Der Persoenliche Kontakt zwischen dem Artzt und dem Patienten ist sehr wichtig, sowohl fuer Artzt als auch Patient. Der Patient kommt sich nicht so vor wie in einem Fastfood Resturant in dem er nur abgefertigt wird sondern mit einem richtigen Menschen als gegen ueber fuehlt er sich Wertgeschaetzt und versorgt, was auch positiv zur Heiling beitragen kann'}, {'id': 27, 'label': 'Z.K1', 'text': 'Eine KI kann aber niemals einen Menschen ersetzten egal wie gut programmiert sie ist, sie wird nie die Menschliche Fuersorge ersetzten koennen'}, {'id': 28, 'label': 'Z.K1', 'text': 'Selbst wenn die KI ausgebildet ist um auch emotional fuer den Menschen zu sorgen, so ist das nicht die selbe Fuersorge und emotionale Bindung wie sie zwischen zwei Menschen entstehen kann. Niemand wird jemals ein Geraet als Bezugs Person sehen da fehlen die echten Gefuehle und selbst gemachte Erfahrungen aus der Realen Welt '}, {'id': 30, 'label': 'Z.K7', 'text': 'Sie kann zwar lernen weiss aber nicht das fehl Entscheidungen auch eine emotionale Erfahrung mit sich bringen welche wichtig sind fuer die Ethik eines Mediziners und Grundlegend zur Entwichlung eines guten Artztes '}, {'id': 31, 'label': 'Z.K1', 'text': 'Das ist ja noch schlechter, man wuerde Patienten mit kleineren Problemen diskriminieren und ihnen das Geguehl geben dass sie weniger Beruecksichtigt werden als Patienten mit schlimmeren Problemen '}]"
64,749,2,Somit wuerden Arztpraxen ihre Arbeit verlieren,['Z.K14'],MEDAI,"[['Greeting_Message'], ['Z.K6'], ['Z.K5'], ['Z.K1'], ['intro_25', 'Z.K1', 'intro_56', 'Z.K1-1'], ['Z.K8'], ['intro_23', 'Z.K8', 'intro_3', 'Z.K8-1']]","[56, 57, 65, 68, 69, 82, 157, 173, 174, 192, 193, 194, 195, 197, 262, 271, 274, 325, 414, 509, 517, 539, 542, 637, 639, 703, 798, 909, 925, 996, 1095, 1196, 1320, 1420, 1448, 4042, 4043, 4044, 4045, 4046, 4047, 4048, 4049, 4050, 4051, 4052, 4053, 4054, 4055, 4056, 4057, 4058, 4059, 4060, 4061, 4062, 4063]",395,9138,95.67739111402933,57,57,0.1380661086961942,"[{'id': 54, 'label': 'Z.K8', 'text': 'Hohe Kosten '}, {'id': 55, 'label': 'Z.K8', 'text': 'Zu teure technologie'}, {'id': 56, 'label': 'Z.K14', 'text': 'Arbeitslosigkeit des medizinischen Personals'}, {'id': 57, 'label': 'Z.K14', 'text': 'Personal verliert Job '}, {'id': 58, 'label': 'Z.K8', 'text': 'Hohe Energiekosten'}, {'id': 62, 'label': 'Z.K8', 'text': 'Teure Wartung '}, {'id': 65, 'label': 'Z.K14', 'text': 'Dies waere aber nur bei groesseren Notfaellen von Bedeutung, zumahl extrem viele Arbeitsplaetze verloren gehen wuerden'}, {'id': 68, 'label': 'Z.K14', 'text': 'Das wuerde allerdings einen Aerzteueberschuss und tu hoher Arbeitslosigkeit fuehren, sowie den Verlust tausender Studienplaetze'}, {'id': 69, 'label': 'Z.K14', 'text': 'Arbeitslosigkeit waere eine folge'}, {'id': 82, 'label': 'Z.K14', 'text': 'Und Arbeitsplaetze gehen verloren und Menschen muessen sich langweilen und muessen einen Job machen der ihnen keinen Spass macht.'}]"
65,754,1,aber wenn das wissen mehrerer menschen in ki vereint ist minimiert das doch die fehlerrate einer einzelnen person ,['Z.P3-1-1'],MEDAI,"[['Greeting_Message'], ['Z.P3'], ['intro_32', 'Z.P3', 'intro_48', 'Z.P3-1']]","[544, 864, 1247, 1295, 3066, 3067, 3068, 3069, 3070, 3071, 3072, 3073, 3074, 3075, 3076, 3077, 3078, 3079, 3080, 3081, 3082, 3083, 3084, 3085, 3086, 3087]",679,9138,92.56949004158459,26,26,0.0354463437567187,"[{'id': 2, 'label': 'Z.P3', 'text': 'Das Wissen einer KI kann eine deutlich hoehere Menge erreichen, als das Wissen eines Menschen. '}, {'id': 3, 'label': 'Z.P3', 'text': 'Eine KI kann mehr Wissen als ein Mensch'}, {'id': 25, 'label': 'Z.P3-1', 'text': ' Allerdings werden die KIs von Menschen programmiert. Insofern ist die Fehlerquote mindestens genauso hoch.'}, {'id': 84, 'label': 'Z.P6', 'text': 'KI sind praeziser '}, {'id': 85, 'label': 'Z.P2', 'text': 'KI sind objektiv '}, {'id': 86, 'label': 'Z.P2', 'text': 'KI sind nicht bestechbar'}, {'id': 115, 'label': 'Z.P6', 'text': 'Bessere Diagnose, quasi frei von Vorurteilen.'}, {'id': 119, 'label': 'Z.P6', 'text': 'Die Praezision der Diagnose steigt, wenn menschliches, also fehlerhaftes, Urteilsvermoegen weitestgehend abgekoppelt werden.'}, {'id': 148, 'label': 'Z.P6', 'text': 'Ich finde Aerzte sollen durch KI ersetzt werden, weil Menschen fehlbar sind'}, {'id': 154, 'label': 'Z.P2', 'text': ' und das unparteiische Verhalten gegenueber der Patienten '}]"
66,755,1,"aber diesen fachkraefte mangel gibt es ja auch eh schon jetzt, dann verstehe ich das argument nicht wirklich ",['Z.P7'],MEDAI,"[['Greeting_Message'], ['Z.P3'], ['intro_32', 'Z.P3', 'intro_48', 'Z.P3-1'], ['Z.P3-1-1'], ['intro_32', 'Z.P3-1-1', 'intro_5', 'z_trans_12', 'Z.P1-1']]","[545, 547, 1421, 3286, 3287, 3288, 3289, 3290, 3291, 3292, 3293, 3294, 3295, 3296, 3297, 3298, 3299, 3300, 3301, 3302, 3303, 3304, 3305, 3306, 3307]",1531,9138,83.24578682425039,25,25,0.01359336819468491,"[{'id': 1, 'label': 'Z.P1-1-1', 'text': 'werden dann Krankenpfleger besser bezahlt?'}, {'id': 2, 'label': 'Z.P3', 'text': 'Das Wissen einer KI kann eine deutlich hoehere Menge erreichen, als das Wissen eines Menschen. '}, {'id': 3, 'label': 'Z.P3', 'text': 'Eine KI kann mehr Wissen als ein Mensch'}, {'id': 5, 'label': 'Z.P4-1', 'text': 'Aber ist es realistisch, dass das Gesundheitssystem besser finanziert wird bevor eine medKI in der Lage ist fundierte Entscheidungen zu treffen?'}, {'id': 8, 'label': 'Z.P1', 'text': 'Der Trend geht ohnehin weg von kleinen Landarztpraxen und hin zu medizinischen Versorgungszentren'}, {'id': 12, 'label': 'Z.P4', 'text': 'Die MedKI kann unterstuetzen, den Mangel an Aerzten entgegenzuwirken. Durch den demographischen Wandel wird es mehr kranke und alte Menschen geben. Dadurch brauchen wir mehr Aerzte'}, {'id': 24, 'label': 'Z.P1', 'text': 'Aerzte sind doch auch Rund um die Uhr erreichbar?! Dafuer werden Sie auch dementsprechend bezahlt. Auf dem Land natuerlich nicht, aber eine KI koennte auch nicht ohne Beaufsichtigung das Krankenhaus leiten'}, {'id': 25, 'label': 'Z.P3-1', 'text': ' Allerdings werden die KIs von Menschen programmiert. Insofern ist die Fehlerquote mindestens genauso hoch.'}, {'id': 83, 'label': 'Z.P4-1', 'text': 'Dann sollen die Unis mehr Medizin Plaetze anbieten dann gibt es mehr Aerzte '}, {'id': 84, 'label': 'Z.P6', 'text': 'KI sind praeziser '}]"
67,756,1,"ich weiss nicht inwiefern das zu einer verschlechterung fuehren soll, in meinen augen gibt es durch die beschleunigung der behandlung ueberwiegend positive aspekte ",['Z.P1'],MEDAI,"[['Greeting_Message'], ['Z.P3'], ['intro_32', 'Z.P3', 'intro_48', 'Z.P3-1'], ['Z.P3-1-1'], ['intro_32', 'Z.P3-1-1', 'intro_5', 'z_trans_12', 'Z.P1-1'], ['Z.P7'], ['intro_27', 'Z.P7', 'intro_57', 'Z.P7-1']]","[8, 24, 100, 137, 138, 153, 179, 180, 182, 211, 212, 220, 407, 415, 417, 419, 483, 546, 551, 594, 610, 611, 661, 698, 714, 736, 782, 900, 944, 1001, 1160, 1185, 1205, 1206, 1208, 1335, 1428, 1439, 2890, 2891, 2892, 2893, 2894, 2895, 2896, 2897, 2898, 2899, 2900, 2901, 2902, 2903, 2904, 2905, 2906, 2907, 2908, 2909, 2910, 2911]",852,9138,90.67629678266579,60,60,0.06385654703004634,"[{'id': 1, 'label': 'Z.P1-1-1', 'text': 'werden dann Krankenpfleger besser bezahlt?'}, {'id': 5, 'label': 'Z.P4-1', 'text': 'Aber ist es realistisch, dass das Gesundheitssystem besser finanziert wird bevor eine medKI in der Lage ist fundierte Entscheidungen zu treffen?'}, {'id': 8, 'label': 'Z.P1', 'text': 'Der Trend geht ohnehin weg von kleinen Landarztpraxen und hin zu medizinischen Versorgungszentren'}, {'id': 12, 'label': 'Z.P4', 'text': 'Die MedKI kann unterstuetzen, den Mangel an Aerzten entgegenzuwirken. Durch den demographischen Wandel wird es mehr kranke und alte Menschen geben. Dadurch brauchen wir mehr Aerzte'}, {'id': 24, 'label': 'Z.P1', 'text': 'Aerzte sind doch auch Rund um die Uhr erreichbar?! Dafuer werden Sie auch dementsprechend bezahlt. Auf dem Land natuerlich nicht, aber eine KI koennte auch nicht ohne Beaufsichtigung das Krankenhaus leiten'}, {'id': 83, 'label': 'Z.P4-1', 'text': 'Dann sollen die Unis mehr Medizin Plaetze anbieten dann gibt es mehr Aerzte '}, {'id': 100, 'label': 'Z.P1', 'text': 'Mit medKI gibt es immerhin genug Aerztinnen, die jetzt fehlen?'}, {'id': 103, 'label': 'Z.P1-1', 'text': 'Personal wird dann trotzdem benoetigt '}, {'id': 108, 'label': 'Z.P4-1', 'text': 'Man koennte auch das Medizin Studium zugaenglicher machen'}, {'id': 109, 'label': 'Z.P4-1', 'text': 'Anstelle der KI kann man auch das Medizin Studium zugaenglicher machen'}]"
68,769,2,"Ja das ist super, habe ich halt auch ueberhaupt nicjt gesagt. Ich das wichtigste an kis ist dass sie flaechendwckend eingesetzt werden koennen, gwrade fuer personen mit wenig zugang zu medizinischer versorgung.",['Z.P1'],MEDAI,"[['Greeting_Message'], ['OTHER'], ['intro_27', 'Z.P1-1', 'intro_47', 'Z.P1-1-1'], ['CONSENT', 'FAQ.G1'], ['intro_26', 'Z.K6', 'intro_55', 'Z.K6-1'], ['DISSENT'], ['intro_25', 'NZ.K10', 'intro_11', 'NZ.K10-1', 'z_trans_1', 'Z.P1']]","[8, 24, 100, 137, 138, 153, 179, 180, 182, 211, 212, 220, 407, 415, 417, 419, 483, 546, 551, 594, 610, 611, 661, 698, 714, 736, 782, 900, 944, 1001, 1160, 1185, 1205, 1206, 1208, 1335, 1428, 1439, 2890, 2891, 2892, 2893, 2894, 2895, 2896, 2897, 2898, 2899, 2900, 2901, 2902, 2903, 2904, 2905, 2906, 2907, 2908, 2909, 2910, 2911]",1209,9138,86.76953381483914,60,60,0.04306180338205416,"[{'id': 1, 'label': 'Z.P1-1-1', 'text': 'werden dann Krankenpfleger besser bezahlt?'}, {'id': 5, 'label': 'Z.P4-1', 'text': 'Aber ist es realistisch, dass das Gesundheitssystem besser finanziert wird bevor eine medKI in der Lage ist fundierte Entscheidungen zu treffen?'}, {'id': 8, 'label': 'Z.P1', 'text': 'Der Trend geht ohnehin weg von kleinen Landarztpraxen und hin zu medizinischen Versorgungszentren'}, {'id': 12, 'label': 'Z.P4', 'text': 'Die MedKI kann unterstuetzen, den Mangel an Aerzten entgegenzuwirken. Durch den demographischen Wandel wird es mehr kranke und alte Menschen geben. Dadurch brauchen wir mehr Aerzte'}, {'id': 21, 'label': 'NZ.K10', 'text': 'KIs koennen bei der Behandlung objektiv die besten Entscheidungen treffen, doch das allein ist nicht genug um mit einem Arzt gleichgestellt zu werden. Was jedoch eine gute Loesung waere, ist dass beide zusammen arbeiten.'}, {'id': 22, 'label': 'NZ.K10', 'text': 'Die KIs sollten keine Einschraenkungen im Sinn von Behandlugsmoeglichkeiten haben, jedoch sollten die Aerzte die Leitung der Behandlung uebernehmen koennen um so Fehler der KI zu stoppen.'}, {'id': 24, 'label': 'Z.P1', 'text': 'Aerzte sind doch auch Rund um die Uhr erreichbar?! Dafuer werden Sie auch dementsprechend bezahlt. Auf dem Land natuerlich nicht, aber eine KI koennte auch nicht ohne Beaufsichtigung das Krankenhaus leiten'}, {'id': 59, 'label': 'NZ.K4', 'text': 'Hoher Energieverbrauch '}, {'id': 83, 'label': 'Z.P4-1', 'text': 'Dann sollen die Unis mehr Medizin Plaetze anbieten dann gibt es mehr Aerzte '}, {'id': 99, 'label': 'NZ.K10', 'text': 'Waere eine Kombination von KI und Menschen nicht sinnvoller als eine Art Ersatz?'}]"
69,812,2,Die KI braucht viel Strom,['Z.K8'],MEDAI,"[['Greeting_Message'], ['Z.K1'], ['intro_32', 'Z.K1', 'intro_55', 'Z.K1-1'], ['Z.P6'], ['intro_24', 'Z.K15', 'intro_48', 'Z.K15-1'], ['Z.P2'], ['intro_24', 'Z.P1-1', 'intro_50', 'Z.P1-1-1'], ['Z.K6'], ['intro_23', 'Z.P1-1', 'intro_52', 'z_trans_16', 'Z.P1'], ['NZ.K9'], ['intro_26', 'NZ.K9', 'intro_10', 'NZ.K9-1', 'z_trans_9', 'Z.P2'], ['Z.K8'], ['intro_32', 'Z.K8', 'intro_1', 'Z.K8-1']]","[54, 55, 58, 62, 110, 139, 238, 239, 240, 241, 242, 243, 244, 245, 525, 526, 530, 538, 587, 588, 706, 722, 737, 773, 793, 858, 908, 3220, 3221, 3222, 3223, 3224, 3225, 3226, 3227, 3228, 3229, 3230, 3231, 3232, 3233, 3234, 3235, 3236, 3237, 3238, 3239, 3240, 3241]",395,9138,95.67739111402933,49,49,0.11868840923006169,"[{'id': 54, 'label': 'Z.K8', 'text': 'Hohe Kosten '}, {'id': 55, 'label': 'Z.K8', 'text': 'Zu teure technologie'}, {'id': 56, 'label': 'Z.K14', 'text': 'Arbeitslosigkeit des medizinischen Personals'}, {'id': 57, 'label': 'Z.K14', 'text': 'Personal verliert Job '}, {'id': 58, 'label': 'Z.K8', 'text': 'Hohe Energiekosten'}, {'id': 62, 'label': 'Z.K8', 'text': 'Teure Wartung '}, {'id': 65, 'label': 'Z.K14', 'text': 'Dies waere aber nur bei groesseren Notfaellen von Bedeutung, zumahl extrem viele Arbeitsplaetze verloren gehen wuerden'}, {'id': 68, 'label': 'Z.K14', 'text': 'Das wuerde allerdings einen Aerzteueberschuss und tu hoher Arbeitslosigkeit fuehren, sowie den Verlust tausender Studienplaetze'}, {'id': 69, 'label': 'Z.K14', 'text': 'Arbeitslosigkeit waere eine folge'}, {'id': 82, 'label': 'Z.K14', 'text': 'Und Arbeitsplaetze gehen verloren und Menschen muessen sich langweilen und muessen einen Job machen der ihnen keinen Spass macht.'}]"
70,814,2,"Ich meine nicht, dass sie nicht akzeptiert wuerden, sondern dass es niemanden gibt der fuer potenzielle Fehlentscheidungen zur Rechenschaft gezogen werden koennte",['Z.K3'],MEDAI,"[['Greeting_Message'], ['NZ.K10'], ['intro_23', 'Z.K3', 'intro_50', 'Z.K3-1']]","[232, 237, 357, 358, 359, 375, 381, 383, 386, 430, 485, 486, 552, 590, 591, 710, 750, 767, 886, 905, 907, 968, 992, 1003, 1047, 1190, 1243, 1244, 1246, 1312, 1319, 3616, 3617, 3618, 3619, 3620, 3621, 3622, 3623, 3624, 3625, 3626, 3627, 3628, 3629, 3630, 3631, 3632, 3633, 3634, 3635, 3636, 3637]",1251,9138,86.30991464215364,53,53,0.0365661508875631,"[{'id': 0, 'label': 'Z.K1', 'text': 'Ein bot kannzwischenmaennschliche Interaktion nicht ersetzen '}, {'id': 7, 'label': 'Z.K1', 'text': 'Nein, medizinische Behandlung sollte meiner Meinung nach auf persoenlicher Ebene stattfinden, denn viele Krankeiten nur durch ausfuehrliche Anamnese aufgedeckt werden koennen und zum Teil psychologisch behaftet sind'}, {'id': 11, 'label': 'Z.K7', 'text': 'Ein Menscv kann interagieren und auf andere Menschen eingehen. Wie man an dir merkt, kann da KI nicht'}, {'id': 20, 'label': 'Z.K7', 'text': 'Um Patienten richtig behandeln zu koennen, muss der Arzt wichtige Entscheidungen treffen, welche womoeglich ueber Leben und Tod entscheiden. Dazu ist nur ein Mensch in der Lage, welcher sich in die Lage des Patienten versetzen kann.'}, {'id': 23, 'label': 'Z.K10', 'text': 'Das aendert jedoch nichts daran, dass viele Patienten sich nicht von einer KI behandeln lassen wollen.'}, {'id': 26, 'label': 'Z.K1', 'text': 'Der Persoenliche Kontakt zwischen dem Artzt und dem Patienten ist sehr wichtig, sowohl fuer Artzt als auch Patient. Der Patient kommt sich nicht so vor wie in einem Fastfood Resturant in dem er nur abgefertigt wird sondern mit einem richtigen Menschen als gegen ueber fuehlt er sich Wertgeschaetzt und versorgt, was auch positiv zur Heiling beitragen kann'}, {'id': 27, 'label': 'Z.K1', 'text': 'Eine KI kann aber niemals einen Menschen ersetzten egal wie gut programmiert sie ist, sie wird nie die Menschliche Fuersorge ersetzten koennen'}, {'id': 28, 'label': 'Z.K1', 'text': 'Selbst wenn die KI ausgebildet ist um auch emotional fuer den Menschen zu sorgen, so ist das nicht die selbe Fuersorge und emotionale Bindung wie sie zwischen zwei Menschen entstehen kann. Niemand wird jemals ein Geraet als Bezugs Person sehen da fehlen die echten Gefuehle und selbst gemachte Erfahrungen aus der Realen Welt '}, {'id': 30, 'label': 'Z.K7', 'text': 'Sie kann zwar lernen weiss aber nicht das fehl Entscheidungen auch eine emotionale Erfahrung mit sich bringen welche wichtig sind fuer die Ethik eines Mediziners und Grundlegend zur Entwichlung eines guten Artztes '}, {'id': 31, 'label': 'Z.K1', 'text': 'Das ist ja noch schlechter, man wuerde Patienten mit kleineren Problemen diskriminieren und ihnen das Geguehl geben dass sie weniger Beruecksichtigt werden als Patienten mit schlimmeren Problemen '}]"
71,815,2,"Ja das stimmt, allerdings finde ich es schwierig zu bestimmen wer diesen Schadensersatz im Zweifelsfall zahlen muss",['Z.K3'],MEDAI,"[['Greeting_Message'], ['NZ.K10'], ['intro_23', 'Z.K3', 'intro_50', 'Z.K3-1'], ['Z.K3'], ['intro_23', 'Z.K3', 'intro_48', 'Z.K3-2']]","[232, 237, 357, 358, 359, 375, 381, 383, 386, 430, 485, 486, 552, 590, 591, 710, 750, 767, 886, 905, 907, 968, 992, 1003, 1047, 1190, 1243, 1244, 1246, 1312, 1319, 3616, 3617, 3618, 3619, 3620, 3621, 3622, 3623, 3624, 3625, 3626, 3627, 3628, 3629, 3630, 3631, 3632, 3633, 3634, 3635, 3636, 3637]",1251,9138,86.30991464215364,53,53,0.0365661508875631,"[{'id': 0, 'label': 'Z.K1', 'text': 'Ein bot kannzwischenmaennschliche Interaktion nicht ersetzen '}, {'id': 7, 'label': 'Z.K1', 'text': 'Nein, medizinische Behandlung sollte meiner Meinung nach auf persoenlicher Ebene stattfinden, denn viele Krankeiten nur durch ausfuehrliche Anamnese aufgedeckt werden koennen und zum Teil psychologisch behaftet sind'}, {'id': 11, 'label': 'Z.K7', 'text': 'Ein Menscv kann interagieren und auf andere Menschen eingehen. Wie man an dir merkt, kann da KI nicht'}, {'id': 20, 'label': 'Z.K7', 'text': 'Um Patienten richtig behandeln zu koennen, muss der Arzt wichtige Entscheidungen treffen, welche womoeglich ueber Leben und Tod entscheiden. Dazu ist nur ein Mensch in der Lage, welcher sich in die Lage des Patienten versetzen kann.'}, {'id': 23, 'label': 'Z.K10', 'text': 'Das aendert jedoch nichts daran, dass viele Patienten sich nicht von einer KI behandeln lassen wollen.'}, {'id': 26, 'label': 'Z.K1', 'text': 'Der Persoenliche Kontakt zwischen dem Artzt und dem Patienten ist sehr wichtig, sowohl fuer Artzt als auch Patient. Der Patient kommt sich nicht so vor wie in einem Fastfood Resturant in dem er nur abgefertigt wird sondern mit einem richtigen Menschen als gegen ueber fuehlt er sich Wertgeschaetzt und versorgt, was auch positiv zur Heiling beitragen kann'}, {'id': 27, 'label': 'Z.K1', 'text': 'Eine KI kann aber niemals einen Menschen ersetzten egal wie gut programmiert sie ist, sie wird nie die Menschliche Fuersorge ersetzten koennen'}, {'id': 28, 'label': 'Z.K1', 'text': 'Selbst wenn die KI ausgebildet ist um auch emotional fuer den Menschen zu sorgen, so ist das nicht die selbe Fuersorge und emotionale Bindung wie sie zwischen zwei Menschen entstehen kann. Niemand wird jemals ein Geraet als Bezugs Person sehen da fehlen die echten Gefuehle und selbst gemachte Erfahrungen aus der Realen Welt '}, {'id': 30, 'label': 'Z.K7', 'text': 'Sie kann zwar lernen weiss aber nicht das fehl Entscheidungen auch eine emotionale Erfahrung mit sich bringen welche wichtig sind fuer die Ethik eines Mediziners und Grundlegend zur Entwichlung eines guten Artztes '}, {'id': 31, 'label': 'Z.K1', 'text': 'Das ist ja noch schlechter, man wuerde Patienten mit kleineren Problemen diskriminieren und ihnen das Geguehl geben dass sie weniger Beruecksichtigt werden als Patienten mit schlimmeren Problemen '}]"
72,821,2,"Aber medizinische Leistung ist im Status Quo vorallem durch die pflegekapazitaet begrenzt, Aerzte wuerden ja schon durch die Unterstuetzung viel effizienter werden, deshalb wird der Aerztemangel in Zukunft nicht ausschlaggebend fuer die medizinische Versorgung sein","['Z.P4-1', 'Z.P1']",MEDAI,"[['Greeting_Message'], ['NZ.K10'], ['intro_23', 'Z.K3', 'intro_50', 'Z.K3-1'], ['Z.K3'], ['intro_23', 'Z.K3', 'intro_48', 'Z.K3-2'], ['Z.K3'], ['intro_26', 'Z.K3', 'intro_52', 'z_trans_13', 'Z.P1'], ['OTHER'], ['intro_27', 'Z.K16', 'intro_57', 'Z.K16-1'], ['DISSENT'], ['intro_26', 'Z.P1-1', 'intro_47', 'Z.P1-1-1'], ['Z.GK5'], ['intro_27', 'Z.K1', 'intro_56', 'Z.K1-1'], ['OTHER'], ['intro_28', 'Z.K3', 'intro_54', 'z_trans_12', 'Z.P2'], ['NZ.K10'], ['intro_27', 'NZ.K10', 'intro_9', 'NZ.K10-1', 'z_trans_9', 'Z.P4']]","[5, 8, 24, 83, 100, 108, 109, 131, 137, 138, 153, 179, 180, 182, 202, 203, 204, 205, 211, 212, 220, 280, 281, 282, 405, 407, 415, 417, 419, 483, 546, 551, 573, 593, 594, 610, 611, 661, 698, 714, 736, 782, 900, 944, 1001, 1045, 1160, 1185, 1205, 1206, 1208, 1236, 1277, 1335, 1428, 1439, 2890, 2891, 2892, 2893, 2894, 2895, 2896, 2897, 2898, 2899, 2900, 2901, 2902, 2903, 2904, 2905, 2906, 2907, 2908, 2909, 2910, 2911, 2978, 2979, 2980, 2981, 2982, 2983, 2984, 2985, 2986, 2987, 2988, 2989, 2990, 2991, 2992, 2993, 2994, 2995, 2996, 2997, 2998, 2999]",1209,9138,86.76953381483914,100,100,0.0717696723034236,"[{'id': 1, 'label': 'Z.P1-1-1', 'text': 'werden dann Krankenpfleger besser bezahlt?'}, {'id': 5, 'label': 'Z.P4-1', 'text': 'Aber ist es realistisch, dass das Gesundheitssystem besser finanziert wird bevor eine medKI in der Lage ist fundierte Entscheidungen zu treffen?'}, {'id': 8, 'label': 'Z.P1', 'text': 'Der Trend geht ohnehin weg von kleinen Landarztpraxen und hin zu medizinischen Versorgungszentren'}, {'id': 12, 'label': 'Z.P4', 'text': 'Die MedKI kann unterstuetzen, den Mangel an Aerzten entgegenzuwirken. Durch den demographischen Wandel wird es mehr kranke und alte Menschen geben. Dadurch brauchen wir mehr Aerzte'}, {'id': 21, 'label': 'NZ.K10', 'text': 'KIs koennen bei der Behandlung objektiv die besten Entscheidungen treffen, doch das allein ist nicht genug um mit einem Arzt gleichgestellt zu werden. Was jedoch eine gute Loesung waere, ist dass beide zusammen arbeiten.'}, {'id': 22, 'label': 'NZ.K10', 'text': 'Die KIs sollten keine Einschraenkungen im Sinn von Behandlugsmoeglichkeiten haben, jedoch sollten die Aerzte die Leitung der Behandlung uebernehmen koennen um so Fehler der KI zu stoppen.'}, {'id': 24, 'label': 'Z.P1', 'text': 'Aerzte sind doch auch Rund um die Uhr erreichbar?! Dafuer werden Sie auch dementsprechend bezahlt. Auf dem Land natuerlich nicht, aber eine KI koennte auch nicht ohne Beaufsichtigung das Krankenhaus leiten'}, {'id': 59, 'label': 'NZ.K4', 'text': 'Hoher Energieverbrauch '}, {'id': 83, 'label': 'Z.P4-1', 'text': 'Dann sollen die Unis mehr Medizin Plaetze anbieten dann gibt es mehr Aerzte '}, {'id': 99, 'label': 'NZ.K10', 'text': 'Waere eine Kombination von KI und Menschen nicht sinnvoller als eine Art Ersatz?'}]"
73,835,1,"Das Geld das durch Personal eingespart wird, kann in die Medizin gesteckt werden",['Z.P5'],MEDAI,"[['Greeting_Message'], ['Z.P3'], ['intro_27', 'Z.P3', 'intro_51', 'Z.P3-1'], ['OTHER'], ['Z.P6'], ['NZ.K10'], ['Z.P6'], ['Z.P5'], ['intro_24', 'Z.P5', 'intro_47', 'Z.P5-1']]","[4, 13, 14, 15, 218, 406, 602, 603, 663, 675, 676, 699, 715, 752, 754, 755, 756, 862, 1150, 1184, 1294, 1354, 1362, 1430, 1454, 3176, 3177, 3178, 3179, 3180, 3181, 3182, 3183, 3184, 3185, 3186, 3187, 3188, 3189, 3190, 3191, 3192, 3193, 3194, 3195, 3196, 3197]",259,9138,97.16568176843948,47,47,0.17632382405855812,"[{'id': 4, 'label': 'Z.P5', 'text': 'Durch Einsparung von Personal bei Aerztinnen, kann mehr fuer Pflegepersonal ausgegeben werden. '}, {'id': 13, 'label': 'Z.P5', 'text': 'Die KI kann von mehreren Nationen entwickelt werden. Dadurch sinken die Kosten'}, {'id': 14, 'label': 'Z.P5', 'text': 'Sobald eine selbst lernende Ki entwickelt wurde, wird das Entwickeln nicht mehr viel kosten'}, {'id': 15, 'label': 'Z.P5', 'text': 'Dafuer kann der First Level Support von Aerzten abgewendet werden und durch KIs uebernommen werden'}, {'id': 218, 'label': 'Z.P5', 'text': 'Eine KI zu warten ist einfacher als ein Medizinstudium'}, {'id': 283, 'label': 'Z.P5-1', 'text': 'Die Bundesregierung sollte mehr Geld in die Medizinausbildung stecken'}, {'id': 406, 'label': 'Z.P5', 'text': ""KI's koennten aber die Pflegekraefte entlasten""}, {'id': 416, 'label': 'Z.P5-1', 'text': 'Warum muss so ein Dienst Geld verdienen, da hier sehr vielen Menschen geholfen werden kann, darf so etwas schon Geld kosten'}, {'id': 574, 'label': 'Z.P5-1', 'text': 'Die Entwicklung der Technologie wird immer teuer sein, das gehoert zu unserem gesellschaftlichen Wandel'}, {'id': 602, 'label': 'Z.P5', 'text': 'KI ist guenstiger '}]"
74,840,1,Genaue Diagnosen und Wissen ueber saemtliche medizinische Forschungen und Erkenntnisse,['Z.P3'],MEDAI,"[['Greeting_Message'], ['Z.K2'], ['NoneOfTheAbove'], ['Z.K2'], ['intro_23', 'Z.P6', 'intro_48', 'Z.P6-1']]","[2, 3, 181, 543, 600, 607, 630, 673, 674, 694, 1252, 3022, 3023, 3024, 3025, 3026, 3027, 3028, 3029, 3030, 3031, 3032, 3033, 3034, 3035, 3036, 3037, 3038, 3039, 3040, 3041, 3042, 3043]",679,9138,92.56949004158459,33,33,0.044989590152758344,"[{'id': 2, 'label': 'Z.P3', 'text': 'Das Wissen einer KI kann eine deutlich hoehere Menge erreichen, als das Wissen eines Menschen. '}, {'id': 3, 'label': 'Z.P3', 'text': 'Eine KI kann mehr Wissen als ein Mensch'}, {'id': 25, 'label': 'Z.P3-1', 'text': ' Allerdings werden die KIs von Menschen programmiert. Insofern ist die Fehlerquote mindestens genauso hoch.'}, {'id': 84, 'label': 'Z.P6', 'text': 'KI sind praeziser '}, {'id': 85, 'label': 'Z.P2', 'text': 'KI sind objektiv '}, {'id': 86, 'label': 'Z.P2', 'text': 'KI sind nicht bestechbar'}, {'id': 115, 'label': 'Z.P6', 'text': 'Bessere Diagnose, quasi frei von Vorurteilen.'}, {'id': 119, 'label': 'Z.P6', 'text': 'Die Praezision der Diagnose steigt, wenn menschliches, also fehlerhaftes, Urteilsvermoegen weitestgehend abgekoppelt werden.'}, {'id': 148, 'label': 'Z.P6', 'text': 'Ich finde Aerzte sollen durch KI ersetzt werden, weil Menschen fehlbar sind'}, {'id': 154, 'label': 'Z.P2', 'text': ' und das unparteiische Verhalten gegenueber der Patienten '}]"
75,842,1,Richtige und effektive Handhabung der KI muss gelernt werden,['Z.P3-1'],MEDAI,"[['Greeting_Message'], ['Z.K2'], ['NoneOfTheAbove'], ['Z.K2'], ['intro_23', 'Z.P6', 'intro_48', 'Z.P6-1'], ['Z.P3'], ['intro_23', 'Z.P3', 'intro_48', 'Z.P3-1'], ['Z.K7'], ['intro_24', 'Z.P3-1-1', 'intro_6', 'z_trans_12', 'Z.P1-1']]","[25, 609, 631, 743, 910, 1305, 1307, 3044, 3045, 3046, 3047, 3048, 3049, 3050, 3051, 3052, 3053, 3054, 3055, 3056, 3057, 3058, 3059, 3060, 3061, 3062, 3063, 3064, 3065]",1531,9138,83.24578682425039,29,29,0.015768307105834493,"[{'id': 1, 'label': 'Z.P1-1-1', 'text': 'werden dann Krankenpfleger besser bezahlt?'}, {'id': 2, 'label': 'Z.P3', 'text': 'Das Wissen einer KI kann eine deutlich hoehere Menge erreichen, als das Wissen eines Menschen. '}, {'id': 3, 'label': 'Z.P3', 'text': 'Eine KI kann mehr Wissen als ein Mensch'}, {'id': 5, 'label': 'Z.P4-1', 'text': 'Aber ist es realistisch, dass das Gesundheitssystem besser finanziert wird bevor eine medKI in der Lage ist fundierte Entscheidungen zu treffen?'}, {'id': 8, 'label': 'Z.P1', 'text': 'Der Trend geht ohnehin weg von kleinen Landarztpraxen und hin zu medizinischen Versorgungszentren'}, {'id': 12, 'label': 'Z.P4', 'text': 'Die MedKI kann unterstuetzen, den Mangel an Aerzten entgegenzuwirken. Durch den demographischen Wandel wird es mehr kranke und alte Menschen geben. Dadurch brauchen wir mehr Aerzte'}, {'id': 24, 'label': 'Z.P1', 'text': 'Aerzte sind doch auch Rund um die Uhr erreichbar?! Dafuer werden Sie auch dementsprechend bezahlt. Auf dem Land natuerlich nicht, aber eine KI koennte auch nicht ohne Beaufsichtigung das Krankenhaus leiten'}, {'id': 25, 'label': 'Z.P3-1', 'text': ' Allerdings werden die KIs von Menschen programmiert. Insofern ist die Fehlerquote mindestens genauso hoch.'}, {'id': 83, 'label': 'Z.P4-1', 'text': 'Dann sollen die Unis mehr Medizin Plaetze anbieten dann gibt es mehr Aerzte '}, {'id': 84, 'label': 'Z.P6', 'text': 'KI sind praeziser '}]"
76,864,1,"Dann werden die Fehler eben von KI begangen anstatt von meinem 70jaehrigen Hausarzt, der auch nicht mehr auf dem neuesten Stand ist.",['Z.P3-1'],MEDAI,"[['Greeting_Message'], ['Z.P3'], ['intro_26', 'Z.P3', 'intro_50', 'Z.P3-1']]","[25, 609, 631, 743, 910, 1305, 1307, 3044, 3045, 3046, 3047, 3048, 3049, 3050, 3051, 3052, 3053, 3054, 3055, 3056, 3057, 3058, 3059, 3060, 3061, 3062, 3063, 3064, 3065]",679,9138,92.56949004158459,29,29,0.039536306497878544,"[{'id': 2, 'label': 'Z.P3', 'text': 'Das Wissen einer KI kann eine deutlich hoehere Menge erreichen, als das Wissen eines Menschen. '}, {'id': 3, 'label': 'Z.P3', 'text': 'Eine KI kann mehr Wissen als ein Mensch'}, {'id': 25, 'label': 'Z.P3-1', 'text': ' Allerdings werden die KIs von Menschen programmiert. Insofern ist die Fehlerquote mindestens genauso hoch.'}, {'id': 84, 'label': 'Z.P6', 'text': 'KI sind praeziser '}, {'id': 85, 'label': 'Z.P2', 'text': 'KI sind objektiv '}, {'id': 86, 'label': 'Z.P2', 'text': 'KI sind nicht bestechbar'}, {'id': 115, 'label': 'Z.P6', 'text': 'Bessere Diagnose, quasi frei von Vorurteilen.'}, {'id': 119, 'label': 'Z.P6', 'text': 'Die Praezision der Diagnose steigt, wenn menschliches, also fehlerhaftes, Urteilsvermoegen weitestgehend abgekoppelt werden.'}, {'id': 148, 'label': 'Z.P6', 'text': 'Ich finde Aerzte sollen durch KI ersetzt werden, weil Menschen fehlbar sind'}, {'id': 154, 'label': 'Z.P2', 'text': ' und das unparteiische Verhalten gegenueber der Patienten '}]"
77,871,2,Welche Rolle nehmen Aerzte ein wenn ihnen ihre Kompetenz durch offenbar intelligentere Instanzen abgesprochen wird ? ,['Z.K14'],MEDAI,"[['Greeting_Message'], ['OTHER'], ['intro_28', 'Z.K1', 'intro_55', 'Z.K1-1'], ['FAQ.2'], ['intro_25', 'NZ.K10', 'intro_10', 'NZ.K10-1', 'z_trans_9', 'Z.P1'], ['Z.P6', 'Z.K1'], ['intro_24', 'Z.K16', 'intro_57', 'Z.K16-1']]","[56, 57, 65, 68, 69, 82, 157, 173, 174, 192, 193, 194, 195, 197, 262, 271, 274, 325, 414, 509, 517, 539, 542, 637, 639, 703, 798, 909, 925, 996, 1095, 1196, 1320, 1420, 1448, 4042, 4043, 4044, 4045, 4046, 4047, 4048, 4049, 4050, 4051, 4052, 4053, 4054, 4055, 4056, 4057, 4058, 4059, 4060, 4061, 4062, 4063]",395,9138,95.67739111402933,57,57,0.1380661086961942,"[{'id': 54, 'label': 'Z.K8', 'text': 'Hohe Kosten '}, {'id': 55, 'label': 'Z.K8', 'text': 'Zu teure technologie'}, {'id': 56, 'label': 'Z.K14', 'text': 'Arbeitslosigkeit des medizinischen Personals'}, {'id': 57, 'label': 'Z.K14', 'text': 'Personal verliert Job '}, {'id': 58, 'label': 'Z.K8', 'text': 'Hohe Energiekosten'}, {'id': 62, 'label': 'Z.K8', 'text': 'Teure Wartung '}, {'id': 65, 'label': 'Z.K14', 'text': 'Dies waere aber nur bei groesseren Notfaellen von Bedeutung, zumahl extrem viele Arbeitsplaetze verloren gehen wuerden'}, {'id': 68, 'label': 'Z.K14', 'text': 'Das wuerde allerdings einen Aerzteueberschuss und tu hoher Arbeitslosigkeit fuehren, sowie den Verlust tausender Studienplaetze'}, {'id': 69, 'label': 'Z.K14', 'text': 'Arbeitslosigkeit waere eine folge'}, {'id': 82, 'label': 'Z.K14', 'text': 'Und Arbeitsplaetze gehen verloren und Menschen muessen sich langweilen und muessen einen Job machen der ihnen keinen Spass macht.'}]"
78,874,2,An dieser Stelle wuerden Aerzte ja bloss eine untergeordnete Rolle einnehmen. Waere dies nicht fahrlaessig ,['Z.K16'],MEDAI,"[['Greeting_Message'], ['OTHER'], ['intro_28', 'Z.K1', 'intro_55', 'Z.K1-1'], ['FAQ.2'], ['intro_25', 'NZ.K10', 'intro_10', 'NZ.K10-1', 'z_trans_9', 'Z.P1'], ['Z.P6', 'Z.K1'], ['intro_24', 'Z.K16', 'intro_57', 'Z.K16-1'], ['Z.K14'], ['intro_28', 'Z.K6', 'intro_55', 'Z.K6-1'], ['Z.K1'], ['intro_32', 'Z.P1-1', 'intro_46', 'Z.P1-1-1'], ['Z.K14'], ['Z.K14']]","[147, 389, 500, 518, 534, 640, 708, 845, 855, 927, 1014, 1066, 1102, 1232, 4086, 4087, 4088, 4089, 4090, 4091, 4092, 4093, 4094, 4095, 4096, 4097, 4098, 4099, 4100, 4101, 4102, 4103, 4104, 4105, 4106, 4107, 4108, 4109, 4110]",395,9138,95.67739111402933,39,39,0.09446628489739604,"[{'id': 54, 'label': 'Z.K8', 'text': 'Hohe Kosten '}, {'id': 55, 'label': 'Z.K8', 'text': 'Zu teure technologie'}, {'id': 56, 'label': 'Z.K14', 'text': 'Arbeitslosigkeit des medizinischen Personals'}, {'id': 57, 'label': 'Z.K14', 'text': 'Personal verliert Job '}, {'id': 58, 'label': 'Z.K8', 'text': 'Hohe Energiekosten'}, {'id': 62, 'label': 'Z.K8', 'text': 'Teure Wartung '}, {'id': 65, 'label': 'Z.K14', 'text': 'Dies waere aber nur bei groesseren Notfaellen von Bedeutung, zumahl extrem viele Arbeitsplaetze verloren gehen wuerden'}, {'id': 68, 'label': 'Z.K14', 'text': 'Das wuerde allerdings einen Aerzteueberschuss und tu hoher Arbeitslosigkeit fuehren, sowie den Verlust tausender Studienplaetze'}, {'id': 69, 'label': 'Z.K14', 'text': 'Arbeitslosigkeit waere eine folge'}, {'id': 82, 'label': 'Z.K14', 'text': 'Und Arbeitsplaetze gehen verloren und Menschen muessen sich langweilen und muessen einen Job machen der ihnen keinen Spass macht.'}]"
79,884,2,"Nein das habe ich nicht gemeint. Wieso KI einsetzen, wenn es doch wieder Fachpersonal gibt?",['Z.P1-1'],MEDAI,"[['Greeting_Message'], ['Z.K2'], ['intro_28', 'Z.K2', 'intro_56', 'Z.K2-4'], ['Z.P1-1'], ['intro_27', 'NZ.K10', 'intro_9', 'NZ.K10-1', 'z_trans_4', 'Z.P1']]","[103, 229, 231, 235, 347, 348, 496, 498, 531, 649, 650, 723, 764, 772, 939, 942, 1234, 1292, 1440, 2912, 2913, 2914, 2915, 2916, 2917, 2918, 2919, 2920, 2921, 2922, 2923, 2924, 2925, 2926, 2927, 2928, 2929, 2930, 2931, 2932, 2933]",1209,9138,86.76953381483914,41,41,0.029425565644403677,"[{'id': 1, 'label': 'Z.P1-1-1', 'text': 'werden dann Krankenpfleger besser bezahlt?'}, {'id': 5, 'label': 'Z.P4-1', 'text': 'Aber ist es realistisch, dass das Gesundheitssystem besser finanziert wird bevor eine medKI in der Lage ist fundierte Entscheidungen zu treffen?'}, {'id': 8, 'label': 'Z.P1', 'text': 'Der Trend geht ohnehin weg von kleinen Landarztpraxen und hin zu medizinischen Versorgungszentren'}, {'id': 12, 'label': 'Z.P4', 'text': 'Die MedKI kann unterstuetzen, den Mangel an Aerzten entgegenzuwirken. Durch den demographischen Wandel wird es mehr kranke und alte Menschen geben. Dadurch brauchen wir mehr Aerzte'}, {'id': 21, 'label': 'NZ.K10', 'text': 'KIs koennen bei der Behandlung objektiv die besten Entscheidungen treffen, doch das allein ist nicht genug um mit einem Arzt gleichgestellt zu werden. Was jedoch eine gute Loesung waere, ist dass beide zusammen arbeiten.'}, {'id': 22, 'label': 'NZ.K10', 'text': 'Die KIs sollten keine Einschraenkungen im Sinn von Behandlugsmoeglichkeiten haben, jedoch sollten die Aerzte die Leitung der Behandlung uebernehmen koennen um so Fehler der KI zu stoppen.'}, {'id': 24, 'label': 'Z.P1', 'text': 'Aerzte sind doch auch Rund um die Uhr erreichbar?! Dafuer werden Sie auch dementsprechend bezahlt. Auf dem Land natuerlich nicht, aber eine KI koennte auch nicht ohne Beaufsichtigung das Krankenhaus leiten'}, {'id': 59, 'label': 'NZ.K4', 'text': 'Hoher Energieverbrauch '}, {'id': 83, 'label': 'Z.P4-1', 'text': 'Dann sollen die Unis mehr Medizin Plaetze anbieten dann gibt es mehr Aerzte '}, {'id': 99, 'label': 'NZ.K10', 'text': 'Waere eine Kombination von KI und Menschen nicht sinnvoller als eine Art Ersatz?'}]"
80,888,2,"Ja aber KI ist kein Mensch mit Sinnen, Geruch und Freundlichkeit sondern nur eine Rechenmaschine ",['Z.K1'],MEDAI,"[['Greeting_Message'], ['Z.K2'], ['intro_28', 'Z.K2', 'intro_56', 'Z.K2-4'], ['Z.P1-1'], ['intro_27', 'NZ.K10', 'intro_9', 'NZ.K10-1', 'z_trans_4', 'Z.P1'], ['OTHER', 'Z.P1-1'], ['intro_25', 'Z.P1-1', 'intro_47', 'Z.P1-1-1'], ['OTHER'], ['Z.K6'], ['Z.K1'], ['intro_28', 'Z.K15', 'intro_47', 'Z.K15-1'], ['Z.K1'], ['intro_25', 'Z.K1', 'intro_56', 'Z.K1-1']]","[0, 7, 26, 27, 28, 31, 32, 60, 63, 64, 70, 87, 96, 97, 104, 106, 107, 114, 198, 199, 206, 207, 208, 209, 258, 259, 260, 273, 275, 278, 322, 327, 380, 431, 448, 472, 473, 495, 520, 524, 527, 537, 582, 636, 638, 651, 652, 653, 654, 691, 692, 726, 729, 730, 758, 759, 760, 761, 768, 790, 802, 808, 874, 904, 957, 964, 999, 1094, 1121, 1177, 1193, 1239, 1242, 1263, 1275, 1315, 1317, 1321, 1343, 1344, 1346, 1356, 1391, 1443, 1467, 1468, 3330, 3331, 3332, 3333, 3334, 3335, 3336, 3337, 3338, 3339, 3340, 3341, 3342, 3343, 3344, 3345, 3346, 3347, 3348, 3349, 3350, 3351]",1251,9138,86.30991464215364,108,108,0.07451215652560027,"[{'id': 0, 'label': 'Z.K1', 'text': 'Ein bot kannzwischenmaennschliche Interaktion nicht ersetzen '}, {'id': 7, 'label': 'Z.K1', 'text': 'Nein, medizinische Behandlung sollte meiner Meinung nach auf persoenlicher Ebene stattfinden, denn viele Krankeiten nur durch ausfuehrliche Anamnese aufgedeckt werden koennen und zum Teil psychologisch behaftet sind'}, {'id': 11, 'label': 'Z.K7', 'text': 'Ein Menscv kann interagieren und auf andere Menschen eingehen. Wie man an dir merkt, kann da KI nicht'}, {'id': 20, 'label': 'Z.K7', 'text': 'Um Patienten richtig behandeln zu koennen, muss der Arzt wichtige Entscheidungen treffen, welche womoeglich ueber Leben und Tod entscheiden. Dazu ist nur ein Mensch in der Lage, welcher sich in die Lage des Patienten versetzen kann.'}, {'id': 23, 'label': 'Z.K10', 'text': 'Das aendert jedoch nichts daran, dass viele Patienten sich nicht von einer KI behandeln lassen wollen.'}, {'id': 26, 'label': 'Z.K1', 'text': 'Der Persoenliche Kontakt zwischen dem Artzt und dem Patienten ist sehr wichtig, sowohl fuer Artzt als auch Patient. Der Patient kommt sich nicht so vor wie in einem Fastfood Resturant in dem er nur abgefertigt wird sondern mit einem richtigen Menschen als gegen ueber fuehlt er sich Wertgeschaetzt und versorgt, was auch positiv zur Heiling beitragen kann'}, {'id': 27, 'label': 'Z.K1', 'text': 'Eine KI kann aber niemals einen Menschen ersetzten egal wie gut programmiert sie ist, sie wird nie die Menschliche Fuersorge ersetzten koennen'}, {'id': 28, 'label': 'Z.K1', 'text': 'Selbst wenn die KI ausgebildet ist um auch emotional fuer den Menschen zu sorgen, so ist das nicht die selbe Fuersorge und emotionale Bindung wie sie zwischen zwei Menschen entstehen kann. Niemand wird jemals ein Geraet als Bezugs Person sehen da fehlen die echten Gefuehle und selbst gemachte Erfahrungen aus der Realen Welt '}, {'id': 30, 'label': 'Z.K7', 'text': 'Sie kann zwar lernen weiss aber nicht das fehl Entscheidungen auch eine emotionale Erfahrung mit sich bringen welche wichtig sind fuer die Ethik eines Mediziners und Grundlegend zur Entwichlung eines guten Artztes '}, {'id': 31, 'label': 'Z.K1', 'text': 'Das ist ja noch schlechter, man wuerde Patienten mit kleineren Problemen diskriminieren und ihnen das Geguehl geben dass sie weniger Beruecksichtigt werden als Patienten mit schlimmeren Problemen '}]"
81,889,2,Nein das meinte ich nicht. Menschen brauchen auch anderen menschlichen Kontakt. Sonst wird die Gesellschaft anonymisiert. ,['Z.K1'],MEDAI,"[['Greeting_Message'], ['Z.K2'], ['intro_28', 'Z.K2', 'intro_56', 'Z.K2-4'], ['Z.P1-1'], ['intro_27', 'NZ.K10', 'intro_9', 'NZ.K10-1', 'z_trans_4', 'Z.P1'], ['OTHER', 'Z.P1-1'], ['intro_25', 'Z.P1-1', 'intro_47', 'Z.P1-1-1'], ['OTHER'], ['Z.K6'], ['Z.K1'], ['intro_28', 'Z.K15', 'intro_47', 'Z.K15-1'], ['Z.K1'], ['intro_25', 'Z.K1', 'intro_56', 'Z.K1-1'], ['Z.K1'], ['intro_24', 'Z.K1', 'intro_56', 'z_trans_11', 'Z.P2']]","[0, 7, 26, 27, 28, 31, 32, 60, 63, 64, 70, 87, 96, 97, 104, 106, 107, 114, 198, 199, 206, 207, 208, 209, 258, 259, 260, 273, 275, 278, 322, 327, 380, 431, 448, 472, 473, 495, 520, 524, 527, 537, 582, 636, 638, 651, 652, 653, 654, 691, 692, 726, 729, 730, 758, 759, 760, 761, 768, 790, 802, 808, 874, 904, 957, 964, 999, 1094, 1121, 1177, 1193, 1239, 1242, 1263, 1275, 1315, 1317, 1321, 1343, 1344, 1346, 1356, 1391, 1443, 1467, 1468, 3330, 3331, 3332, 3333, 3334, 3335, 3336, 3337, 3338, 3339, 3340, 3341, 3342, 3343, 3344, 3345, 3346, 3347, 3348, 3349, 3350, 3351]",1930,9138,78.87940468373824,108,108,0.04413977049659964,"[{'id': 0, 'label': 'Z.K1', 'text': 'Ein bot kannzwischenmaennschliche Interaktion nicht ersetzen '}, {'id': 2, 'label': 'Z.P3', 'text': 'Das Wissen einer KI kann eine deutlich hoehere Menge erreichen, als das Wissen eines Menschen. '}, {'id': 3, 'label': 'Z.P3', 'text': 'Eine KI kann mehr Wissen als ein Mensch'}, {'id': 7, 'label': 'Z.K1', 'text': 'Nein, medizinische Behandlung sollte meiner Meinung nach auf persoenlicher Ebene stattfinden, denn viele Krankeiten nur durch ausfuehrliche Anamnese aufgedeckt werden koennen und zum Teil psychologisch behaftet sind'}, {'id': 11, 'label': 'Z.K7', 'text': 'Ein Menscv kann interagieren und auf andere Menschen eingehen. Wie man an dir merkt, kann da KI nicht'}, {'id': 20, 'label': 'Z.K7', 'text': 'Um Patienten richtig behandeln zu koennen, muss der Arzt wichtige Entscheidungen treffen, welche womoeglich ueber Leben und Tod entscheiden. Dazu ist nur ein Mensch in der Lage, welcher sich in die Lage des Patienten versetzen kann.'}, {'id': 23, 'label': 'Z.K10', 'text': 'Das aendert jedoch nichts daran, dass viele Patienten sich nicht von einer KI behandeln lassen wollen.'}, {'id': 25, 'label': 'Z.P3-1', 'text': ' Allerdings werden die KIs von Menschen programmiert. Insofern ist die Fehlerquote mindestens genauso hoch.'}, {'id': 26, 'label': 'Z.K1', 'text': 'Der Persoenliche Kontakt zwischen dem Artzt und dem Patienten ist sehr wichtig, sowohl fuer Artzt als auch Patient. Der Patient kommt sich nicht so vor wie in einem Fastfood Resturant in dem er nur abgefertigt wird sondern mit einem richtigen Menschen als gegen ueber fuehlt er sich Wertgeschaetzt und versorgt, was auch positiv zur Heiling beitragen kann'}, {'id': 27, 'label': 'Z.K1', 'text': 'Eine KI kann aber niemals einen Menschen ersetzten egal wie gut programmiert sie ist, sie wird nie die Menschliche Fuersorge ersetzten koennen'}]"
82,898,1,Die Wahrscheinlichkeitsabwaegungen muessen dem Patienten nicht mitgeteilt werden. Nur die End Diagnose ,['Z.P6-1-1'],MEDAI,"[['Greeting_Message'], ['Z.P6'], ['intro_28', 'Z.P6', 'intro_49', 'Z.P6-1']]","[660, 3154, 3155, 3156, 3157, 3158, 3159, 3160, 3161, 3162, 3163, 3164, 3165, 3166, 3167, 3168, 3169, 3170, 3171, 3172, 3173, 3174, 3175]",679,9138,92.56949004158459,23,23,0.03135638101555884,"[{'id': 2, 'label': 'Z.P3', 'text': 'Das Wissen einer KI kann eine deutlich hoehere Menge erreichen, als das Wissen eines Menschen. '}, {'id': 3, 'label': 'Z.P3', 'text': 'Eine KI kann mehr Wissen als ein Mensch'}, {'id': 25, 'label': 'Z.P3-1', 'text': ' Allerdings werden die KIs von Menschen programmiert. Insofern ist die Fehlerquote mindestens genauso hoch.'}, {'id': 84, 'label': 'Z.P6', 'text': 'KI sind praeziser '}, {'id': 85, 'label': 'Z.P2', 'text': 'KI sind objektiv '}, {'id': 86, 'label': 'Z.P2', 'text': 'KI sind nicht bestechbar'}, {'id': 115, 'label': 'Z.P6', 'text': 'Bessere Diagnose, quasi frei von Vorurteilen.'}, {'id': 119, 'label': 'Z.P6', 'text': 'Die Praezision der Diagnose steigt, wenn menschliches, also fehlerhaftes, Urteilsvermoegen weitestgehend abgekoppelt werden.'}, {'id': 148, 'label': 'Z.P6', 'text': 'Ich finde Aerzte sollen durch KI ersetzt werden, weil Menschen fehlbar sind'}, {'id': 154, 'label': 'Z.P2', 'text': ' und das unparteiische Verhalten gegenueber der Patienten '}]"
83,899,1,Wird wirklich mehr benoetigt als aktuell? Schliesslich ha en wir aktuell auch einen akuten Mangel an Pflegekraeften. Die Entlastung der Aerzte entlastet das gesamte System und sorgt fuer weniger Fluevhtigkeitsfehler aufgrund von Ueberarbeitung. ,['Z.P1'],MEDAI,"[['Greeting_Message'], ['Z.P6'], ['intro_28', 'Z.P6', 'intro_49', 'Z.P6-1'], ['Z.P6-1-1'], ['intro_27', 'Z.P6-1-1', 'intro_6', 'z_trans_13', 'Z.P1-1']]","[8, 24, 100, 137, 138, 153, 179, 180, 182, 211, 212, 220, 407, 415, 417, 419, 483, 546, 551, 594, 610, 611, 661, 698, 714, 736, 782, 900, 944, 1001, 1160, 1185, 1205, 1206, 1208, 1335, 1428, 1439, 2890, 2891, 2892, 2893, 2894, 2895, 2896, 2897, 2898, 2899, 2900, 2901, 2902, 2903, 2904, 2905, 2906, 2907, 2908, 2909, 2910, 2911]",1531,9138,83.24578682425039,60,60,0.03262408366724378,"[{'id': 1, 'label': 'Z.P1-1-1', 'text': 'werden dann Krankenpfleger besser bezahlt?'}, {'id': 2, 'label': 'Z.P3', 'text': 'Das Wissen einer KI kann eine deutlich hoehere Menge erreichen, als das Wissen eines Menschen. '}, {'id': 3, 'label': 'Z.P3', 'text': 'Eine KI kann mehr Wissen als ein Mensch'}, {'id': 5, 'label': 'Z.P4-1', 'text': 'Aber ist es realistisch, dass das Gesundheitssystem besser finanziert wird bevor eine medKI in der Lage ist fundierte Entscheidungen zu treffen?'}, {'id': 8, 'label': 'Z.P1', 'text': 'Der Trend geht ohnehin weg von kleinen Landarztpraxen und hin zu medizinischen Versorgungszentren'}, {'id': 12, 'label': 'Z.P4', 'text': 'Die MedKI kann unterstuetzen, den Mangel an Aerzten entgegenzuwirken. Durch den demographischen Wandel wird es mehr kranke und alte Menschen geben. Dadurch brauchen wir mehr Aerzte'}, {'id': 24, 'label': 'Z.P1', 'text': 'Aerzte sind doch auch Rund um die Uhr erreichbar?! Dafuer werden Sie auch dementsprechend bezahlt. Auf dem Land natuerlich nicht, aber eine KI koennte auch nicht ohne Beaufsichtigung das Krankenhaus leiten'}, {'id': 25, 'label': 'Z.P3-1', 'text': ' Allerdings werden die KIs von Menschen programmiert. Insofern ist die Fehlerquote mindestens genauso hoch.'}, {'id': 83, 'label': 'Z.P4-1', 'text': 'Dann sollen die Unis mehr Medizin Plaetze anbieten dann gibt es mehr Aerzte '}, {'id': 84, 'label': 'Z.P6', 'text': 'KI sind praeziser '}]"
84,900,1,"Definiere viel. Wie viel mehr als aktuell? Aktuell besteht auch ein Pflegekraeftemangel. Wie viel hoeher waeren die Personalkosten im Vergleich zu den aktuellen bzw. Zu denen die wir aktuell haben muessten, wenn das System nicht ueberlastet waere und es genug Pflegekraefte geben wuerde.",['Z.K8-1'],MEDAI,"[['Greeting_Message'], ['Z.P6'], ['intro_28', 'Z.P6', 'intro_49', 'Z.P6-1'], ['Z.P6-1-1'], ['intro_27', 'Z.P6-1-1', 'intro_6', 'z_trans_13', 'Z.P1-1'], ['Z.P1'], ['intro_28', 'Z.P1', 'intro_51', 'Z.K8']]","[662, 863, 1106, 1186, 1290, 3242, 3243, 3244, 3245, 3246, 3247, 3248, 3249, 3250, 3251, 3252, 3253, 3254, 3255, 3256, 3257, 3258, 3259, 3260, 3261, 3262, 3263]",1247,9138,86.35368789669512,27,27,0.018697270033767185,"[{'id': 1, 'label': 'Z.P1-1-1', 'text': 'werden dann Krankenpfleger besser bezahlt?'}, {'id': 5, 'label': 'Z.P4-1', 'text': 'Aber ist es realistisch, dass das Gesundheitssystem besser finanziert wird bevor eine medKI in der Lage ist fundierte Entscheidungen zu treffen?'}, {'id': 8, 'label': 'Z.P1', 'text': 'Der Trend geht ohnehin weg von kleinen Landarztpraxen und hin zu medizinischen Versorgungszentren'}, {'id': 12, 'label': 'Z.P4', 'text': 'Die MedKI kann unterstuetzen, den Mangel an Aerzten entgegenzuwirken. Durch den demographischen Wandel wird es mehr kranke und alte Menschen geben. Dadurch brauchen wir mehr Aerzte'}, {'id': 24, 'label': 'Z.P1', 'text': 'Aerzte sind doch auch Rund um die Uhr erreichbar?! Dafuer werden Sie auch dementsprechend bezahlt. Auf dem Land natuerlich nicht, aber eine KI koennte auch nicht ohne Beaufsichtigung das Krankenhaus leiten'}, {'id': 54, 'label': 'Z.K8', 'text': 'Hohe Kosten '}, {'id': 55, 'label': 'Z.K8', 'text': 'Zu teure technologie'}, {'id': 56, 'label': 'Z.K14', 'text': 'Arbeitslosigkeit des medizinischen Personals'}, {'id': 57, 'label': 'Z.K14', 'text': 'Personal verliert Job '}, {'id': 58, 'label': 'Z.K8', 'text': 'Hohe Energiekosten'}]"
85,913,1,"Dennoch muss es doch einfacher sein, die KI auf dem aktuellen Stand zu halten, als hunderttausende von Aerzten zur Weiterbildung zu motivieren ",['Z.P3'],MEDAI,"[['Greeting_Message'], ['Z.P3'], ['intro_32', 'Z.P3', 'intro_49', 'Z.P3-1']]","[2, 3, 181, 543, 600, 607, 630, 673, 674, 694, 1252, 3022, 3023, 3024, 3025, 3026, 3027, 3028, 3029, 3030, 3031, 3032, 3033, 3034, 3035, 3036, 3037, 3038, 3039, 3040, 3041, 3042, 3043]",679,9138,92.56949004158459,33,33,0.044989590152758344,"[{'id': 2, 'label': 'Z.P3', 'text': 'Das Wissen einer KI kann eine deutlich hoehere Menge erreichen, als das Wissen eines Menschen. '}, {'id': 3, 'label': 'Z.P3', 'text': 'Eine KI kann mehr Wissen als ein Mensch'}, {'id': 25, 'label': 'Z.P3-1', 'text': ' Allerdings werden die KIs von Menschen programmiert. Insofern ist die Fehlerquote mindestens genauso hoch.'}, {'id': 84, 'label': 'Z.P6', 'text': 'KI sind praeziser '}, {'id': 85, 'label': 'Z.P2', 'text': 'KI sind objektiv '}, {'id': 86, 'label': 'Z.P2', 'text': 'KI sind nicht bestechbar'}, {'id': 115, 'label': 'Z.P6', 'text': 'Bessere Diagnose, quasi frei von Vorurteilen.'}, {'id': 119, 'label': 'Z.P6', 'text': 'Die Praezision der Diagnose steigt, wenn menschliches, also fehlerhaftes, Urteilsvermoegen weitestgehend abgekoppelt werden.'}, {'id': 148, 'label': 'Z.P6', 'text': 'Ich finde Aerzte sollen durch KI ersetzt werden, weil Menschen fehlbar sind'}, {'id': 154, 'label': 'Z.P2', 'text': ' und das unparteiische Verhalten gegenueber der Patienten '}]"
86,915,1,"Andererseits koennte man fuer das Geld dass man fuer Aerzte einspart, mehr Pflegepersonal einstellen ",['Z.P5'],MEDAI,"[['Greeting_Message'], ['Z.P3'], ['intro_32', 'Z.P3', 'intro_49', 'Z.P3-1'], ['Z.P3'], ['intro_23', 'Z.P3', 'intro_54', 'z_trans_2', 'Z.P1-1'], ['Z.P5'], ['intro_26', 'Z.P5', 'intro_50', 'Z.P5-1']]","[4, 13, 14, 15, 218, 406, 602, 603, 663, 675, 676, 699, 715, 752, 754, 755, 756, 862, 1150, 1184, 1294, 1354, 1362, 1430, 1454, 3176, 3177, 3178, 3179, 3180, 3181, 3182, 3183, 3184, 3185, 3186, 3187, 3188, 3189, 3190, 3191, 3192, 3193, 3194, 3195, 3196, 3197]",259,9138,97.16568176843948,47,47,0.17632382405855812,"[{'id': 4, 'label': 'Z.P5', 'text': 'Durch Einsparung von Personal bei Aerztinnen, kann mehr fuer Pflegepersonal ausgegeben werden. '}, {'id': 13, 'label': 'Z.P5', 'text': 'Die KI kann von mehreren Nationen entwickelt werden. Dadurch sinken die Kosten'}, {'id': 14, 'label': 'Z.P5', 'text': 'Sobald eine selbst lernende Ki entwickelt wurde, wird das Entwickeln nicht mehr viel kosten'}, {'id': 15, 'label': 'Z.P5', 'text': 'Dafuer kann der First Level Support von Aerzten abgewendet werden und durch KIs uebernommen werden'}, {'id': 218, 'label': 'Z.P5', 'text': 'Eine KI zu warten ist einfacher als ein Medizinstudium'}, {'id': 283, 'label': 'Z.P5-1', 'text': 'Die Bundesregierung sollte mehr Geld in die Medizinausbildung stecken'}, {'id': 406, 'label': 'Z.P5', 'text': ""KI's koennten aber die Pflegekraefte entlasten""}, {'id': 416, 'label': 'Z.P5-1', 'text': 'Warum muss so ein Dienst Geld verdienen, da hier sehr vielen Menschen geholfen werden kann, darf so etwas schon Geld kosten'}, {'id': 574, 'label': 'Z.P5-1', 'text': 'Die Entwicklung der Technologie wird immer teuer sein, das gehoert zu unserem gesellschaftlichen Wandel'}, {'id': 602, 'label': 'Z.P5', 'text': 'KI ist guenstiger '}]"
87,918,1,Subjektiv kontraproduktiv fuer die Psyche der Menschen. Aber die KI wuerde sie statistisch gesehen vielversprechendste Entscheidung treffen ,['Z.P6'],MEDAI,"[['Greeting_Message'], ['Z.P3'], ['intro_32', 'Z.P3', 'intro_49', 'Z.P3-1'], ['Z.P3'], ['intro_23', 'Z.P3', 'intro_54', 'z_trans_2', 'Z.P1-1'], ['Z.P5'], ['intro_26', 'Z.P5', 'intro_50', 'Z.P5-1'], ['Z.P5'], ['intro_26', 'Z.P5', 'intro_54', 'z_trans_12', 'Z.K18'], ['Z.P7-1'], ['NoneOfTheAbove'], ['Z.K15-1'], ['intro_32', 'Z.P6', 'intro_51', 'Z.P6-1']]","[84, 115, 119, 148, 188, 266, 267, 328, 329, 352, 353, 354, 402, 410, 479, 583, 632, 635, 659, 679, 716, 751, 818, 852, 865, 872, 919, 938, 971, 1145, 1261, 1311, 1359, 1363, 1364, 1370, 1374, 1450, 1452, 3110, 3111, 3112, 3113, 3114, 3115, 3116, 3117, 3118, 3119, 3120, 3121, 3122, 3123, 3124, 3125, 3126, 3127, 3128, 3129, 3130, 3131]",679,9138,92.56949004158459,61,61,0.08316257573691693,"[{'id': 2, 'label': 'Z.P3', 'text': 'Das Wissen einer KI kann eine deutlich hoehere Menge erreichen, als das Wissen eines Menschen. '}, {'id': 3, 'label': 'Z.P3', 'text': 'Eine KI kann mehr Wissen als ein Mensch'}, {'id': 25, 'label': 'Z.P3-1', 'text': ' Allerdings werden die KIs von Menschen programmiert. Insofern ist die Fehlerquote mindestens genauso hoch.'}, {'id': 84, 'label': 'Z.P6', 'text': 'KI sind praeziser '}, {'id': 85, 'label': 'Z.P2', 'text': 'KI sind objektiv '}, {'id': 86, 'label': 'Z.P2', 'text': 'KI sind nicht bestechbar'}, {'id': 115, 'label': 'Z.P6', 'text': 'Bessere Diagnose, quasi frei von Vorurteilen.'}, {'id': 119, 'label': 'Z.P6', 'text': 'Die Praezision der Diagnose steigt, wenn menschliches, also fehlerhaftes, Urteilsvermoegen weitestgehend abgekoppelt werden.'}, {'id': 148, 'label': 'Z.P6', 'text': 'Ich finde Aerzte sollen durch KI ersetzt werden, weil Menschen fehlbar sind'}, {'id': 154, 'label': 'Z.P2', 'text': ' und das unparteiische Verhalten gegenueber der Patienten '}]"
88,919,1,"Dann muesste man zum Wohle der Menschen die Oeffentlichkeit vorher schulen, wie effektiv eine KI ist ",['Z.K10-2'],MEDAI,"[['Greeting_Message'], ['Z.P3'], ['intro_32', 'Z.P3', 'intro_49', 'Z.P3-1'], ['Z.P3'], ['intro_23', 'Z.P3', 'intro_54', 'z_trans_2', 'Z.P1-1'], ['Z.P5'], ['intro_26', 'Z.P5', 'intro_50', 'Z.P5-1'], ['Z.P5'], ['intro_26', 'Z.P5', 'intro_54', 'z_trans_12', 'Z.K18'], ['Z.P7-1'], ['NoneOfTheAbove'], ['Z.K15-1'], ['intro_32', 'Z.P6', 'intro_51', 'Z.P6-1'], ['Z.P6'], ['intro_27', 'Z.P6-1-1', 'intro_6', 'z_trans_2', 'Z.K7']]","[118, 680, 943, 3932, 3933, 3934, 3935, 3936, 3937, 3938, 3939, 3940, 3941, 3942, 3943, 3944, 3945, 3946, 3947, 3948, 3949, 3950, 3951, 3952, 3953]",1930,9138,78.87940468373824,25,25,0.01021753946680547,"[{'id': 0, 'label': 'Z.K1', 'text': 'Ein bot kannzwischenmaennschliche Interaktion nicht ersetzen '}, {'id': 2, 'label': 'Z.P3', 'text': 'Das Wissen einer KI kann eine deutlich hoehere Menge erreichen, als das Wissen eines Menschen. '}, {'id': 3, 'label': 'Z.P3', 'text': 'Eine KI kann mehr Wissen als ein Mensch'}, {'id': 7, 'label': 'Z.K1', 'text': 'Nein, medizinische Behandlung sollte meiner Meinung nach auf persoenlicher Ebene stattfinden, denn viele Krankeiten nur durch ausfuehrliche Anamnese aufgedeckt werden koennen und zum Teil psychologisch behaftet sind'}, {'id': 11, 'label': 'Z.K7', 'text': 'Ein Menscv kann interagieren und auf andere Menschen eingehen. Wie man an dir merkt, kann da KI nicht'}, {'id': 20, 'label': 'Z.K7', 'text': 'Um Patienten richtig behandeln zu koennen, muss der Arzt wichtige Entscheidungen treffen, welche womoeglich ueber Leben und Tod entscheiden. Dazu ist nur ein Mensch in der Lage, welcher sich in die Lage des Patienten versetzen kann.'}, {'id': 23, 'label': 'Z.K10', 'text': 'Das aendert jedoch nichts daran, dass viele Patienten sich nicht von einer KI behandeln lassen wollen.'}, {'id': 25, 'label': 'Z.P3-1', 'text': ' Allerdings werden die KIs von Menschen programmiert. Insofern ist die Fehlerquote mindestens genauso hoch.'}, {'id': 26, 'label': 'Z.K1', 'text': 'Der Persoenliche Kontakt zwischen dem Artzt und dem Patienten ist sehr wichtig, sowohl fuer Artzt als auch Patient. Der Patient kommt sich nicht so vor wie in einem Fastfood Resturant in dem er nur abgefertigt wird sondern mit einem richtigen Menschen als gegen ueber fuehlt er sich Wertgeschaetzt und versorgt, was auch positiv zur Heiling beitragen kann'}, {'id': 27, 'label': 'Z.K1', 'text': 'Eine KI kann aber niemals einen Menschen ersetzten egal wie gut programmiert sie ist, sie wird nie die Menschliche Fuersorge ersetzten koennen'}]"
89,928,2,"Man kann vorab nicht alle moeglichen Szenarien durchgehen, in denen ein Gespraech emotional gepraegt ist.",['Z.K7'],MEDAI,"[['Greeting_Message'], ['Z.K7'], ['intro_32', 'Z.K7', 'intro_55', 'Z.K7-1']]","[11, 20, 30, 50, 81, 102, 130, 133, 168, 189, 230, 236, 279, 284, 287, 288, 290, 326, 377, 387, 409, 487, 492, 535, 572, 608, 633, 656, 684, 685, 686, 688, 689, 717, 762, 803, 805, 809, 817, 820, 841, 850, 857, 866, 876, 877, 880, 882, 887, 953, 991, 1013, 1041, 1042, 1120, 1178, 1188, 1189, 1228, 1229, 1287, 1316, 1392, 1444, 3844, 3845, 3846, 3847, 3848, 3849, 3850, 3851, 3852, 3853, 3854, 3855, 3856, 3857, 3858, 3859, 3860, 3861, 3862, 3863, 3864, 3865]",1251,9138,86.30991464215364,86,86,0.0593337542703854,"[{'id': 0, 'label': 'Z.K1', 'text': 'Ein bot kannzwischenmaennschliche Interaktion nicht ersetzen '}, {'id': 7, 'label': 'Z.K1', 'text': 'Nein, medizinische Behandlung sollte meiner Meinung nach auf persoenlicher Ebene stattfinden, denn viele Krankeiten nur durch ausfuehrliche Anamnese aufgedeckt werden koennen und zum Teil psychologisch behaftet sind'}, {'id': 11, 'label': 'Z.K7', 'text': 'Ein Menscv kann interagieren und auf andere Menschen eingehen. Wie man an dir merkt, kann da KI nicht'}, {'id': 20, 'label': 'Z.K7', 'text': 'Um Patienten richtig behandeln zu koennen, muss der Arzt wichtige Entscheidungen treffen, welche womoeglich ueber Leben und Tod entscheiden. Dazu ist nur ein Mensch in der Lage, welcher sich in die Lage des Patienten versetzen kann.'}, {'id': 23, 'label': 'Z.K10', 'text': 'Das aendert jedoch nichts daran, dass viele Patienten sich nicht von einer KI behandeln lassen wollen.'}, {'id': 26, 'label': 'Z.K1', 'text': 'Der Persoenliche Kontakt zwischen dem Artzt und dem Patienten ist sehr wichtig, sowohl fuer Artzt als auch Patient. Der Patient kommt sich nicht so vor wie in einem Fastfood Resturant in dem er nur abgefertigt wird sondern mit einem richtigen Menschen als gegen ueber fuehlt er sich Wertgeschaetzt und versorgt, was auch positiv zur Heiling beitragen kann'}, {'id': 27, 'label': 'Z.K1', 'text': 'Eine KI kann aber niemals einen Menschen ersetzten egal wie gut programmiert sie ist, sie wird nie die Menschliche Fuersorge ersetzten koennen'}, {'id': 28, 'label': 'Z.K1', 'text': 'Selbst wenn die KI ausgebildet ist um auch emotional fuer den Menschen zu sorgen, so ist das nicht die selbe Fuersorge und emotionale Bindung wie sie zwischen zwei Menschen entstehen kann. Niemand wird jemals ein Geraet als Bezugs Person sehen da fehlen die echten Gefuehle und selbst gemachte Erfahrungen aus der Realen Welt '}, {'id': 30, 'label': 'Z.K7', 'text': 'Sie kann zwar lernen weiss aber nicht das fehl Entscheidungen auch eine emotionale Erfahrung mit sich bringen welche wichtig sind fuer die Ethik eines Mediziners und Grundlegend zur Entwichlung eines guten Artztes '}, {'id': 31, 'label': 'Z.K1', 'text': 'Das ist ja noch schlechter, man wuerde Patienten mit kleineren Problemen diskriminieren und ihnen das Geguehl geben dass sie weniger Beruecksichtigt werden als Patienten mit schlimmeren Problemen '}]"
90,933,2,"Ich denke, dass die MedKi fuer gewisse Bereiche anwendbar ist, aber z.B. nicht auf der Onkologie, Palliativ usw. Ueberall dort, wo sehr sensible Themen im Raum stehen.",['Z.K7'],MEDAI,"[['Greeting_Message'], ['Z.K7'], ['intro_32', 'Z.K7', 'intro_55', 'Z.K7-1'], ['Z.K7'], ['intro_32', 'Z.K7', 'intro_55', 'z_trans_11', 'Z.P1'], ['CONSENT', 'OTHER'], ['intro_24', 'Z.K6', 'intro_56', 'Z.K6-1'], ['Z.K7'], ['intro_26', 'Z.K11', 'intro_47', 'Z.K11-1'], ['Z.K6'], ['intro_24', 'Z.K2', 'intro_55', 'Z.K2-4'], ['Z.K7'], ['intro_25', 'Z.K7', 'intro_55', 'z_trans_11', 'Z.P2']]","[11, 20, 30, 50, 81, 102, 130, 133, 168, 189, 230, 236, 279, 284, 287, 288, 290, 326, 377, 387, 409, 487, 492, 535, 572, 608, 633, 656, 684, 685, 686, 688, 689, 717, 762, 803, 805, 809, 817, 820, 841, 850, 857, 866, 876, 877, 880, 882, 887, 953, 991, 1013, 1041, 1042, 1120, 1178, 1188, 1189, 1228, 1229, 1287, 1316, 1392, 1444, 3844, 3845, 3846, 3847, 3848, 3849, 3850, 3851, 3852, 3853, 3854, 3855, 3856, 3857, 3858, 3859, 3860, 3861, 3862, 3863, 3864, 3865]",1930,9138,78.87940468373824,86,86,0.03514833576581082,"[{'id': 0, 'label': 'Z.K1', 'text': 'Ein bot kannzwischenmaennschliche Interaktion nicht ersetzen '}, {'id': 2, 'label': 'Z.P3', 'text': 'Das Wissen einer KI kann eine deutlich hoehere Menge erreichen, als das Wissen eines Menschen. '}, {'id': 3, 'label': 'Z.P3', 'text': 'Eine KI kann mehr Wissen als ein Mensch'}, {'id': 7, 'label': 'Z.K1', 'text': 'Nein, medizinische Behandlung sollte meiner Meinung nach auf persoenlicher Ebene stattfinden, denn viele Krankeiten nur durch ausfuehrliche Anamnese aufgedeckt werden koennen und zum Teil psychologisch behaftet sind'}, {'id': 11, 'label': 'Z.K7', 'text': 'Ein Menscv kann interagieren und auf andere Menschen eingehen. Wie man an dir merkt, kann da KI nicht'}, {'id': 20, 'label': 'Z.K7', 'text': 'Um Patienten richtig behandeln zu koennen, muss der Arzt wichtige Entscheidungen treffen, welche womoeglich ueber Leben und Tod entscheiden. Dazu ist nur ein Mensch in der Lage, welcher sich in die Lage des Patienten versetzen kann.'}, {'id': 23, 'label': 'Z.K10', 'text': 'Das aendert jedoch nichts daran, dass viele Patienten sich nicht von einer KI behandeln lassen wollen.'}, {'id': 25, 'label': 'Z.P3-1', 'text': ' Allerdings werden die KIs von Menschen programmiert. Insofern ist die Fehlerquote mindestens genauso hoch.'}, {'id': 26, 'label': 'Z.K1', 'text': 'Der Persoenliche Kontakt zwischen dem Artzt und dem Patienten ist sehr wichtig, sowohl fuer Artzt als auch Patient. Der Patient kommt sich nicht so vor wie in einem Fastfood Resturant in dem er nur abgefertigt wird sondern mit einem richtigen Menschen als gegen ueber fuehlt er sich Wertgeschaetzt und versorgt, was auch positiv zur Heiling beitragen kann'}, {'id': 27, 'label': 'Z.K1', 'text': 'Eine KI kann aber niemals einen Menschen ersetzten egal wie gut programmiert sie ist, sie wird nie die Menschliche Fuersorge ersetzten koennen'}]"
91,947,1,Hilft bei dem Landarztproblem,['Z.P1'],MEDAI,"[['Greeting_Message'], ['OTHER'], ['Z.P5'], ['Z.K6'], ['Z.P4']]","[8, 24, 100, 137, 138, 153, 179, 180, 182, 211, 212, 220, 407, 415, 417, 419, 483, 546, 551, 594, 610, 611, 661, 698, 714, 736, 782, 900, 944, 1001, 1160, 1185, 1205, 1206, 1208, 1335, 1428, 1439, 2890, 2891, 2892, 2893, 2894, 2895, 2896, 2897, 2898, 2899, 2900, 2901, 2902, 2903, 2904, 2905, 2906, 2907, 2908, 2909, 2910, 2911]",852,9138,90.67629678266579,60,60,0.06385654703004634,"[{'id': 1, 'label': 'Z.P1-1-1', 'text': 'werden dann Krankenpfleger besser bezahlt?'}, {'id': 5, 'label': 'Z.P4-1', 'text': 'Aber ist es realistisch, dass das Gesundheitssystem besser finanziert wird bevor eine medKI in der Lage ist fundierte Entscheidungen zu treffen?'}, {'id': 8, 'label': 'Z.P1', 'text': 'Der Trend geht ohnehin weg von kleinen Landarztpraxen und hin zu medizinischen Versorgungszentren'}, {'id': 12, 'label': 'Z.P4', 'text': 'Die MedKI kann unterstuetzen, den Mangel an Aerzten entgegenzuwirken. Durch den demographischen Wandel wird es mehr kranke und alte Menschen geben. Dadurch brauchen wir mehr Aerzte'}, {'id': 24, 'label': 'Z.P1', 'text': 'Aerzte sind doch auch Rund um die Uhr erreichbar?! Dafuer werden Sie auch dementsprechend bezahlt. Auf dem Land natuerlich nicht, aber eine KI koennte auch nicht ohne Beaufsichtigung das Krankenhaus leiten'}, {'id': 83, 'label': 'Z.P4-1', 'text': 'Dann sollen die Unis mehr Medizin Plaetze anbieten dann gibt es mehr Aerzte '}, {'id': 100, 'label': 'Z.P1', 'text': 'Mit medKI gibt es immerhin genug Aerztinnen, die jetzt fehlen?'}, {'id': 103, 'label': 'Z.P1-1', 'text': 'Personal wird dann trotzdem benoetigt '}, {'id': 108, 'label': 'Z.P4-1', 'text': 'Man koennte auch das Medizin Studium zugaenglicher machen'}, {'id': 109, 'label': 'Z.P4-1', 'text': 'Anstelle der KI kann man auch das Medizin Studium zugaenglicher machen'}]"
92,957,2,Die Erfahrung eines lang arbeitenden Arztes kann nicht ersetzt werden. Man kennt die Vorerkrankungen der Patienten und die familiaeren Erkrankungen und kann diese einbeziehen.,['Z.K2'],MEDAI,"[['Greeting_Message'], ['Z.K2'], ['intro_24', 'Z.K2', 'intro_56', 'Z.K2-4'], ['Z.K10'], ['intro_26', 'Z.K7', 'intro_55', 'Z.K7-1'], ['NZ.K10'], ['intro_28', 'NZ.K10', 'intro_8', 'NZ.K10-1', 'z_trans_4', 'Z.P1'], ['Z.K14'], ['intro_28', 'Z.K14', 'intro_46', 'Z.K14-1'], ['Z.K6'], ['intro_28', 'Z.K2', 'intro_55', 'z_trans_12', 'Z.P2']]","[9, 52, 71, 101, 150, 151, 152, 155, 228, 261, 309, 315, 324, 374, 475, 476, 490, 497, 511, 515, 516, 528, 605, 606, 648, 700, 705, 739, 763, 765, 771, 819, 883, 949, 966, 1049, 1050, 1061, 1062, 1117, 1119, 1194, 1195, 1333, 1336, 1394, 1481, 1499, 3396, 3397, 3398, 3399, 3400, 3401, 3402, 3403, 3404, 3405, 3406, 3407, 3408, 3409, 3410, 3411, 3412, 3413, 3414, 3415, 3416, 3417]",1498,9138,83.60691617421755,70,70,0.03906865241785867,"[{'id': 2, 'label': 'Z.P3', 'text': 'Das Wissen einer KI kann eine deutlich hoehere Menge erreichen, als das Wissen eines Menschen. '}, {'id': 3, 'label': 'Z.P3', 'text': 'Eine KI kann mehr Wissen als ein Mensch'}, {'id': 6, 'label': 'Z.K6', 'text': 'Medizin ist ein aeusserst komplexes Tehemengebiet. Die Behandlung von Patienten erfordert Erfahrung und ist aeusserst Vielschichtig'}, {'id': 9, 'label': 'Z.K2', 'text': 'Andererseits hat sie ein sehr begrenztes Repertoire, denn anders als ein Mensch kommt MedKI nicht ueber ihre standardisierten Handlungsweisen hinaus'}, {'id': 10, 'label': 'Z.K6', 'text': 'Nein, ich bezihe mich nicht auf Fehler, sondern auf eine begrenzte, eindimensionale Handlungsfaehigkeit '}, {'id': 25, 'label': 'Z.P3-1', 'text': ' Allerdings werden die KIs von Menschen programmiert. Insofern ist die Fehlerquote mindestens genauso hoch.'}, {'id': 52, 'label': 'Z.K2', 'text': 'Zu viele Krankheiten moeglich'}, {'id': 53, 'label': 'Z.K4', 'text': 'Systemfehler'}, {'id': 71, 'label': 'Z.K2', 'text': 'Eine KI handelt immer nach der theoretisch besten Loesung, allerdings ist diese nicht immer moralisch Vertretbar '}, {'id': 84, 'label': 'Z.P6', 'text': 'KI sind praeziser '}]"
93,962,2,die datengrundlage fuer die ki kann fehlerhaft und diskriminierend sein,['Z.K18'],MEDAI,"[['Greeting_Message'], ['NZ.K8'], ['Z.K2']]","[330, 349, 350, 432, 712, 1015, 1153, 1175, 1176, 1210, 1238, 1276, 1282, 1285, 1297, 1322, 1446, 3572, 3573, 3574, 3575, 3576, 3577, 3578, 3579, 3580, 3581, 3582, 3583, 3584, 3585, 3586, 3587, 3588, 3589, 3590, 3591, 3592, 3593]",819,9138,91.03742613263296,39,39,0.04335115530125379,"[{'id': 6, 'label': 'Z.K6', 'text': 'Medizin ist ein aeusserst komplexes Tehemengebiet. Die Behandlung von Patienten erfordert Erfahrung und ist aeusserst Vielschichtig'}, {'id': 9, 'label': 'Z.K2', 'text': 'Andererseits hat sie ein sehr begrenztes Repertoire, denn anders als ein Mensch kommt MedKI nicht ueber ihre standardisierten Handlungsweisen hinaus'}, {'id': 10, 'label': 'Z.K6', 'text': 'Nein, ich bezihe mich nicht auf Fehler, sondern auf eine begrenzte, eindimensionale Handlungsfaehigkeit '}, {'id': 52, 'label': 'Z.K2', 'text': 'Zu viele Krankheiten moeglich'}, {'id': 53, 'label': 'Z.K4', 'text': 'Systemfehler'}, {'id': 71, 'label': 'Z.K2', 'text': 'Eine KI handelt immer nach der theoretisch besten Loesung, allerdings ist diese nicht immer moralisch Vertretbar '}, {'id': 101, 'label': 'Z.K2', 'text': 'Mir ist bewusst das ein MedKi nicht alle Lebensumstaende der Patientinnen in die Untersuchung mit einbeziehen'}, {'id': 111, 'label': 'Z.K6', 'text': 'Ueber Neueste Diagnostik und Therapie verfuegen Aerztinnen in der Regel auch '}, {'id': 129, 'label': 'Z.K15-1', 'text': 'Aerztinnen sind menschlich und machen Fehler, siehst du das auch so?'}, {'id': 150, 'label': 'Z.K2', 'text': 'Da die Med-KI keine individuellen Diagnosen stellen kann, sondern anhand von Lehrbuchangaben agiert und das Verhalten und die Aussagen der patient*innen nur objektiv betrachtet'}]"
94,971,2,Erfahrungswerte von Aerzten fehlen,['Z.K6'],MEDAI,"[['Greeting_Message'], ['Z.K7'], ['intro_32', 'Z.K7', 'intro_55', 'Z.K7-1'], ['FAQ.3'], ['Z.K10'], ['FAQ.3'], ['Z.K5'], ['FAQ.1'], ['intro_23', 'Z.K18', 'intro_49', 'Z.K18-1']]","[6, 10, 111, 169, 233, 234, 286, 310, 311, 314, 323, 378, 411, 474, 491, 514, 536, 585, 687, 697, 704, 721, 842, 926, 956, 974, 1063, 1168, 1197, 1233, 1235, 1337, 1345, 1417, 1482, 3484, 3485, 3486, 3487, 3488, 3489, 3490, 3491, 3492, 3493, 3494, 3495, 3496, 3497, 3498, 3499, 3500, 3501, 3502, 3503, 3504, 3505]",819,9138,91.03742613263296,57,57,0.06335938082490938,"[{'id': 6, 'label': 'Z.K6', 'text': 'Medizin ist ein aeusserst komplexes Tehemengebiet. Die Behandlung von Patienten erfordert Erfahrung und ist aeusserst Vielschichtig'}, {'id': 9, 'label': 'Z.K2', 'text': 'Andererseits hat sie ein sehr begrenztes Repertoire, denn anders als ein Mensch kommt MedKI nicht ueber ihre standardisierten Handlungsweisen hinaus'}, {'id': 10, 'label': 'Z.K6', 'text': 'Nein, ich bezihe mich nicht auf Fehler, sondern auf eine begrenzte, eindimensionale Handlungsfaehigkeit '}, {'id': 52, 'label': 'Z.K2', 'text': 'Zu viele Krankheiten moeglich'}, {'id': 53, 'label': 'Z.K4', 'text': 'Systemfehler'}, {'id': 71, 'label': 'Z.K2', 'text': 'Eine KI handelt immer nach der theoretisch besten Loesung, allerdings ist diese nicht immer moralisch Vertretbar '}, {'id': 101, 'label': 'Z.K2', 'text': 'Mir ist bewusst das ein MedKi nicht alle Lebensumstaende der Patientinnen in die Untersuchung mit einbeziehen'}, {'id': 111, 'label': 'Z.K6', 'text': 'Ueber Neueste Diagnostik und Therapie verfuegen Aerztinnen in der Regel auch '}, {'id': 129, 'label': 'Z.K15-1', 'text': 'Aerztinnen sind menschlich und machen Fehler, siehst du das auch so?'}, {'id': 150, 'label': 'Z.K2', 'text': 'Da die Med-KI keine individuellen Diagnosen stellen kann, sondern anhand von Lehrbuchangaben agiert und das Verhalten und die Aussagen der patient*innen nur objektiv betrachtet'}]"
95,982,2,KI kann schlecht auf Kinder eingehen,['Z.K1'],MEDAI,"[['Greeting_Message'], ['Z.K1'], ['intro_27', 'Z.K1', 'intro_55', 'Z.K1-1'], ['Z.K15'], ['Z.K13'], ['Z.K11'], ['intro_25', 'Z.K11', 'intro_51', 'Z.K11-1'], ['CON_NZARG'], ['Z.K5']]","[0, 7, 26, 27, 28, 31, 32, 60, 63, 64, 70, 87, 96, 97, 104, 106, 107, 114, 198, 199, 206, 207, 208, 209, 258, 259, 260, 273, 275, 278, 322, 327, 380, 431, 448, 472, 473, 495, 520, 524, 527, 537, 582, 636, 638, 651, 652, 653, 654, 691, 692, 726, 729, 730, 758, 759, 760, 761, 768, 790, 802, 808, 874, 904, 957, 964, 999, 1094, 1121, 1177, 1193, 1239, 1242, 1263, 1275, 1315, 1317, 1321, 1343, 1344, 1346, 1356, 1391, 1443, 1467, 1468, 3330, 3331, 3332, 3333, 3334, 3335, 3336, 3337, 3338, 3339, 3340, 3341, 3342, 3343, 3344, 3345, 3346, 3347, 3348, 3349, 3350, 3351]",1251,9138,86.30991464215364,108,108,0.07451215652560027,"[{'id': 0, 'label': 'Z.K1', 'text': 'Ein bot kannzwischenmaennschliche Interaktion nicht ersetzen '}, {'id': 7, 'label': 'Z.K1', 'text': 'Nein, medizinische Behandlung sollte meiner Meinung nach auf persoenlicher Ebene stattfinden, denn viele Krankeiten nur durch ausfuehrliche Anamnese aufgedeckt werden koennen und zum Teil psychologisch behaftet sind'}, {'id': 11, 'label': 'Z.K7', 'text': 'Ein Menscv kann interagieren und auf andere Menschen eingehen. Wie man an dir merkt, kann da KI nicht'}, {'id': 20, 'label': 'Z.K7', 'text': 'Um Patienten richtig behandeln zu koennen, muss der Arzt wichtige Entscheidungen treffen, welche womoeglich ueber Leben und Tod entscheiden. Dazu ist nur ein Mensch in der Lage, welcher sich in die Lage des Patienten versetzen kann.'}, {'id': 23, 'label': 'Z.K10', 'text': 'Das aendert jedoch nichts daran, dass viele Patienten sich nicht von einer KI behandeln lassen wollen.'}, {'id': 26, 'label': 'Z.K1', 'text': 'Der Persoenliche Kontakt zwischen dem Artzt und dem Patienten ist sehr wichtig, sowohl fuer Artzt als auch Patient. Der Patient kommt sich nicht so vor wie in einem Fastfood Resturant in dem er nur abgefertigt wird sondern mit einem richtigen Menschen als gegen ueber fuehlt er sich Wertgeschaetzt und versorgt, was auch positiv zur Heiling beitragen kann'}, {'id': 27, 'label': 'Z.K1', 'text': 'Eine KI kann aber niemals einen Menschen ersetzten egal wie gut programmiert sie ist, sie wird nie die Menschliche Fuersorge ersetzten koennen'}, {'id': 28, 'label': 'Z.K1', 'text': 'Selbst wenn die KI ausgebildet ist um auch emotional fuer den Menschen zu sorgen, so ist das nicht die selbe Fuersorge und emotionale Bindung wie sie zwischen zwei Menschen entstehen kann. Niemand wird jemals ein Geraet als Bezugs Person sehen da fehlen die echten Gefuehle und selbst gemachte Erfahrungen aus der Realen Welt '}, {'id': 30, 'label': 'Z.K7', 'text': 'Sie kann zwar lernen weiss aber nicht das fehl Entscheidungen auch eine emotionale Erfahrung mit sich bringen welche wichtig sind fuer die Ethik eines Mediziners und Grundlegend zur Entwichlung eines guten Artztes '}, {'id': 31, 'label': 'Z.K1', 'text': 'Das ist ja noch schlechter, man wuerde Patienten mit kleineren Problemen diskriminieren und ihnen das Geguehl geben dass sie weniger Beruecksichtigt werden als Patienten mit schlimmeren Problemen '}]"
96,991,1,Warum sollte das so sein ?,['Z.K8'],MEDAI,"[['Greeting_Message'], ['Z.P1'], ['intro_24', 'Z.P1', 'intro_50', 'Z.K8']]","[54, 55, 58, 62, 110, 139, 238, 239, 240, 241, 242, 243, 244, 245, 525, 526, 530, 538, 587, 588, 706, 722, 737, 773, 793, 858, 908, 3220, 3221, 3222, 3223, 3224, 3225, 3226, 3227, 3228, 3229, 3230, 3231, 3232, 3233, 3234, 3235, 3236, 3237, 3238, 3239, 3240, 3241]",1247,9138,86.35368789669512,49,49,0.033932082653873784,"[{'id': 1, 'label': 'Z.P1-1-1', 'text': 'werden dann Krankenpfleger besser bezahlt?'}, {'id': 5, 'label': 'Z.P4-1', 'text': 'Aber ist es realistisch, dass das Gesundheitssystem besser finanziert wird bevor eine medKI in der Lage ist fundierte Entscheidungen zu treffen?'}, {'id': 8, 'label': 'Z.P1', 'text': 'Der Trend geht ohnehin weg von kleinen Landarztpraxen und hin zu medizinischen Versorgungszentren'}, {'id': 12, 'label': 'Z.P4', 'text': 'Die MedKI kann unterstuetzen, den Mangel an Aerzten entgegenzuwirken. Durch den demographischen Wandel wird es mehr kranke und alte Menschen geben. Dadurch brauchen wir mehr Aerzte'}, {'id': 24, 'label': 'Z.P1', 'text': 'Aerzte sind doch auch Rund um die Uhr erreichbar?! Dafuer werden Sie auch dementsprechend bezahlt. Auf dem Land natuerlich nicht, aber eine KI koennte auch nicht ohne Beaufsichtigung das Krankenhaus leiten'}, {'id': 54, 'label': 'Z.K8', 'text': 'Hohe Kosten '}, {'id': 55, 'label': 'Z.K8', 'text': 'Zu teure technologie'}, {'id': 56, 'label': 'Z.K14', 'text': 'Arbeitslosigkeit des medizinischen Personals'}, {'id': 57, 'label': 'Z.K14', 'text': 'Personal verliert Job '}, {'id': 58, 'label': 'Z.K8', 'text': 'Hohe Energiekosten'}]"
97,993,2,Wer beurteilt dabei die Entscheidung des Chatbots? Des Weiteren kann der Chatbot den Patienten nicht persoenlich sehen und so ueber das Erscheinungsbild des Partienten eine geeignete Behandlung vorschlagen ,['Z.K2'],MEDAI,"[['Greeting_Message'], ['Z.K15'], ['intro_27', 'Z.K15', 'intro_48', 'Z.K15-1']]","[9, 52, 71, 101, 150, 151, 152, 155, 228, 261, 309, 315, 324, 374, 475, 476, 490, 497, 511, 515, 516, 528, 605, 606, 648, 700, 705, 739, 763, 765, 771, 819, 883, 949, 966, 1049, 1050, 1061, 1062, 1117, 1119, 1194, 1195, 1333, 1336, 1394, 1481, 1499, 3396, 3397, 3398, 3399, 3400, 3401, 3402, 3403, 3404, 3405, 3406, 3407, 3408, 3409, 3410, 3411, 3412, 3413, 3414, 3415, 3416, 3417]",819,9138,91.03742613263296,70,70,0.07780976592532732,"[{'id': 6, 'label': 'Z.K6', 'text': 'Medizin ist ein aeusserst komplexes Tehemengebiet. Die Behandlung von Patienten erfordert Erfahrung und ist aeusserst Vielschichtig'}, {'id': 9, 'label': 'Z.K2', 'text': 'Andererseits hat sie ein sehr begrenztes Repertoire, denn anders als ein Mensch kommt MedKI nicht ueber ihre standardisierten Handlungsweisen hinaus'}, {'id': 10, 'label': 'Z.K6', 'text': 'Nein, ich bezihe mich nicht auf Fehler, sondern auf eine begrenzte, eindimensionale Handlungsfaehigkeit '}, {'id': 52, 'label': 'Z.K2', 'text': 'Zu viele Krankheiten moeglich'}, {'id': 53, 'label': 'Z.K4', 'text': 'Systemfehler'}, {'id': 71, 'label': 'Z.K2', 'text': 'Eine KI handelt immer nach der theoretisch besten Loesung, allerdings ist diese nicht immer moralisch Vertretbar '}, {'id': 101, 'label': 'Z.K2', 'text': 'Mir ist bewusst das ein MedKi nicht alle Lebensumstaende der Patientinnen in die Untersuchung mit einbeziehen'}, {'id': 111, 'label': 'Z.K6', 'text': 'Ueber Neueste Diagnostik und Therapie verfuegen Aerztinnen in der Regel auch '}, {'id': 129, 'label': 'Z.K15-1', 'text': 'Aerztinnen sind menschlich und machen Fehler, siehst du das auch so?'}, {'id': 150, 'label': 'Z.K2', 'text': 'Da die Med-KI keine individuellen Diagnosen stellen kann, sondern anhand von Lehrbuchangaben agiert und das Verhalten und die Aussagen der patient*innen nur objektiv betrachtet'}]"
98,996,2,"Was passiert im Falle eines Stromausfalls im Krankenhaus? Es ist mittels KI Unterstuetzung zu wenig geschultes Personal vor Ort, um allen Partienten rechtzeitig zu helfen.",['Z.K19'],MEDAI,"[['Greeting_Message'], ['Z.K15'], ['intro_27', 'Z.K15', 'intro_48', 'Z.K15-1'], ['Z.K2'], ['intro_32', 'Z.K10', 'intro_55', 'Z.K10-1'], ['FAQ.2'], ['intro_23', 'Z.K6', 'intro_55', 'Z.K6-1'], ['Z.K9'], ['intro_32', 'Z.K9', 'intro_47', 'Z.K9-1']]","[29, 488, 523, 707, 709, 742, 843, 856, 1103, 1306, 1357, 1360, 1369, 4133, 4134, 4135, 4136, 4137, 4138, 4139, 4140, 4141, 4142, 4143, 4144, 4145, 4146, 4147, 4148, 4149, 4150, 4151, 4152, 4153, 4154]",335,9138,96.33398993215145,35,35,0.10064745216791943,"[{'id': 29, 'label': 'Z.K19', 'text': 'Das ist schon richtig aber eine MedKI hat auch Fehler und faellt mal aus da ist ein Mensch zu verlaessiger '}, {'id': 61, 'label': 'Z.K9', 'text': 'Hacker'}, {'id': 422, 'label': 'Z.K9', 'text': 'Aber was ist mit dem Sicherheitsrisikio?'}, {'id': 433, 'label': 'Z.K9', 'text': 'Oder Hacker die KI manipulieren'}, {'id': 488, 'label': 'Z.K19', 'text': 'Eine KI ist abhaengig von Ressourcen wie Strom und Internet '}, {'id': 519, 'label': 'Z.K13', 'text': 'Ausserdem entstehen Probleme bei Datenschutz'}, {'id': 523, 'label': 'Z.K19', 'text': 'jedoch koennen aerzte grundlegende medizinische leistungen auch ohne komplizierte Geraete durchfuehren, die medKI waere bei einem Stromausfall komplett nutzlos '}, {'id': 533, 'label': 'Z.K9', 'text': 'Was passiert eigentlich, wenn eine solche KI gehackt wird. '}, {'id': 604, 'label': 'Z.K9', 'text': 'Sind die personenbezogenen Daten in der KI sicher?'}, {'id': 707, 'label': 'Z.K19', 'text': ' Ausserdem ist bei einem Ausfall der KI keine Versorgung der Patienten moeglich'}]"
99,1003,2,"Soetwas kann ich mir vorstellen fuer allgemeine und unkritische Probleme, die keine direkte lebensgefahr darstellen (z.b leichte infekte, entzuendungen, allergien oder andere beschwerden, die keine direkte lebensgefahr darstellen) um aerte zu entlasten bei kleinen problemen, die eigentlich nicht direkt beim arzt untersucht werden muessten",['NZ.K10'],MEDAI,"[['Greeting_Message'], ['NZ.K3'], ['intro_25', 'Z.P1-1', 'intro_46', 'Z.P1-1-1'], ['DISSENT', 'Z.K15'], ['NoneOfTheAbove'], ['Z.K10'], ['intro_24', 'Z.K10', 'intro_56', 'Z.K10-1'], ['CONSENT', 'NZ.K10'], ['intro_28', 'NZ.K10', 'intro_9', 'NZ.K10-1', 'z_trans_9', 'Z.P1']]","[21, 22, 99, 140, 141, 175, 176, 177, 178, 190, 191, 196, 200, 201, 210, 219, 272, 285, 312, 331, 332, 333, 335, 351, 385, 404, 412, 413, 420, 421, 423, 434, 477, 480, 499, 510, 512, 521, 522, 529, 589, 592, 601, 690, 696, 702, 724, 725, 747, 748, 753, 757, 796, 797, 811, 821, 867, 871, 878, 881, 884, 898, 899, 920, 921, 922, 940, 941, 948, 963, 969, 970, 998, 1012, 1018, 1019, 1046, 1048, 1065, 1114, 1116, 1146, 1161, 1163, 1198, 1213, 1214, 1231, 1241, 1248, 1271, 1274, 1278, 1291, 1293, 1301, 1303, 1304, 1310, 1334, 1342, 1347, 1355, 1358, 1365, 1366, 1462, 1484, 1493, 1501, 1502, 4331, 4332, 4333, 4334, 4335, 4336, 4337, 4338, 4339, 4340, 4341, 4342, 4343, 4344, 4345, 4346, 4347, 4348, 4349, 4350, 4351, 4352]",1209,9138,86.76953381483914,133,133,0.09545366416355339,"[{'id': 1, 'label': 'Z.P1-1-1', 'text': 'werden dann Krankenpfleger besser bezahlt?'}, {'id': 5, 'label': 'Z.P4-1', 'text': 'Aber ist es realistisch, dass das Gesundheitssystem besser finanziert wird bevor eine medKI in der Lage ist fundierte Entscheidungen zu treffen?'}, {'id': 8, 'label': 'Z.P1', 'text': 'Der Trend geht ohnehin weg von kleinen Landarztpraxen und hin zu medizinischen Versorgungszentren'}, {'id': 12, 'label': 'Z.P4', 'text': 'Die MedKI kann unterstuetzen, den Mangel an Aerzten entgegenzuwirken. Durch den demographischen Wandel wird es mehr kranke und alte Menschen geben. Dadurch brauchen wir mehr Aerzte'}, {'id': 21, 'label': 'NZ.K10', 'text': 'KIs koennen bei der Behandlung objektiv die besten Entscheidungen treffen, doch das allein ist nicht genug um mit einem Arzt gleichgestellt zu werden. Was jedoch eine gute Loesung waere, ist dass beide zusammen arbeiten.'}, {'id': 22, 'label': 'NZ.K10', 'text': 'Die KIs sollten keine Einschraenkungen im Sinn von Behandlugsmoeglichkeiten haben, jedoch sollten die Aerzte die Leitung der Behandlung uebernehmen koennen um so Fehler der KI zu stoppen.'}, {'id': 24, 'label': 'Z.P1', 'text': 'Aerzte sind doch auch Rund um die Uhr erreichbar?! Dafuer werden Sie auch dementsprechend bezahlt. Auf dem Land natuerlich nicht, aber eine KI koennte auch nicht ohne Beaufsichtigung das Krankenhaus leiten'}, {'id': 59, 'label': 'NZ.K4', 'text': 'Hoher Energieverbrauch '}, {'id': 83, 'label': 'Z.P4-1', 'text': 'Dann sollen die Unis mehr Medizin Plaetze anbieten dann gibt es mehr Aerzte '}, {'id': 99, 'label': 'NZ.K10', 'text': 'Waere eine Kombination von KI und Menschen nicht sinnvoller als eine Art Ersatz?'}]"
100,1007,1,"Ja aber wenn man bei den Aerzten geld sparen kann indem man sie durch Ki ersetzt, kann man mehr Geld in die Pflege stecken. ",['Z.P5'],MEDAI,"[['Greeting_Message'], ['Z.P6'], ['intro_26', 'Z.P6', 'intro_46', 'Z.P6-1'], ['DISSENT'], ['Z.P5']]","[4, 13, 14, 15, 218, 406, 602, 603, 663, 675, 676, 699, 715, 752, 754, 755, 756, 862, 1150, 1184, 1294, 1354, 1362, 1430, 1454, 3176, 3177, 3178, 3179, 3180, 3181, 3182, 3183, 3184, 3185, 3186, 3187, 3188, 3189, 3190, 3191, 3192, 3193, 3194, 3195, 3196, 3197]",259,9138,97.16568176843948,47,47,0.17632382405855812,"[{'id': 4, 'label': 'Z.P5', 'text': 'Durch Einsparung von Personal bei Aerztinnen, kann mehr fuer Pflegepersonal ausgegeben werden. '}, {'id': 13, 'label': 'Z.P5', 'text': 'Die KI kann von mehreren Nationen entwickelt werden. Dadurch sinken die Kosten'}, {'id': 14, 'label': 'Z.P5', 'text': 'Sobald eine selbst lernende Ki entwickelt wurde, wird das Entwickeln nicht mehr viel kosten'}, {'id': 15, 'label': 'Z.P5', 'text': 'Dafuer kann der First Level Support von Aerzten abgewendet werden und durch KIs uebernommen werden'}, {'id': 218, 'label': 'Z.P5', 'text': 'Eine KI zu warten ist einfacher als ein Medizinstudium'}, {'id': 283, 'label': 'Z.P5-1', 'text': 'Die Bundesregierung sollte mehr Geld in die Medizinausbildung stecken'}, {'id': 406, 'label': 'Z.P5', 'text': ""KI's koennten aber die Pflegekraefte entlasten""}, {'id': 416, 'label': 'Z.P5-1', 'text': 'Warum muss so ein Dienst Geld verdienen, da hier sehr vielen Menschen geholfen werden kann, darf so etwas schon Geld kosten'}, {'id': 574, 'label': 'Z.P5-1', 'text': 'Die Entwicklung der Technologie wird immer teuer sein, das gehoert zu unserem gesellschaftlichen Wandel'}, {'id': 602, 'label': 'Z.P5', 'text': 'KI ist guenstiger '}]"
101,1016,1,"Das kann sein, aber Aerzte auszubilden ist auch nicht guenstig. Ausserdem viele ausgebildete Aerzte wandern aus. Also die bringen gar kein Geld nach dem Studium in System mehr",['Z.P5'],MEDAI,"[['Greeting_Message'], ['NZ.K10'], ['intro_24', 'Z.P1', 'intro_50', 'Z.K8'], ['Z.P5'], ['intro_27', 'Z.K8-1', 'intro_4', 'z_trans_12', 'Z.P1-1'], ['OTHER', 'Z.P5'], ['intro_23', 'Z.P5', 'intro_46', 'Z.P5-1']]","[4, 13, 14, 15, 218, 406, 602, 603, 663, 675, 676, 699, 715, 752, 754, 755, 756, 862, 1150, 1184, 1294, 1354, 1362, 1430, 1454, 3176, 3177, 3178, 3179, 3180, 3181, 3182, 3183, 3184, 3185, 3186, 3187, 3188, 3189, 3190, 3191, 3192, 3193, 3194, 3195, 3196, 3197]",259,9138,97.16568176843948,47,47,0.17632382405855812,"[{'id': 4, 'label': 'Z.P5', 'text': 'Durch Einsparung von Personal bei Aerztinnen, kann mehr fuer Pflegepersonal ausgegeben werden. '}, {'id': 13, 'label': 'Z.P5', 'text': 'Die KI kann von mehreren Nationen entwickelt werden. Dadurch sinken die Kosten'}, {'id': 14, 'label': 'Z.P5', 'text': 'Sobald eine selbst lernende Ki entwickelt wurde, wird das Entwickeln nicht mehr viel kosten'}, {'id': 15, 'label': 'Z.P5', 'text': 'Dafuer kann der First Level Support von Aerzten abgewendet werden und durch KIs uebernommen werden'}, {'id': 218, 'label': 'Z.P5', 'text': 'Eine KI zu warten ist einfacher als ein Medizinstudium'}, {'id': 283, 'label': 'Z.P5-1', 'text': 'Die Bundesregierung sollte mehr Geld in die Medizinausbildung stecken'}, {'id': 406, 'label': 'Z.P5', 'text': ""KI's koennten aber die Pflegekraefte entlasten""}, {'id': 416, 'label': 'Z.P5-1', 'text': 'Warum muss so ein Dienst Geld verdienen, da hier sehr vielen Menschen geholfen werden kann, darf so etwas schon Geld kosten'}, {'id': 574, 'label': 'Z.P5-1', 'text': 'Die Entwicklung der Technologie wird immer teuer sein, das gehoert zu unserem gesellschaftlichen Wandel'}, {'id': 602, 'label': 'Z.P5', 'text': 'KI ist guenstiger '}]"
102,1020,2,"Das kann ich mir nicht vorstellen, dass ein Roboter komplett menschlich reagieren kann, beziehungsweise kann er auch gar nicht erst so auftreten ",['Z.K1'],MEDAI,"[['Greeting_Message'], ['Z.K1'], ['intro_27', 'Z.K1', 'intro_56', 'Z.K1-1']]","[0, 7, 26, 27, 28, 31, 32, 60, 63, 64, 70, 87, 96, 97, 104, 106, 107, 114, 198, 199, 206, 207, 208, 209, 258, 259, 260, 273, 275, 278, 322, 327, 380, 431, 448, 472, 473, 495, 520, 524, 527, 537, 582, 636, 638, 651, 652, 653, 654, 691, 692, 726, 729, 730, 758, 759, 760, 761, 768, 790, 802, 808, 874, 904, 957, 964, 999, 1094, 1121, 1177, 1193, 1239, 1242, 1263, 1275, 1315, 1317, 1321, 1343, 1344, 1346, 1356, 1391, 1443, 1467, 1468, 3330, 3331, 3332, 3333, 3334, 3335, 3336, 3337, 3338, 3339, 3340, 3341, 3342, 3343, 3344, 3345, 3346, 3347, 3348, 3349, 3350, 3351]",1251,9138,86.30991464215364,108,108,0.07451215652560027,"[{'id': 0, 'label': 'Z.K1', 'text': 'Ein bot kannzwischenmaennschliche Interaktion nicht ersetzen '}, {'id': 7, 'label': 'Z.K1', 'text': 'Nein, medizinische Behandlung sollte meiner Meinung nach auf persoenlicher Ebene stattfinden, denn viele Krankeiten nur durch ausfuehrliche Anamnese aufgedeckt werden koennen und zum Teil psychologisch behaftet sind'}, {'id': 11, 'label': 'Z.K7', 'text': 'Ein Menscv kann interagieren und auf andere Menschen eingehen. Wie man an dir merkt, kann da KI nicht'}, {'id': 20, 'label': 'Z.K7', 'text': 'Um Patienten richtig behandeln zu koennen, muss der Arzt wichtige Entscheidungen treffen, welche womoeglich ueber Leben und Tod entscheiden. Dazu ist nur ein Mensch in der Lage, welcher sich in die Lage des Patienten versetzen kann.'}, {'id': 23, 'label': 'Z.K10', 'text': 'Das aendert jedoch nichts daran, dass viele Patienten sich nicht von einer KI behandeln lassen wollen.'}, {'id': 26, 'label': 'Z.K1', 'text': 'Der Persoenliche Kontakt zwischen dem Artzt und dem Patienten ist sehr wichtig, sowohl fuer Artzt als auch Patient. Der Patient kommt sich nicht so vor wie in einem Fastfood Resturant in dem er nur abgefertigt wird sondern mit einem richtigen Menschen als gegen ueber fuehlt er sich Wertgeschaetzt und versorgt, was auch positiv zur Heiling beitragen kann'}, {'id': 27, 'label': 'Z.K1', 'text': 'Eine KI kann aber niemals einen Menschen ersetzten egal wie gut programmiert sie ist, sie wird nie die Menschliche Fuersorge ersetzten koennen'}, {'id': 28, 'label': 'Z.K1', 'text': 'Selbst wenn die KI ausgebildet ist um auch emotional fuer den Menschen zu sorgen, so ist das nicht die selbe Fuersorge und emotionale Bindung wie sie zwischen zwei Menschen entstehen kann. Niemand wird jemals ein Geraet als Bezugs Person sehen da fehlen die echten Gefuehle und selbst gemachte Erfahrungen aus der Realen Welt '}, {'id': 30, 'label': 'Z.K7', 'text': 'Sie kann zwar lernen weiss aber nicht das fehl Entscheidungen auch eine emotionale Erfahrung mit sich bringen welche wichtig sind fuer die Ethik eines Mediziners und Grundlegend zur Entwichlung eines guten Artztes '}, {'id': 31, 'label': 'Z.K1', 'text': 'Das ist ja noch schlechter, man wuerde Patienten mit kleineren Problemen diskriminieren und ihnen das Geguehl geben dass sie weniger Beruecksichtigt werden als Patienten mit schlimmeren Problemen '}]"
103,1031,2,Du spuerst keine Schmerzen und Gefuehle ,['Z.K7'],MEDAI,"[['Greeting_Message'], ['Z.K1'], ['intro_27', 'Z.K1', 'intro_56', 'Z.K1-1'], ['Z.K1'], ['intro_26', 'Z.K2', 'intro_56', 'Z.K2-4'], ['Z.K1'], ['intro_26', 'NZ.K10', 'intro_10', 'NZ.K10-1', 'z_trans_9', 'Z.P1'], ['OTHER'], ['intro_27', 'Z.P1-1', 'intro_51', 'Z.P1-1-1'], ['OTHER'], ['OTHER'], ['DISSENT'], ['intro_32', 'Z.P1-1', 'intro_52', 'z_trans_12', 'Z.P4'], ['OTHER'], ['OTHER'], ['DISSENT'], ['intro_24', 'Z.K6', 'intro_55', 'Z.K6-1'], ['DISSENT'], ['intro_26', 'Z.K10', 'intro_55', 'Z.K10-1'], ['DISSENT'], ['intro_23', 'Z.K6', 'intro_56', 'z_trans_11', 'Z.P5'], ['OTHER'], ['intro_32', 'Z.P5-1', 'intro_6', 'z_trans_12', 'Z.P6'], ['Z.K1'], ['intro_23', 'Z.K1', 'intro_56', 'z_trans_11']]","[11, 20, 30, 50, 81, 102, 130, 133, 168, 189, 230, 236, 279, 284, 287, 288, 290, 326, 377, 387, 409, 487, 492, 535, 572, 608, 633, 656, 684, 685, 686, 688, 689, 717, 762, 803, 805, 809, 817, 820, 841, 850, 857, 866, 876, 877, 880, 882, 887, 953, 991, 1013, 1041, 1042, 1120, 1178, 1188, 1189, 1228, 1229, 1287, 1316, 1392, 1444, 3844, 3845, 3846, 3847, 3848, 3849, 3850, 3851, 3852, 3853, 3854, 3855, 3856, 3857, 3858, 3859, 3860, 3861, 3862, 3863, 3864, 3865]",1251,9138,86.30991464215364,86,86,0.0593337542703854,"[{'id': 0, 'label': 'Z.K1', 'text': 'Ein bot kannzwischenmaennschliche Interaktion nicht ersetzen '}, {'id': 7, 'label': 'Z.K1', 'text': 'Nein, medizinische Behandlung sollte meiner Meinung nach auf persoenlicher Ebene stattfinden, denn viele Krankeiten nur durch ausfuehrliche Anamnese aufgedeckt werden koennen und zum Teil psychologisch behaftet sind'}, {'id': 11, 'label': 'Z.K7', 'text': 'Ein Menscv kann interagieren und auf andere Menschen eingehen. Wie man an dir merkt, kann da KI nicht'}, {'id': 20, 'label': 'Z.K7', 'text': 'Um Patienten richtig behandeln zu koennen, muss der Arzt wichtige Entscheidungen treffen, welche womoeglich ueber Leben und Tod entscheiden. Dazu ist nur ein Mensch in der Lage, welcher sich in die Lage des Patienten versetzen kann.'}, {'id': 23, 'label': 'Z.K10', 'text': 'Das aendert jedoch nichts daran, dass viele Patienten sich nicht von einer KI behandeln lassen wollen.'}, {'id': 26, 'label': 'Z.K1', 'text': 'Der Persoenliche Kontakt zwischen dem Artzt und dem Patienten ist sehr wichtig, sowohl fuer Artzt als auch Patient. Der Patient kommt sich nicht so vor wie in einem Fastfood Resturant in dem er nur abgefertigt wird sondern mit einem richtigen Menschen als gegen ueber fuehlt er sich Wertgeschaetzt und versorgt, was auch positiv zur Heiling beitragen kann'}, {'id': 27, 'label': 'Z.K1', 'text': 'Eine KI kann aber niemals einen Menschen ersetzten egal wie gut programmiert sie ist, sie wird nie die Menschliche Fuersorge ersetzten koennen'}, {'id': 28, 'label': 'Z.K1', 'text': 'Selbst wenn die KI ausgebildet ist um auch emotional fuer den Menschen zu sorgen, so ist das nicht die selbe Fuersorge und emotionale Bindung wie sie zwischen zwei Menschen entstehen kann. Niemand wird jemals ein Geraet als Bezugs Person sehen da fehlen die echten Gefuehle und selbst gemachte Erfahrungen aus der Realen Welt '}, {'id': 30, 'label': 'Z.K7', 'text': 'Sie kann zwar lernen weiss aber nicht das fehl Entscheidungen auch eine emotionale Erfahrung mit sich bringen welche wichtig sind fuer die Ethik eines Mediziners und Grundlegend zur Entwichlung eines guten Artztes '}, {'id': 31, 'label': 'Z.K1', 'text': 'Das ist ja noch schlechter, man wuerde Patienten mit kleineren Problemen diskriminieren und ihnen das Geguehl geben dass sie weniger Beruecksichtigt werden als Patienten mit schlimmeren Problemen '}]"
104,1037,2,"Wenn es doch schon so gut funktioniert, warum sollte KI dann alles uebernehmen? Letztendlich kann eine KI keine Spritze setzen oder direkt auf koerperreaktionen reagieren ",['Z.P1-1'],MEDAI,"[['Greeting_Message'], ['Z.K2'], ['intro_25', 'Z.P1-1', 'intro_46', 'Z.P1-1-1'], ['OTHER'], ['intro_26', 'NZ.K10', 'intro_7', 'NZ.K10-1', 'z_trans_1', 'Z.P1']]","[103, 229, 231, 235, 347, 348, 496, 498, 531, 649, 650, 723, 764, 772, 939, 942, 1234, 1292, 1440, 2912, 2913, 2914, 2915, 2916, 2917, 2918, 2919, 2920, 2921, 2922, 2923, 2924, 2925, 2926, 2927, 2928, 2929, 2930, 2931, 2932, 2933]",1209,9138,86.76953381483914,41,41,0.029425565644403677,"[{'id': 1, 'label': 'Z.P1-1-1', 'text': 'werden dann Krankenpfleger besser bezahlt?'}, {'id': 5, 'label': 'Z.P4-1', 'text': 'Aber ist es realistisch, dass das Gesundheitssystem besser finanziert wird bevor eine medKI in der Lage ist fundierte Entscheidungen zu treffen?'}, {'id': 8, 'label': 'Z.P1', 'text': 'Der Trend geht ohnehin weg von kleinen Landarztpraxen und hin zu medizinischen Versorgungszentren'}, {'id': 12, 'label': 'Z.P4', 'text': 'Die MedKI kann unterstuetzen, den Mangel an Aerzten entgegenzuwirken. Durch den demographischen Wandel wird es mehr kranke und alte Menschen geben. Dadurch brauchen wir mehr Aerzte'}, {'id': 21, 'label': 'NZ.K10', 'text': 'KIs koennen bei der Behandlung objektiv die besten Entscheidungen treffen, doch das allein ist nicht genug um mit einem Arzt gleichgestellt zu werden. Was jedoch eine gute Loesung waere, ist dass beide zusammen arbeiten.'}, {'id': 22, 'label': 'NZ.K10', 'text': 'Die KIs sollten keine Einschraenkungen im Sinn von Behandlugsmoeglichkeiten haben, jedoch sollten die Aerzte die Leitung der Behandlung uebernehmen koennen um so Fehler der KI zu stoppen.'}, {'id': 24, 'label': 'Z.P1', 'text': 'Aerzte sind doch auch Rund um die Uhr erreichbar?! Dafuer werden Sie auch dementsprechend bezahlt. Auf dem Land natuerlich nicht, aber eine KI koennte auch nicht ohne Beaufsichtigung das Krankenhaus leiten'}, {'id': 59, 'label': 'NZ.K4', 'text': 'Hoher Energieverbrauch '}, {'id': 83, 'label': 'Z.P4-1', 'text': 'Dann sollen die Unis mehr Medizin Plaetze anbieten dann gibt es mehr Aerzte '}, {'id': 99, 'label': 'NZ.K10', 'text': 'Waere eine Kombination von KI und Menschen nicht sinnvoller als eine Art Ersatz?'}]"
105,1043,2,Der KI fehlt es an menschlicher Kompetenz.,['Z.K1'],MEDAI,"[['Greeting_Message'], ['Z.K2'], ['Z.P1-1'], ['Z.K15'], ['intro_27', 'Z.K15', 'intro_46', 'Z.K15-1'], ['Z.K3'], ['intro_23', 'Z.K3', 'intro_49', 'Z.K3-1']]","[0, 7, 26, 27, 28, 31, 32, 60, 63, 64, 70, 87, 96, 97, 104, 106, 107, 114, 198, 199, 206, 207, 208, 209, 258, 259, 260, 273, 275, 278, 322, 327, 380, 431, 448, 472, 473, 495, 520, 524, 527, 537, 582, 636, 638, 651, 652, 653, 654, 691, 692, 726, 729, 730, 758, 759, 760, 761, 768, 790, 802, 808, 874, 904, 957, 964, 999, 1094, 1121, 1177, 1193, 1239, 1242, 1263, 1275, 1315, 1317, 1321, 1343, 1344, 1346, 1356, 1391, 1443, 1467, 1468, 3330, 3331, 3332, 3333, 3334, 3335, 3336, 3337, 3338, 3339, 3340, 3341, 3342, 3343, 3344, 3345, 3346, 3347, 3348, 3349, 3350, 3351]",1251,9138,86.30991464215364,108,108,0.07451215652560027,"[{'id': 0, 'label': 'Z.K1', 'text': 'Ein bot kannzwischenmaennschliche Interaktion nicht ersetzen '}, {'id': 7, 'label': 'Z.K1', 'text': 'Nein, medizinische Behandlung sollte meiner Meinung nach auf persoenlicher Ebene stattfinden, denn viele Krankeiten nur durch ausfuehrliche Anamnese aufgedeckt werden koennen und zum Teil psychologisch behaftet sind'}, {'id': 11, 'label': 'Z.K7', 'text': 'Ein Menscv kann interagieren und auf andere Menschen eingehen. Wie man an dir merkt, kann da KI nicht'}, {'id': 20, 'label': 'Z.K7', 'text': 'Um Patienten richtig behandeln zu koennen, muss der Arzt wichtige Entscheidungen treffen, welche womoeglich ueber Leben und Tod entscheiden. Dazu ist nur ein Mensch in der Lage, welcher sich in die Lage des Patienten versetzen kann.'}, {'id': 23, 'label': 'Z.K10', 'text': 'Das aendert jedoch nichts daran, dass viele Patienten sich nicht von einer KI behandeln lassen wollen.'}, {'id': 26, 'label': 'Z.K1', 'text': 'Der Persoenliche Kontakt zwischen dem Artzt und dem Patienten ist sehr wichtig, sowohl fuer Artzt als auch Patient. Der Patient kommt sich nicht so vor wie in einem Fastfood Resturant in dem er nur abgefertigt wird sondern mit einem richtigen Menschen als gegen ueber fuehlt er sich Wertgeschaetzt und versorgt, was auch positiv zur Heiling beitragen kann'}, {'id': 27, 'label': 'Z.K1', 'text': 'Eine KI kann aber niemals einen Menschen ersetzten egal wie gut programmiert sie ist, sie wird nie die Menschliche Fuersorge ersetzten koennen'}, {'id': 28, 'label': 'Z.K1', 'text': 'Selbst wenn die KI ausgebildet ist um auch emotional fuer den Menschen zu sorgen, so ist das nicht die selbe Fuersorge und emotionale Bindung wie sie zwischen zwei Menschen entstehen kann. Niemand wird jemals ein Geraet als Bezugs Person sehen da fehlen die echten Gefuehle und selbst gemachte Erfahrungen aus der Realen Welt '}, {'id': 30, 'label': 'Z.K7', 'text': 'Sie kann zwar lernen weiss aber nicht das fehl Entscheidungen auch eine emotionale Erfahrung mit sich bringen welche wichtig sind fuer die Ethik eines Mediziners und Grundlegend zur Entwichlung eines guten Artztes '}, {'id': 31, 'label': 'Z.K1', 'text': 'Das ist ja noch schlechter, man wuerde Patienten mit kleineren Problemen diskriminieren und ihnen das Geguehl geben dass sie weniger Beruecksichtigt werden als Patienten mit schlimmeren Problemen '}]"
106,1061,1,"Das stimmt, eine Kombination mit Fachpersonal waere gut",['Z.K7-1'],MEDAI,"[['Greeting_Message'], ['Z.P1'], ['OTHER', 'Z.K1', 'Z.K7']]","[186, 403, 783, 954, 1179, 1259, 1373, 3866, 3867, 3868, 3869, 3870, 3871, 3872, 3873, 3874, 3875, 3876, 3877, 3878, 3879, 3880, 3881, 3882, 3883, 3884, 3885, 3886, 3887]",1251,9138,86.30991464215364,29,29,0.020007893881874145,"[{'id': 0, 'label': 'Z.K1', 'text': 'Ein bot kannzwischenmaennschliche Interaktion nicht ersetzen '}, {'id': 7, 'label': 'Z.K1', 'text': 'Nein, medizinische Behandlung sollte meiner Meinung nach auf persoenlicher Ebene stattfinden, denn viele Krankeiten nur durch ausfuehrliche Anamnese aufgedeckt werden koennen und zum Teil psychologisch behaftet sind'}, {'id': 11, 'label': 'Z.K7', 'text': 'Ein Menscv kann interagieren und auf andere Menschen eingehen. Wie man an dir merkt, kann da KI nicht'}, {'id': 20, 'label': 'Z.K7', 'text': 'Um Patienten richtig behandeln zu koennen, muss der Arzt wichtige Entscheidungen treffen, welche womoeglich ueber Leben und Tod entscheiden. Dazu ist nur ein Mensch in der Lage, welcher sich in die Lage des Patienten versetzen kann.'}, {'id': 23, 'label': 'Z.K10', 'text': 'Das aendert jedoch nichts daran, dass viele Patienten sich nicht von einer KI behandeln lassen wollen.'}, {'id': 26, 'label': 'Z.K1', 'text': 'Der Persoenliche Kontakt zwischen dem Artzt und dem Patienten ist sehr wichtig, sowohl fuer Artzt als auch Patient. Der Patient kommt sich nicht so vor wie in einem Fastfood Resturant in dem er nur abgefertigt wird sondern mit einem richtigen Menschen als gegen ueber fuehlt er sich Wertgeschaetzt und versorgt, was auch positiv zur Heiling beitragen kann'}, {'id': 27, 'label': 'Z.K1', 'text': 'Eine KI kann aber niemals einen Menschen ersetzten egal wie gut programmiert sie ist, sie wird nie die Menschliche Fuersorge ersetzten koennen'}, {'id': 28, 'label': 'Z.K1', 'text': 'Selbst wenn die KI ausgebildet ist um auch emotional fuer den Menschen zu sorgen, so ist das nicht die selbe Fuersorge und emotionale Bindung wie sie zwischen zwei Menschen entstehen kann. Niemand wird jemals ein Geraet als Bezugs Person sehen da fehlen die echten Gefuehle und selbst gemachte Erfahrungen aus der Realen Welt '}, {'id': 30, 'label': 'Z.K7', 'text': 'Sie kann zwar lernen weiss aber nicht das fehl Entscheidungen auch eine emotionale Erfahrung mit sich bringen welche wichtig sind fuer die Ethik eines Mediziners und Grundlegend zur Entwichlung eines guten Artztes '}, {'id': 31, 'label': 'Z.K1', 'text': 'Das ist ja noch schlechter, man wuerde Patienten mit kleineren Problemen diskriminieren und ihnen das Geguehl geben dass sie weniger Beruecksichtigt werden als Patienten mit schlimmeren Problemen '}]"
107,1064,1,Abhaengigkeit von Tech Firmen,['NZ.K6'],MEDAI,"[['Greeting_Message'], ['Z.P1'], ['OTHER', 'Z.K1', 'Z.K7'], ['Z.K7-1'], ['CONSENT', 'Z.K3', 'Z.K16', 'OTHER'], ['OTHER'], ['CONSENT', 'OTHER', 'NZ.K10', 'Z.P6', 'Z.K3', 'OTHER'], ['OTHER'], ['OTHER', 'Z.K14-1', 'NZ.K10', 'OTHER']]","[501, 784, 923, 1192, 1442, 4265, 4266, 4267, 4268, 4269, 4270, 4271, 4272, 4273, 4274, 4275, 4276, 4277, 4278, 4279, 4280, 4281, 4282, 4283, 4284, 4285, 4286]",752,9138,91.77062814620267,27,27,0.032949560637599365,"[{'id': 21, 'label': 'NZ.K10', 'text': 'KIs koennen bei der Behandlung objektiv die besten Entscheidungen treffen, doch das allein ist nicht genug um mit einem Arzt gleichgestellt zu werden. Was jedoch eine gute Loesung waere, ist dass beide zusammen arbeiten.'}, {'id': 22, 'label': 'NZ.K10', 'text': 'Die KIs sollten keine Einschraenkungen im Sinn von Behandlugsmoeglichkeiten haben, jedoch sollten die Aerzte die Leitung der Behandlung uebernehmen koennen um so Fehler der KI zu stoppen.'}, {'id': 54, 'label': 'Z.K8', 'text': 'Hohe Kosten '}, {'id': 55, 'label': 'Z.K8', 'text': 'Zu teure technologie'}, {'id': 56, 'label': 'Z.K14', 'text': 'Arbeitslosigkeit des medizinischen Personals'}, {'id': 57, 'label': 'Z.K14', 'text': 'Personal verliert Job '}, {'id': 58, 'label': 'Z.K8', 'text': 'Hohe Energiekosten'}, {'id': 59, 'label': 'NZ.K4', 'text': 'Hoher Energieverbrauch '}, {'id': 62, 'label': 'Z.K8', 'text': 'Teure Wartung '}, {'id': 65, 'label': 'Z.K14', 'text': 'Dies waere aber nur bei groesseren Notfaellen von Bedeutung, zumahl extrem viele Arbeitsplaetze verloren gehen wuerden'}]"
108,1073,2,Das heisst man hat die KI und trotzdem noch Menschen die den Patienten psychischem Beistand leisten ,['Z.K1-1'],MEDAI,"[['Greeting_Message'], ['Z.K1'], ['intro_23', 'Z.K1', 'intro_55', 'Z.K1-1']]","[116, 791, 1187, 1260, 1372, 3352, 3353, 3354, 3355, 3356, 3357, 3358, 3359, 3360, 3361, 3362, 3363, 3364, 3365, 3366, 3367, 3368, 3369, 3370, 3371, 3372, 3373]",1251,9138,86.30991464215364,27,27,0.018628039131400067,"[{'id': 0, 'label': 'Z.K1', 'text': 'Ein bot kannzwischenmaennschliche Interaktion nicht ersetzen '}, {'id': 7, 'label': 'Z.K1', 'text': 'Nein, medizinische Behandlung sollte meiner Meinung nach auf persoenlicher Ebene stattfinden, denn viele Krankeiten nur durch ausfuehrliche Anamnese aufgedeckt werden koennen und zum Teil psychologisch behaftet sind'}, {'id': 11, 'label': 'Z.K7', 'text': 'Ein Menscv kann interagieren und auf andere Menschen eingehen. Wie man an dir merkt, kann da KI nicht'}, {'id': 20, 'label': 'Z.K7', 'text': 'Um Patienten richtig behandeln zu koennen, muss der Arzt wichtige Entscheidungen treffen, welche womoeglich ueber Leben und Tod entscheiden. Dazu ist nur ein Mensch in der Lage, welcher sich in die Lage des Patienten versetzen kann.'}, {'id': 23, 'label': 'Z.K10', 'text': 'Das aendert jedoch nichts daran, dass viele Patienten sich nicht von einer KI behandeln lassen wollen.'}, {'id': 26, 'label': 'Z.K1', 'text': 'Der Persoenliche Kontakt zwischen dem Artzt und dem Patienten ist sehr wichtig, sowohl fuer Artzt als auch Patient. Der Patient kommt sich nicht so vor wie in einem Fastfood Resturant in dem er nur abgefertigt wird sondern mit einem richtigen Menschen als gegen ueber fuehlt er sich Wertgeschaetzt und versorgt, was auch positiv zur Heiling beitragen kann'}, {'id': 27, 'label': 'Z.K1', 'text': 'Eine KI kann aber niemals einen Menschen ersetzten egal wie gut programmiert sie ist, sie wird nie die Menschliche Fuersorge ersetzten koennen'}, {'id': 28, 'label': 'Z.K1', 'text': 'Selbst wenn die KI ausgebildet ist um auch emotional fuer den Menschen zu sorgen, so ist das nicht die selbe Fuersorge und emotionale Bindung wie sie zwischen zwei Menschen entstehen kann. Niemand wird jemals ein Geraet als Bezugs Person sehen da fehlen die echten Gefuehle und selbst gemachte Erfahrungen aus der Realen Welt '}, {'id': 30, 'label': 'Z.K7', 'text': 'Sie kann zwar lernen weiss aber nicht das fehl Entscheidungen auch eine emotionale Erfahrung mit sich bringen welche wichtig sind fuer die Ethik eines Mediziners und Grundlegend zur Entwichlung eines guten Artztes '}, {'id': 31, 'label': 'Z.K1', 'text': 'Das ist ja noch schlechter, man wuerde Patienten mit kleineren Problemen diskriminieren und ihnen das Geguehl geben dass sie weniger Beruecksichtigt werden als Patienten mit schlimmeren Problemen '}]"
109,1076,2,Das waere aber sehr teuer wenn die KI rund um die Uhr erreichbar waere ,['Z.K8'],MEDAI,"[['Greeting_Message'], ['Z.K1'], ['intro_23', 'Z.K1', 'intro_55', 'Z.K1-1'], ['Z.K1-1'], ['intro_23', 'Z.K7', 'intro_56', 'Z.K7-1'], ['Z.K9'], ['Z.K13'], ['CONSENT'], ['intro_26', 'Z.K14', 'intro_49', 'Z.K14-1']]","[54, 55, 58, 62, 110, 139, 238, 239, 240, 241, 242, 243, 244, 245, 525, 526, 530, 538, 587, 588, 706, 722, 737, 773, 793, 858, 908, 3220, 3221, 3222, 3223, 3224, 3225, 3226, 3227, 3228, 3229, 3230, 3231, 3232, 3233, 3234, 3235, 3236, 3237, 3238, 3239, 3240, 3241]",395,9138,95.67739111402933,49,49,0.11868840923006169,"[{'id': 54, 'label': 'Z.K8', 'text': 'Hohe Kosten '}, {'id': 55, 'label': 'Z.K8', 'text': 'Zu teure technologie'}, {'id': 56, 'label': 'Z.K14', 'text': 'Arbeitslosigkeit des medizinischen Personals'}, {'id': 57, 'label': 'Z.K14', 'text': 'Personal verliert Job '}, {'id': 58, 'label': 'Z.K8', 'text': 'Hohe Energiekosten'}, {'id': 62, 'label': 'Z.K8', 'text': 'Teure Wartung '}, {'id': 65, 'label': 'Z.K14', 'text': 'Dies waere aber nur bei groesseren Notfaellen von Bedeutung, zumahl extrem viele Arbeitsplaetze verloren gehen wuerden'}, {'id': 68, 'label': 'Z.K14', 'text': 'Das wuerde allerdings einen Aerzteueberschuss und tu hoher Arbeitslosigkeit fuehren, sowie den Verlust tausender Studienplaetze'}, {'id': 69, 'label': 'Z.K14', 'text': 'Arbeitslosigkeit waere eine folge'}, {'id': 82, 'label': 'Z.K14', 'text': 'Und Arbeitsplaetze gehen verloren und Menschen muessen sich langweilen und muessen einen Job machen der ihnen keinen Spass macht.'}]"
110,1087,2, Ich denke es muesse auch eine umfangreiche Aufklaerung der Mitarbeiterinnen erfolgen damit die Skepsis etwas gesenkt wir ,['Z.K10-1'],MEDAI,"[['Greeting_Message'], ['NZ.K10'], ['OTHER', 'Z.P2', 'Z.P6'], ['NZ.K10'], ['CONSENT', 'NZ.K10', 'Z.K5-1'], ['CONSENT'], ['OTHER'], ['Z.K14'], ['CONSENT', 'Z.K14-1', 'Z.K16-1', 'Z.K18-1', 'Z.K1-1', 'Z.K14-1'], ['OTHER'], ['OTHER', 'OTHER', 'Z.K10-1']]","[799, 3910, 3911, 3912, 3913, 3914, 3915, 3916, 3917, 3918, 3919, 3920, 3921, 3922, 3923, 3924, 3925, 3926, 3927, 3928, 3929, 3930, 3931]",1251,9138,86.30991464215364,23,23,0.015868329630451906,"[{'id': 0, 'label': 'Z.K1', 'text': 'Ein bot kannzwischenmaennschliche Interaktion nicht ersetzen '}, {'id': 7, 'label': 'Z.K1', 'text': 'Nein, medizinische Behandlung sollte meiner Meinung nach auf persoenlicher Ebene stattfinden, denn viele Krankeiten nur durch ausfuehrliche Anamnese aufgedeckt werden koennen und zum Teil psychologisch behaftet sind'}, {'id': 11, 'label': 'Z.K7', 'text': 'Ein Menscv kann interagieren und auf andere Menschen eingehen. Wie man an dir merkt, kann da KI nicht'}, {'id': 20, 'label': 'Z.K7', 'text': 'Um Patienten richtig behandeln zu koennen, muss der Arzt wichtige Entscheidungen treffen, welche womoeglich ueber Leben und Tod entscheiden. Dazu ist nur ein Mensch in der Lage, welcher sich in die Lage des Patienten versetzen kann.'}, {'id': 23, 'label': 'Z.K10', 'text': 'Das aendert jedoch nichts daran, dass viele Patienten sich nicht von einer KI behandeln lassen wollen.'}, {'id': 26, 'label': 'Z.K1', 'text': 'Der Persoenliche Kontakt zwischen dem Artzt und dem Patienten ist sehr wichtig, sowohl fuer Artzt als auch Patient. Der Patient kommt sich nicht so vor wie in einem Fastfood Resturant in dem er nur abgefertigt wird sondern mit einem richtigen Menschen als gegen ueber fuehlt er sich Wertgeschaetzt und versorgt, was auch positiv zur Heiling beitragen kann'}, {'id': 27, 'label': 'Z.K1', 'text': 'Eine KI kann aber niemals einen Menschen ersetzten egal wie gut programmiert sie ist, sie wird nie die Menschliche Fuersorge ersetzten koennen'}, {'id': 28, 'label': 'Z.K1', 'text': 'Selbst wenn die KI ausgebildet ist um auch emotional fuer den Menschen zu sorgen, so ist das nicht die selbe Fuersorge und emotionale Bindung wie sie zwischen zwei Menschen entstehen kann. Niemand wird jemals ein Geraet als Bezugs Person sehen da fehlen die echten Gefuehle und selbst gemachte Erfahrungen aus der Realen Welt '}, {'id': 30, 'label': 'Z.K7', 'text': 'Sie kann zwar lernen weiss aber nicht das fehl Entscheidungen auch eine emotionale Erfahrung mit sich bringen welche wichtig sind fuer die Ethik eines Mediziners und Grundlegend zur Entwichlung eines guten Artztes '}, {'id': 31, 'label': 'Z.K1', 'text': 'Das ist ja noch schlechter, man wuerde Patienten mit kleineren Problemen diskriminieren und ihnen das Geguehl geben dass sie weniger Beruecksichtigt werden als Patienten mit schlimmeren Problemen '}]"
111,1091,2,Is nicht empathisch ,['Z.K7'],MEDAI,"[['Greeting_Message'], ['Z.K15'], ['Z.P6', 'Z.K4-1'], ['Z.K13'], ['Z.K13-1'], ['Z.K1'], ['Z.K1-1']]","[11, 20, 30, 50, 81, 102, 130, 133, 168, 189, 230, 236, 279, 284, 287, 288, 290, 326, 377, 387, 409, 487, 492, 535, 572, 608, 633, 656, 684, 685, 686, 688, 689, 717, 762, 803, 805, 809, 817, 820, 841, 850, 857, 866, 876, 877, 880, 882, 887, 953, 991, 1013, 1041, 1042, 1120, 1178, 1188, 1189, 1228, 1229, 1287, 1316, 1392, 1444, 3844, 3845, 3846, 3847, 3848, 3849, 3850, 3851, 3852, 3853, 3854, 3855, 3856, 3857, 3858, 3859, 3860, 3861, 3862, 3863, 3864, 3865]",1251,9138,86.30991464215364,86,86,0.0593337542703854,"[{'id': 0, 'label': 'Z.K1', 'text': 'Ein bot kannzwischenmaennschliche Interaktion nicht ersetzen '}, {'id': 7, 'label': 'Z.K1', 'text': 'Nein, medizinische Behandlung sollte meiner Meinung nach auf persoenlicher Ebene stattfinden, denn viele Krankeiten nur durch ausfuehrliche Anamnese aufgedeckt werden koennen und zum Teil psychologisch behaftet sind'}, {'id': 11, 'label': 'Z.K7', 'text': 'Ein Menscv kann interagieren und auf andere Menschen eingehen. Wie man an dir merkt, kann da KI nicht'}, {'id': 20, 'label': 'Z.K7', 'text': 'Um Patienten richtig behandeln zu koennen, muss der Arzt wichtige Entscheidungen treffen, welche womoeglich ueber Leben und Tod entscheiden. Dazu ist nur ein Mensch in der Lage, welcher sich in die Lage des Patienten versetzen kann.'}, {'id': 23, 'label': 'Z.K10', 'text': 'Das aendert jedoch nichts daran, dass viele Patienten sich nicht von einer KI behandeln lassen wollen.'}, {'id': 26, 'label': 'Z.K1', 'text': 'Der Persoenliche Kontakt zwischen dem Artzt und dem Patienten ist sehr wichtig, sowohl fuer Artzt als auch Patient. Der Patient kommt sich nicht so vor wie in einem Fastfood Resturant in dem er nur abgefertigt wird sondern mit einem richtigen Menschen als gegen ueber fuehlt er sich Wertgeschaetzt und versorgt, was auch positiv zur Heiling beitragen kann'}, {'id': 27, 'label': 'Z.K1', 'text': 'Eine KI kann aber niemals einen Menschen ersetzten egal wie gut programmiert sie ist, sie wird nie die Menschliche Fuersorge ersetzten koennen'}, {'id': 28, 'label': 'Z.K1', 'text': 'Selbst wenn die KI ausgebildet ist um auch emotional fuer den Menschen zu sorgen, so ist das nicht die selbe Fuersorge und emotionale Bindung wie sie zwischen zwei Menschen entstehen kann. Niemand wird jemals ein Geraet als Bezugs Person sehen da fehlen die echten Gefuehle und selbst gemachte Erfahrungen aus der Realen Welt '}, {'id': 30, 'label': 'Z.K7', 'text': 'Sie kann zwar lernen weiss aber nicht das fehl Entscheidungen auch eine emotionale Erfahrung mit sich bringen welche wichtig sind fuer die Ethik eines Mediziners und Grundlegend zur Entwichlung eines guten Artztes '}, {'id': 31, 'label': 'Z.K1', 'text': 'Das ist ja noch schlechter, man wuerde Patienten mit kleineren Problemen diskriminieren und ihnen das Geguehl geben dass sie weniger Beruecksichtigt werden als Patienten mit schlimmeren Problemen '}]"
112,1092,2,Leute die mit der neuen Technik nicht klarkommen ,['Z.K10'],MEDAI,"[['Greeting_Message'], ['Z.K15'], ['Z.P6', 'Z.K4-1'], ['Z.K13'], ['Z.K13-1'], ['Z.K1'], ['Z.K1-1'], ['Z.K7'], ['Z.K7-1']]","[23, 51, 105, 132, 170, 276, 277, 376, 390, 391, 532, 541, 701, 713, 746, 794, 795, 804, 859, 901, 911, 993, 1016, 1169, 1240, 1332, 1466, 1491, 1504, 3888, 3889, 3890, 3891, 3892, 3893, 3894, 3895, 3896, 3897, 3898, 3899, 3900, 3901, 3902, 3903, 3904, 3905, 3906, 3907, 3908, 3909]",1251,9138,86.30991464215364,51,51,0.03518629613708902,"[{'id': 0, 'label': 'Z.K1', 'text': 'Ein bot kannzwischenmaennschliche Interaktion nicht ersetzen '}, {'id': 7, 'label': 'Z.K1', 'text': 'Nein, medizinische Behandlung sollte meiner Meinung nach auf persoenlicher Ebene stattfinden, denn viele Krankeiten nur durch ausfuehrliche Anamnese aufgedeckt werden koennen und zum Teil psychologisch behaftet sind'}, {'id': 11, 'label': 'Z.K7', 'text': 'Ein Menscv kann interagieren und auf andere Menschen eingehen. Wie man an dir merkt, kann da KI nicht'}, {'id': 20, 'label': 'Z.K7', 'text': 'Um Patienten richtig behandeln zu koennen, muss der Arzt wichtige Entscheidungen treffen, welche womoeglich ueber Leben und Tod entscheiden. Dazu ist nur ein Mensch in der Lage, welcher sich in die Lage des Patienten versetzen kann.'}, {'id': 23, 'label': 'Z.K10', 'text': 'Das aendert jedoch nichts daran, dass viele Patienten sich nicht von einer KI behandeln lassen wollen.'}, {'id': 26, 'label': 'Z.K1', 'text': 'Der Persoenliche Kontakt zwischen dem Artzt und dem Patienten ist sehr wichtig, sowohl fuer Artzt als auch Patient. Der Patient kommt sich nicht so vor wie in einem Fastfood Resturant in dem er nur abgefertigt wird sondern mit einem richtigen Menschen als gegen ueber fuehlt er sich Wertgeschaetzt und versorgt, was auch positiv zur Heiling beitragen kann'}, {'id': 27, 'label': 'Z.K1', 'text': 'Eine KI kann aber niemals einen Menschen ersetzten egal wie gut programmiert sie ist, sie wird nie die Menschliche Fuersorge ersetzten koennen'}, {'id': 28, 'label': 'Z.K1', 'text': 'Selbst wenn die KI ausgebildet ist um auch emotional fuer den Menschen zu sorgen, so ist das nicht die selbe Fuersorge und emotionale Bindung wie sie zwischen zwei Menschen entstehen kann. Niemand wird jemals ein Geraet als Bezugs Person sehen da fehlen die echten Gefuehle und selbst gemachte Erfahrungen aus der Realen Welt '}, {'id': 30, 'label': 'Z.K7', 'text': 'Sie kann zwar lernen weiss aber nicht das fehl Entscheidungen auch eine emotionale Erfahrung mit sich bringen welche wichtig sind fuer die Ethik eines Mediziners und Grundlegend zur Entwichlung eines guten Artztes '}, {'id': 31, 'label': 'Z.K1', 'text': 'Das ist ja noch schlechter, man wuerde Patienten mit kleineren Problemen diskriminieren und ihnen das Geguehl geben dass sie weniger Beruecksichtigt werden als Patienten mit schlimmeren Problemen '}]"
113,1101,1,Ki empfindet keine emphatie,['Z.K7'],MEDAI,"[['Greeting_Message'], ['OTHER'], ['OTHER'], ['OTHER'], ['Z.P1-1'], ['CONSENT'], ['OTHER', 'Z.P1-1'], ['Z.K1'], ['CONSENT', 'Z.K7']]","[11, 20, 30, 50, 81, 102, 130, 133, 168, 189, 230, 236, 279, 284, 287, 288, 290, 326, 377, 387, 409, 487, 492, 535, 572, 608, 633, 656, 684, 685, 686, 688, 689, 717, 762, 803, 805, 809, 817, 820, 841, 850, 857, 866, 876, 877, 880, 882, 887, 953, 991, 1013, 1041, 1042, 1120, 1178, 1188, 1189, 1228, 1229, 1287, 1316, 1392, 1444, 3844, 3845, 3846, 3847, 3848, 3849, 3850, 3851, 3852, 3853, 3854, 3855, 3856, 3857, 3858, 3859, 3860, 3861, 3862, 3863, 3864, 3865]",1251,9138,86.30991464215364,86,86,0.0593337542703854,"[{'id': 0, 'label': 'Z.K1', 'text': 'Ein bot kannzwischenmaennschliche Interaktion nicht ersetzen '}, {'id': 7, 'label': 'Z.K1', 'text': 'Nein, medizinische Behandlung sollte meiner Meinung nach auf persoenlicher Ebene stattfinden, denn viele Krankeiten nur durch ausfuehrliche Anamnese aufgedeckt werden koennen und zum Teil psychologisch behaftet sind'}, {'id': 11, 'label': 'Z.K7', 'text': 'Ein Menscv kann interagieren und auf andere Menschen eingehen. Wie man an dir merkt, kann da KI nicht'}, {'id': 20, 'label': 'Z.K7', 'text': 'Um Patienten richtig behandeln zu koennen, muss der Arzt wichtige Entscheidungen treffen, welche womoeglich ueber Leben und Tod entscheiden. Dazu ist nur ein Mensch in der Lage, welcher sich in die Lage des Patienten versetzen kann.'}, {'id': 23, 'label': 'Z.K10', 'text': 'Das aendert jedoch nichts daran, dass viele Patienten sich nicht von einer KI behandeln lassen wollen.'}, {'id': 26, 'label': 'Z.K1', 'text': 'Der Persoenliche Kontakt zwischen dem Artzt und dem Patienten ist sehr wichtig, sowohl fuer Artzt als auch Patient. Der Patient kommt sich nicht so vor wie in einem Fastfood Resturant in dem er nur abgefertigt wird sondern mit einem richtigen Menschen als gegen ueber fuehlt er sich Wertgeschaetzt und versorgt, was auch positiv zur Heiling beitragen kann'}, {'id': 27, 'label': 'Z.K1', 'text': 'Eine KI kann aber niemals einen Menschen ersetzten egal wie gut programmiert sie ist, sie wird nie die Menschliche Fuersorge ersetzten koennen'}, {'id': 28, 'label': 'Z.K1', 'text': 'Selbst wenn die KI ausgebildet ist um auch emotional fuer den Menschen zu sorgen, so ist das nicht die selbe Fuersorge und emotionale Bindung wie sie zwischen zwei Menschen entstehen kann. Niemand wird jemals ein Geraet als Bezugs Person sehen da fehlen die echten Gefuehle und selbst gemachte Erfahrungen aus der Realen Welt '}, {'id': 30, 'label': 'Z.K7', 'text': 'Sie kann zwar lernen weiss aber nicht das fehl Entscheidungen auch eine emotionale Erfahrung mit sich bringen welche wichtig sind fuer die Ethik eines Mediziners und Grundlegend zur Entwichlung eines guten Artztes '}, {'id': 31, 'label': 'Z.K1', 'text': 'Das ist ja noch schlechter, man wuerde Patienten mit kleineren Problemen diskriminieren und ihnen das Geguehl geben dass sie weniger Beruecksichtigt werden als Patienten mit schlimmeren Problemen '}]"
114,1114,2,"Es geht hier nicht um diagnosefehler oder eindeutig Wissenschaftliche Fehler, sondern dass die KI immer im die Entscheidung treffen wird, welche fuer die reine Gesundheit des Patienten ist, dies jedoch nicht immer die beste entscheidung ist. Wie wuerde die Ki beispielweise bei lebenserhaltenden Massnahmen reagieren? Was wenn der Patient sterben will?",['Z.K2'],MEDAI,"[['Greeting_Message'], ['Z.P6'], ['intro_27', 'Z.K15', 'intro_47', 'Z.K15-1']]","[9, 52, 71, 101, 150, 151, 152, 155, 228, 261, 309, 315, 324, 374, 475, 476, 490, 497, 511, 515, 516, 528, 605, 606, 648, 700, 705, 739, 763, 765, 771, 819, 883, 949, 966, 1049, 1050, 1061, 1062, 1117, 1119, 1194, 1195, 1333, 1336, 1394, 1481, 1499, 3396, 3397, 3398, 3399, 3400, 3401, 3402, 3403, 3404, 3405, 3406, 3407, 3408, 3409, 3410, 3411, 3412, 3413, 3414, 3415, 3416, 3417]",819,9138,91.03742613263296,70,70,0.07780976592532732,"[{'id': 6, 'label': 'Z.K6', 'text': 'Medizin ist ein aeusserst komplexes Tehemengebiet. Die Behandlung von Patienten erfordert Erfahrung und ist aeusserst Vielschichtig'}, {'id': 9, 'label': 'Z.K2', 'text': 'Andererseits hat sie ein sehr begrenztes Repertoire, denn anders als ein Mensch kommt MedKI nicht ueber ihre standardisierten Handlungsweisen hinaus'}, {'id': 10, 'label': 'Z.K6', 'text': 'Nein, ich bezihe mich nicht auf Fehler, sondern auf eine begrenzte, eindimensionale Handlungsfaehigkeit '}, {'id': 52, 'label': 'Z.K2', 'text': 'Zu viele Krankheiten moeglich'}, {'id': 53, 'label': 'Z.K4', 'text': 'Systemfehler'}, {'id': 71, 'label': 'Z.K2', 'text': 'Eine KI handelt immer nach der theoretisch besten Loesung, allerdings ist diese nicht immer moralisch Vertretbar '}, {'id': 101, 'label': 'Z.K2', 'text': 'Mir ist bewusst das ein MedKi nicht alle Lebensumstaende der Patientinnen in die Untersuchung mit einbeziehen'}, {'id': 111, 'label': 'Z.K6', 'text': 'Ueber Neueste Diagnostik und Therapie verfuegen Aerztinnen in der Regel auch '}, {'id': 129, 'label': 'Z.K15-1', 'text': 'Aerztinnen sind menschlich und machen Fehler, siehst du das auch so?'}, {'id': 150, 'label': 'Z.K2', 'text': 'Da die Med-KI keine individuellen Diagnosen stellen kann, sondern anhand von Lehrbuchangaben agiert und das Verhalten und die Aussagen der patient*innen nur objektiv betrachtet'}]"
115,1123,1,was ist wenn man die Verantwortung in die Haende des Patienten legt. Das also der Patient entscheidet ob er eine Diagnose von einer KI nimmt oder eines Arztes. Oder das der Arzt die KI nur als „Kontrolle“ verwendet um seine Entscheidung moeglicherweise nochmal zu ueberdenken?,['Z.K3-1'],MEDAI,"[['Greeting_Message'], ['Z.P2'], ['Z.P2', 'Z.K16', 'Z.K3', 'Z.K16']]","[113, 382, 824, 1254, 1258, 1338, 3638, 3639, 3640, 3641, 3642, 3643, 3644, 3645, 3646, 3647, 3648, 3649, 3650, 3651, 3652, 3653, 3654, 3655, 3656, 3657, 3658, 3659]",2325,9138,74.55679579776758,28,28,0.008978882934784911,"[{'id': 0, 'label': 'Z.K1', 'text': 'Ein bot kannzwischenmaennschliche Interaktion nicht ersetzen '}, {'id': 2, 'label': 'Z.P3', 'text': 'Das Wissen einer KI kann eine deutlich hoehere Menge erreichen, als das Wissen eines Menschen. '}, {'id': 3, 'label': 'Z.P3', 'text': 'Eine KI kann mehr Wissen als ein Mensch'}, {'id': 7, 'label': 'Z.K1', 'text': 'Nein, medizinische Behandlung sollte meiner Meinung nach auf persoenlicher Ebene stattfinden, denn viele Krankeiten nur durch ausfuehrliche Anamnese aufgedeckt werden koennen und zum Teil psychologisch behaftet sind'}, {'id': 11, 'label': 'Z.K7', 'text': 'Ein Menscv kann interagieren und auf andere Menschen eingehen. Wie man an dir merkt, kann da KI nicht'}, {'id': 20, 'label': 'Z.K7', 'text': 'Um Patienten richtig behandeln zu koennen, muss der Arzt wichtige Entscheidungen treffen, welche womoeglich ueber Leben und Tod entscheiden. Dazu ist nur ein Mensch in der Lage, welcher sich in die Lage des Patienten versetzen kann.'}, {'id': 23, 'label': 'Z.K10', 'text': 'Das aendert jedoch nichts daran, dass viele Patienten sich nicht von einer KI behandeln lassen wollen.'}, {'id': 25, 'label': 'Z.P3-1', 'text': ' Allerdings werden die KIs von Menschen programmiert. Insofern ist die Fehlerquote mindestens genauso hoch.'}, {'id': 26, 'label': 'Z.K1', 'text': 'Der Persoenliche Kontakt zwischen dem Artzt und dem Patienten ist sehr wichtig, sowohl fuer Artzt als auch Patient. Der Patient kommt sich nicht so vor wie in einem Fastfood Resturant in dem er nur abgefertigt wird sondern mit einem richtigen Menschen als gegen ueber fuehlt er sich Wertgeschaetzt und versorgt, was auch positiv zur Heiling beitragen kann'}, {'id': 27, 'label': 'Z.K1', 'text': 'Eine KI kann aber niemals einen Menschen ersetzten egal wie gut programmiert sie ist, sie wird nie die Menschliche Fuersorge ersetzten koennen'}]"
116,1156,2,ich denke cyberangriffe stellen auch eine moegliche gefahr dar.,['Z.K9'],MEDAI,"[['Greeting_Message'], ['Z.K7'], ['CONSENT', 'Z.K1-1'], ['OTHER'], ['OTHER', 'Z.P2'], ['CONSENT', 'Z.K6'], ['CONSENT', 'Z.K6', 'Z.P2', 'Z.P1'], ['Z.K19'], ['CONSENT', 'Z.K19-1', 'OTHER']]","[61, 422, 433, 533, 604, 741, 792, 816, 844, 868, 1052, 1340, 1437, 1438, 1441, 1469, 3954, 3955, 3956, 3957, 3958, 3959, 3960, 3961, 3962, 3963, 3964, 3965, 3966, 3967, 3968, 3969, 3970, 3971, 3972, 3973, 3974, 3975]",335,9138,96.33398993215145,38,38,0.10927437663945538,"[{'id': 29, 'label': 'Z.K19', 'text': 'Das ist schon richtig aber eine MedKI hat auch Fehler und faellt mal aus da ist ein Mensch zu verlaessiger '}, {'id': 61, 'label': 'Z.K9', 'text': 'Hacker'}, {'id': 422, 'label': 'Z.K9', 'text': 'Aber was ist mit dem Sicherheitsrisikio?'}, {'id': 433, 'label': 'Z.K9', 'text': 'Oder Hacker die KI manipulieren'}, {'id': 488, 'label': 'Z.K19', 'text': 'Eine KI ist abhaengig von Ressourcen wie Strom und Internet '}, {'id': 519, 'label': 'Z.K13', 'text': 'Ausserdem entstehen Probleme bei Datenschutz'}, {'id': 523, 'label': 'Z.K19', 'text': 'jedoch koennen aerzte grundlegende medizinische leistungen auch ohne komplizierte Geraete durchfuehren, die medKI waere bei einem Stromausfall komplett nutzlos '}, {'id': 533, 'label': 'Z.K9', 'text': 'Was passiert eigentlich, wenn eine solche KI gehackt wird. '}, {'id': 604, 'label': 'Z.K9', 'text': 'Sind die personenbezogenen Daten in der KI sicher?'}, {'id': 707, 'label': 'Z.K19', 'text': ' Ausserdem ist bei einem Ausfall der KI keine Versorgung der Patienten moeglich'}]"
117,1179,1,Aber innovative Loesungen sind immer kostspielig und notwendig um Fortschritt zu schaffen ,['Z.K3-1-1'],MEDAI,"[['Greeting_Message'], ['Z.P2'], ['Z.K20'], ['OTHER'], ['CONSENT', 'Z.K3-1-1']]","[861, 3660, 3661, 3662, 3663, 3664, 3665, 3666, 3667, 3668, 3669, 3670, 3671, 3672, 3673, 3674, 3675, 3676, 3677, 3678, 3679, 3680, 3681]",1251,9138,86.30991464215364,23,23,0.015868329630451906,"[{'id': 0, 'label': 'Z.K1', 'text': 'Ein bot kannzwischenmaennschliche Interaktion nicht ersetzen '}, {'id': 7, 'label': 'Z.K1', 'text': 'Nein, medizinische Behandlung sollte meiner Meinung nach auf persoenlicher Ebene stattfinden, denn viele Krankeiten nur durch ausfuehrliche Anamnese aufgedeckt werden koennen und zum Teil psychologisch behaftet sind'}, {'id': 11, 'label': 'Z.K7', 'text': 'Ein Menscv kann interagieren und auf andere Menschen eingehen. Wie man an dir merkt, kann da KI nicht'}, {'id': 20, 'label': 'Z.K7', 'text': 'Um Patienten richtig behandeln zu koennen, muss der Arzt wichtige Entscheidungen treffen, welche womoeglich ueber Leben und Tod entscheiden. Dazu ist nur ein Mensch in der Lage, welcher sich in die Lage des Patienten versetzen kann.'}, {'id': 23, 'label': 'Z.K10', 'text': 'Das aendert jedoch nichts daran, dass viele Patienten sich nicht von einer KI behandeln lassen wollen.'}, {'id': 26, 'label': 'Z.K1', 'text': 'Der Persoenliche Kontakt zwischen dem Artzt und dem Patienten ist sehr wichtig, sowohl fuer Artzt als auch Patient. Der Patient kommt sich nicht so vor wie in einem Fastfood Resturant in dem er nur abgefertigt wird sondern mit einem richtigen Menschen als gegen ueber fuehlt er sich Wertgeschaetzt und versorgt, was auch positiv zur Heiling beitragen kann'}, {'id': 27, 'label': 'Z.K1', 'text': 'Eine KI kann aber niemals einen Menschen ersetzten egal wie gut programmiert sie ist, sie wird nie die Menschliche Fuersorge ersetzten koennen'}, {'id': 28, 'label': 'Z.K1', 'text': 'Selbst wenn die KI ausgebildet ist um auch emotional fuer den Menschen zu sorgen, so ist das nicht die selbe Fuersorge und emotionale Bindung wie sie zwischen zwei Menschen entstehen kann. Niemand wird jemals ein Geraet als Bezugs Person sehen da fehlen die echten Gefuehle und selbst gemachte Erfahrungen aus der Realen Welt '}, {'id': 30, 'label': 'Z.K7', 'text': 'Sie kann zwar lernen weiss aber nicht das fehl Entscheidungen auch eine emotionale Erfahrung mit sich bringen welche wichtig sind fuer die Ethik eines Mediziners und Grundlegend zur Entwichlung eines guten Artztes '}, {'id': 31, 'label': 'Z.K1', 'text': 'Das ist ja noch schlechter, man wuerde Patienten mit kleineren Problemen diskriminieren und ihnen das Geguehl geben dass sie weniger Beruecksichtigt werden als Patienten mit schlimmeren Problemen '}]"
118,1189,2,"ja aber die patientenakten behandeln nicht die patienten direkt, sondern hat nur die daten.",['Z.K9-1'],MEDAI,"[['Greeting_Message'], ['Z.K7'], ['intro_23', 'Z.K7', 'intro_55', 'Z.K7-1'], ['OTHER'], ['intro_32', 'Z.K16', 'intro_57', 'Z.K16-1'], ['NZ.K10'], ['intro_32', 'NZ.K10', 'intro_9', 'NZ.K10-1', 'z_trans_9', 'Z.P1'], ['Z.K9'], ['Z.K9']]","[869, 3976, 3977, 3978, 3979, 3980, 3981, 3982, 3983, 3984, 3985, 3986, 3987, 3988, 3989, 3990, 3991, 3992, 3993, 3994, 3995, 3996, 3997]",335,9138,96.33398993215145,23,23,0.06613975428177563,"[{'id': 29, 'label': 'Z.K19', 'text': 'Das ist schon richtig aber eine MedKI hat auch Fehler und faellt mal aus da ist ein Mensch zu verlaessiger '}, {'id': 61, 'label': 'Z.K9', 'text': 'Hacker'}, {'id': 422, 'label': 'Z.K9', 'text': 'Aber was ist mit dem Sicherheitsrisikio?'}, {'id': 433, 'label': 'Z.K9', 'text': 'Oder Hacker die KI manipulieren'}, {'id': 488, 'label': 'Z.K19', 'text': 'Eine KI ist abhaengig von Ressourcen wie Strom und Internet '}, {'id': 519, 'label': 'Z.K13', 'text': 'Ausserdem entstehen Probleme bei Datenschutz'}, {'id': 523, 'label': 'Z.K19', 'text': 'jedoch koennen aerzte grundlegende medizinische leistungen auch ohne komplizierte Geraete durchfuehren, die medKI waere bei einem Stromausfall komplett nutzlos '}, {'id': 533, 'label': 'Z.K9', 'text': 'Was passiert eigentlich, wenn eine solche KI gehackt wird. '}, {'id': 604, 'label': 'Z.K9', 'text': 'Sind die personenbezogenen Daten in der KI sicher?'}, {'id': 707, 'label': 'Z.K19', 'text': ' Ausserdem ist bei einem Ausfall der KI keine Versorgung der Patienten moeglich'}]"
119,1194,1,Das stimmt. Eine direkte zwischenmenschliche Interaktion ist in solchen Situationen essentiell.,['Z.K1'],MEDAI,"[['Greeting_Message'], ['Z.P6'], ['Z.P6'], ['Z.K5-1'], ['intro_26', 'Z.K5-1', 'intro_5', 'z_trans_1', 'Z.K7']]","[0, 7, 26, 27, 28, 31, 32, 60, 63, 64, 70, 87, 96, 97, 104, 106, 107, 114, 198, 199, 206, 207, 208, 209, 258, 259, 260, 273, 275, 278, 322, 327, 380, 431, 448, 472, 473, 495, 520, 524, 527, 537, 582, 636, 638, 651, 652, 653, 654, 691, 692, 726, 729, 730, 758, 759, 760, 761, 768, 790, 802, 808, 874, 904, 957, 964, 999, 1094, 1121, 1177, 1193, 1239, 1242, 1263, 1275, 1315, 1317, 1321, 1343, 1344, 1346, 1356, 1391, 1443, 1467, 1468, 3330, 3331, 3332, 3333, 3334, 3335, 3336, 3337, 3338, 3339, 3340, 3341, 3342, 3343, 3344, 3345, 3346, 3347, 3348, 3349, 3350, 3351]",1251,9138,86.30991464215364,108,108,0.07451215652560027,"[{'id': 0, 'label': 'Z.K1', 'text': 'Ein bot kannzwischenmaennschliche Interaktion nicht ersetzen '}, {'id': 7, 'label': 'Z.K1', 'text': 'Nein, medizinische Behandlung sollte meiner Meinung nach auf persoenlicher Ebene stattfinden, denn viele Krankeiten nur durch ausfuehrliche Anamnese aufgedeckt werden koennen und zum Teil psychologisch behaftet sind'}, {'id': 11, 'label': 'Z.K7', 'text': 'Ein Menscv kann interagieren und auf andere Menschen eingehen. Wie man an dir merkt, kann da KI nicht'}, {'id': 20, 'label': 'Z.K7', 'text': 'Um Patienten richtig behandeln zu koennen, muss der Arzt wichtige Entscheidungen treffen, welche womoeglich ueber Leben und Tod entscheiden. Dazu ist nur ein Mensch in der Lage, welcher sich in die Lage des Patienten versetzen kann.'}, {'id': 23, 'label': 'Z.K10', 'text': 'Das aendert jedoch nichts daran, dass viele Patienten sich nicht von einer KI behandeln lassen wollen.'}, {'id': 26, 'label': 'Z.K1', 'text': 'Der Persoenliche Kontakt zwischen dem Artzt und dem Patienten ist sehr wichtig, sowohl fuer Artzt als auch Patient. Der Patient kommt sich nicht so vor wie in einem Fastfood Resturant in dem er nur abgefertigt wird sondern mit einem richtigen Menschen als gegen ueber fuehlt er sich Wertgeschaetzt und versorgt, was auch positiv zur Heiling beitragen kann'}, {'id': 27, 'label': 'Z.K1', 'text': 'Eine KI kann aber niemals einen Menschen ersetzten egal wie gut programmiert sie ist, sie wird nie die Menschliche Fuersorge ersetzten koennen'}, {'id': 28, 'label': 'Z.K1', 'text': 'Selbst wenn die KI ausgebildet ist um auch emotional fuer den Menschen zu sorgen, so ist das nicht die selbe Fuersorge und emotionale Bindung wie sie zwischen zwei Menschen entstehen kann. Niemand wird jemals ein Geraet als Bezugs Person sehen da fehlen die echten Gefuehle und selbst gemachte Erfahrungen aus der Realen Welt '}, {'id': 30, 'label': 'Z.K7', 'text': 'Sie kann zwar lernen weiss aber nicht das fehl Entscheidungen auch eine emotionale Erfahrung mit sich bringen welche wichtig sind fuer die Ethik eines Mediziners und Grundlegend zur Entwichlung eines guten Artztes '}, {'id': 31, 'label': 'Z.K1', 'text': 'Das ist ja noch schlechter, man wuerde Patienten mit kleineren Problemen diskriminieren und ihnen das Geguehl geben dass sie weniger Beruecksichtigt werden als Patienten mit schlimmeren Problemen '}]"
120,1196,1,"Das stimmt, es waere sinnvoll eine Kombination aus KI und Fachpersonal zu gewaehrleisten, welcher moeglichst viele Patienten vertrauen.",['Z.K5-1'],MEDAI,"[['Greeting_Message'], ['Z.P6'], ['Z.P6'], ['Z.K5-1'], ['intro_26', 'Z.K5-1', 'intro_5', 'z_trans_1', 'Z.K7'], ['CONSENT', 'Z.K1'], ['intro_26', 'Z.K7-1', 'intro_5', 'z_trans_12', 'Z.K1'], ['CONSENT'], ['Z.K1-1']]","[80, 117, 269, 270, 873, 875, 1376, 3822, 3823, 3824, 3825, 3826, 3827, 3828, 3829, 3830, 3831, 3832, 3833, 3834, 3835, 3836, 3837, 3838, 3839, 3840, 3841, 3842, 3843]",1251,9138,86.30991464215364,29,29,0.020007893881874145,"[{'id': 0, 'label': 'Z.K1', 'text': 'Ein bot kannzwischenmaennschliche Interaktion nicht ersetzen '}, {'id': 7, 'label': 'Z.K1', 'text': 'Nein, medizinische Behandlung sollte meiner Meinung nach auf persoenlicher Ebene stattfinden, denn viele Krankeiten nur durch ausfuehrliche Anamnese aufgedeckt werden koennen und zum Teil psychologisch behaftet sind'}, {'id': 11, 'label': 'Z.K7', 'text': 'Ein Menscv kann interagieren und auf andere Menschen eingehen. Wie man an dir merkt, kann da KI nicht'}, {'id': 20, 'label': 'Z.K7', 'text': 'Um Patienten richtig behandeln zu koennen, muss der Arzt wichtige Entscheidungen treffen, welche womoeglich ueber Leben und Tod entscheiden. Dazu ist nur ein Mensch in der Lage, welcher sich in die Lage des Patienten versetzen kann.'}, {'id': 23, 'label': 'Z.K10', 'text': 'Das aendert jedoch nichts daran, dass viele Patienten sich nicht von einer KI behandeln lassen wollen.'}, {'id': 26, 'label': 'Z.K1', 'text': 'Der Persoenliche Kontakt zwischen dem Artzt und dem Patienten ist sehr wichtig, sowohl fuer Artzt als auch Patient. Der Patient kommt sich nicht so vor wie in einem Fastfood Resturant in dem er nur abgefertigt wird sondern mit einem richtigen Menschen als gegen ueber fuehlt er sich Wertgeschaetzt und versorgt, was auch positiv zur Heiling beitragen kann'}, {'id': 27, 'label': 'Z.K1', 'text': 'Eine KI kann aber niemals einen Menschen ersetzten egal wie gut programmiert sie ist, sie wird nie die Menschliche Fuersorge ersetzten koennen'}, {'id': 28, 'label': 'Z.K1', 'text': 'Selbst wenn die KI ausgebildet ist um auch emotional fuer den Menschen zu sorgen, so ist das nicht die selbe Fuersorge und emotionale Bindung wie sie zwischen zwei Menschen entstehen kann. Niemand wird jemals ein Geraet als Bezugs Person sehen da fehlen die echten Gefuehle und selbst gemachte Erfahrungen aus der Realen Welt '}, {'id': 30, 'label': 'Z.K7', 'text': 'Sie kann zwar lernen weiss aber nicht das fehl Entscheidungen auch eine emotionale Erfahrung mit sich bringen welche wichtig sind fuer die Ethik eines Mediziners und Grundlegend zur Entwichlung eines guten Artztes '}, {'id': 31, 'label': 'Z.K1', 'text': 'Das ist ja noch schlechter, man wuerde Patienten mit kleineren Problemen diskriminieren und ihnen das Geguehl geben dass sie weniger Beruecksichtigt werden als Patienten mit schlimmeren Problemen '}]"
121,1198,2,"Emotionen sind als Arzt aber wichtig. Ich sage ja nicht, dass KI nicht in Kombination mit einem Arzt eingesetzt werden sollte.",['Z.K7'],MEDAI,"[['Greeting_Message'], ['Z.K7'], ['intro_26', 'Z.K1', 'intro_56', 'Z.K1-1']]","[11, 20, 30, 50, 81, 102, 130, 133, 168, 189, 230, 236, 279, 284, 287, 288, 290, 326, 377, 387, 409, 487, 492, 535, 572, 608, 633, 656, 684, 685, 686, 688, 689, 717, 762, 803, 805, 809, 817, 820, 841, 850, 857, 866, 876, 877, 880, 882, 887, 953, 991, 1013, 1041, 1042, 1120, 1178, 1188, 1189, 1228, 1229, 1287, 1316, 1392, 1444, 3844, 3845, 3846, 3847, 3848, 3849, 3850, 3851, 3852, 3853, 3854, 3855, 3856, 3857, 3858, 3859, 3860, 3861, 3862, 3863, 3864, 3865]",1251,9138,86.30991464215364,86,86,0.0593337542703854,"[{'id': 0, 'label': 'Z.K1', 'text': 'Ein bot kannzwischenmaennschliche Interaktion nicht ersetzen '}, {'id': 7, 'label': 'Z.K1', 'text': 'Nein, medizinische Behandlung sollte meiner Meinung nach auf persoenlicher Ebene stattfinden, denn viele Krankeiten nur durch ausfuehrliche Anamnese aufgedeckt werden koennen und zum Teil psychologisch behaftet sind'}, {'id': 11, 'label': 'Z.K7', 'text': 'Ein Menscv kann interagieren und auf andere Menschen eingehen. Wie man an dir merkt, kann da KI nicht'}, {'id': 20, 'label': 'Z.K7', 'text': 'Um Patienten richtig behandeln zu koennen, muss der Arzt wichtige Entscheidungen treffen, welche womoeglich ueber Leben und Tod entscheiden. Dazu ist nur ein Mensch in der Lage, welcher sich in die Lage des Patienten versetzen kann.'}, {'id': 23, 'label': 'Z.K10', 'text': 'Das aendert jedoch nichts daran, dass viele Patienten sich nicht von einer KI behandeln lassen wollen.'}, {'id': 26, 'label': 'Z.K1', 'text': 'Der Persoenliche Kontakt zwischen dem Artzt und dem Patienten ist sehr wichtig, sowohl fuer Artzt als auch Patient. Der Patient kommt sich nicht so vor wie in einem Fastfood Resturant in dem er nur abgefertigt wird sondern mit einem richtigen Menschen als gegen ueber fuehlt er sich Wertgeschaetzt und versorgt, was auch positiv zur Heiling beitragen kann'}, {'id': 27, 'label': 'Z.K1', 'text': 'Eine KI kann aber niemals einen Menschen ersetzten egal wie gut programmiert sie ist, sie wird nie die Menschliche Fuersorge ersetzten koennen'}, {'id': 28, 'label': 'Z.K1', 'text': 'Selbst wenn die KI ausgebildet ist um auch emotional fuer den Menschen zu sorgen, so ist das nicht die selbe Fuersorge und emotionale Bindung wie sie zwischen zwei Menschen entstehen kann. Niemand wird jemals ein Geraet als Bezugs Person sehen da fehlen die echten Gefuehle und selbst gemachte Erfahrungen aus der Realen Welt '}, {'id': 30, 'label': 'Z.K7', 'text': 'Sie kann zwar lernen weiss aber nicht das fehl Entscheidungen auch eine emotionale Erfahrung mit sich bringen welche wichtig sind fuer die Ethik eines Mediziners und Grundlegend zur Entwichlung eines guten Artztes '}, {'id': 31, 'label': 'Z.K1', 'text': 'Das ist ja noch schlechter, man wuerde Patienten mit kleineren Problemen diskriminieren und ihnen das Geguehl geben dass sie weniger Beruecksichtigt werden als Patienten mit schlimmeren Problemen '}]"
122,1200,2,"Aber es ist vielleicht nicht komplett vertretbar, wenn ein emotionaler Mensch der nachts denkt er hat Krebs oder aehnliches dann eventuell Plazebo Symptome angibt und eine falsche Diagnose bekommt",['NZ.K11'],MEDAI,"[['Greeting_Message'], ['Z.K7'], ['intro_26', 'Z.K1', 'intro_56', 'Z.K1-1'], ['Z.K7'], ['intro_28', 'Z.K7', 'intro_56', 'Z.K7-1'], ['NZ.K10'], ['NZ.K10']]","[879, 1000, 1064, 1447, 1470, 4353, 4354, 4355, 4356, 4357, 4358, 4359, 4360, 4361, 4362, 4363, 4364, 4365, 4366, 4367, 4368, 4369, 4370, 4371, 4372, 4373, 4374]",357,9138,96.09323703217333,27,27,0.07267555741929076,"[{'id': 21, 'label': 'NZ.K10', 'text': 'KIs koennen bei der Behandlung objektiv die besten Entscheidungen treffen, doch das allein ist nicht genug um mit einem Arzt gleichgestellt zu werden. Was jedoch eine gute Loesung waere, ist dass beide zusammen arbeiten.'}, {'id': 22, 'label': 'NZ.K10', 'text': 'Die KIs sollten keine Einschraenkungen im Sinn von Behandlugsmoeglichkeiten haben, jedoch sollten die Aerzte die Leitung der Behandlung uebernehmen koennen um so Fehler der KI zu stoppen.'}, {'id': 59, 'label': 'NZ.K4', 'text': 'Hoher Energieverbrauch '}, {'id': 99, 'label': 'NZ.K10', 'text': 'Waere eine Kombination von KI und Menschen nicht sinnvoller als eine Art Ersatz?'}, {'id': 140, 'label': 'NZ.K10', 'text': 'Deswegen wuerde ich eine KI nie als vollstaendigen Ersatz einsetzen, sondern eher ergaenzend'}, {'id': 141, 'label': 'NZ.K10', 'text': 'Nicht die KI alleine sollte Diagnosen stellen, sondern auch Fachpersonal sollte gegebenenfalls zur Verfuegung stehen'}, {'id': 175, 'label': 'NZ.K10', 'text': 'Als zusaetzliche Hilfe vielleicht, aber ich stimme nicht zu, dass es ausschliesslich medKIs geben sollte'}, {'id': 176, 'label': 'NZ.K10', 'text': 'MedKIs koennten als Unterstuetzung dienen, aber nicht als Arztersatz'}, {'id': 177, 'label': 'NZ.K10', 'text': 'Es hat bisher geklappt. Also warum sollte man alles auf KIs umruesten? '}, {'id': 178, 'label': 'NZ.K10', 'text': 'Bisher haben Aerzte ihre Arbeit geleistet und das passend. Ich sehe keine 100%ige Noetigkeit dies auf ausschliesslich KIs umzuruesten. '}]"
123,1208,2,Zunaechst waere es fuer eine Einrichtung vermutlich sehr schwer die Genauigkeit und Sicherheit zu testen. Ausserdem koennten Aerzte dadurch immer wieder die Verantwortung abgeben und keiner wuerde sich mehr richtig verantwortlich fuehlen.,['Z.K3'],MEDAI,"[['Greeting_Message'], ['Z.K7'], ['CONSENT', 'OTHER', 'NZ.P1', 'NZ.K10'], ['Z.K2'], ['CONSENT', 'Z.K2-4'], ['NZ.K10'], ['CONSENT', 'OTHER', 'Z.P6'], ['FAQ.7'], ['CONSENT', 'Z.K3', 'NZ.K10']]","[232, 237, 357, 358, 359, 375, 381, 383, 386, 430, 485, 486, 552, 590, 591, 710, 750, 767, 886, 905, 907, 968, 992, 1003, 1047, 1190, 1243, 1244, 1246, 1312, 1319, 3616, 3617, 3618, 3619, 3620, 3621, 3622, 3623, 3624, 3625, 3626, 3627, 3628, 3629, 3630, 3631, 3632, 3633, 3634, 3635, 3636, 3637]",1608,9138,82.40315167432699,53,53,0.02716024277822967,"[{'id': 0, 'label': 'Z.K1', 'text': 'Ein bot kannzwischenmaennschliche Interaktion nicht ersetzen '}, {'id': 7, 'label': 'Z.K1', 'text': 'Nein, medizinische Behandlung sollte meiner Meinung nach auf persoenlicher Ebene stattfinden, denn viele Krankeiten nur durch ausfuehrliche Anamnese aufgedeckt werden koennen und zum Teil psychologisch behaftet sind'}, {'id': 11, 'label': 'Z.K7', 'text': 'Ein Menscv kann interagieren und auf andere Menschen eingehen. Wie man an dir merkt, kann da KI nicht'}, {'id': 20, 'label': 'Z.K7', 'text': 'Um Patienten richtig behandeln zu koennen, muss der Arzt wichtige Entscheidungen treffen, welche womoeglich ueber Leben und Tod entscheiden. Dazu ist nur ein Mensch in der Lage, welcher sich in die Lage des Patienten versetzen kann.'}, {'id': 21, 'label': 'NZ.K10', 'text': 'KIs koennen bei der Behandlung objektiv die besten Entscheidungen treffen, doch das allein ist nicht genug um mit einem Arzt gleichgestellt zu werden. Was jedoch eine gute Loesung waere, ist dass beide zusammen arbeiten.'}, {'id': 22, 'label': 'NZ.K10', 'text': 'Die KIs sollten keine Einschraenkungen im Sinn von Behandlugsmoeglichkeiten haben, jedoch sollten die Aerzte die Leitung der Behandlung uebernehmen koennen um so Fehler der KI zu stoppen.'}, {'id': 23, 'label': 'Z.K10', 'text': 'Das aendert jedoch nichts daran, dass viele Patienten sich nicht von einer KI behandeln lassen wollen.'}, {'id': 26, 'label': 'Z.K1', 'text': 'Der Persoenliche Kontakt zwischen dem Artzt und dem Patienten ist sehr wichtig, sowohl fuer Artzt als auch Patient. Der Patient kommt sich nicht so vor wie in einem Fastfood Resturant in dem er nur abgefertigt wird sondern mit einem richtigen Menschen als gegen ueber fuehlt er sich Wertgeschaetzt und versorgt, was auch positiv zur Heiling beitragen kann'}, {'id': 27, 'label': 'Z.K1', 'text': 'Eine KI kann aber niemals einen Menschen ersetzten egal wie gut programmiert sie ist, sie wird nie die Menschliche Fuersorge ersetzten koennen'}, {'id': 28, 'label': 'Z.K1', 'text': 'Selbst wenn die KI ausgebildet ist um auch emotional fuer den Menschen zu sorgen, so ist das nicht die selbe Fuersorge und emotionale Bindung wie sie zwischen zwei Menschen entstehen kann. Niemand wird jemals ein Geraet als Bezugs Person sehen da fehlen die echten Gefuehle und selbst gemachte Erfahrungen aus der Realen Welt '}]"
124,1209,2,"Ich halte eine Zwischenloesung fuer sinnvoll, in der Technik zur Auswertung von Daten genutzt wird, der Schritt hin zur Ki halte ich fuer sehr wagsam, da so Themen wie emotionale Aspekte in den Hintergrund ruecken",['Z.K7'],MEDAI,"[['Greeting_Message'], ['Z.K7'], ['CONSENT', 'OTHER', 'NZ.P1', 'NZ.K10'], ['Z.K2'], ['CONSENT', 'Z.K2-4'], ['NZ.K10'], ['CONSENT', 'OTHER', 'Z.P6'], ['FAQ.7'], ['CONSENT', 'Z.K3', 'NZ.K10'], ['Z.K3'], ['CONSENT', 'Z.K3-2', 'Z.K3', 'NZ.K10', 'Z.K3']]","[11, 20, 30, 50, 81, 102, 130, 133, 168, 189, 230, 236, 279, 284, 287, 288, 290, 326, 377, 387, 409, 487, 492, 535, 572, 608, 633, 656, 684, 685, 686, 688, 689, 717, 762, 803, 805, 809, 817, 820, 841, 850, 857, 866, 876, 877, 880, 882, 887, 953, 991, 1013, 1041, 1042, 1120, 1178, 1188, 1189, 1228, 1229, 1287, 1316, 1392, 1444, 3844, 3845, 3846, 3847, 3848, 3849, 3850, 3851, 3852, 3853, 3854, 3855, 3856, 3857, 3858, 3859, 3860, 3861, 3862, 3863, 3864, 3865]",1608,9138,82.40315167432699,86,86,0.04407133733825946,"[{'id': 0, 'label': 'Z.K1', 'text': 'Ein bot kannzwischenmaennschliche Interaktion nicht ersetzen '}, {'id': 7, 'label': 'Z.K1', 'text': 'Nein, medizinische Behandlung sollte meiner Meinung nach auf persoenlicher Ebene stattfinden, denn viele Krankeiten nur durch ausfuehrliche Anamnese aufgedeckt werden koennen und zum Teil psychologisch behaftet sind'}, {'id': 11, 'label': 'Z.K7', 'text': 'Ein Menscv kann interagieren und auf andere Menschen eingehen. Wie man an dir merkt, kann da KI nicht'}, {'id': 20, 'label': 'Z.K7', 'text': 'Um Patienten richtig behandeln zu koennen, muss der Arzt wichtige Entscheidungen treffen, welche womoeglich ueber Leben und Tod entscheiden. Dazu ist nur ein Mensch in der Lage, welcher sich in die Lage des Patienten versetzen kann.'}, {'id': 21, 'label': 'NZ.K10', 'text': 'KIs koennen bei der Behandlung objektiv die besten Entscheidungen treffen, doch das allein ist nicht genug um mit einem Arzt gleichgestellt zu werden. Was jedoch eine gute Loesung waere, ist dass beide zusammen arbeiten.'}, {'id': 22, 'label': 'NZ.K10', 'text': 'Die KIs sollten keine Einschraenkungen im Sinn von Behandlugsmoeglichkeiten haben, jedoch sollten die Aerzte die Leitung der Behandlung uebernehmen koennen um so Fehler der KI zu stoppen.'}, {'id': 23, 'label': 'Z.K10', 'text': 'Das aendert jedoch nichts daran, dass viele Patienten sich nicht von einer KI behandeln lassen wollen.'}, {'id': 26, 'label': 'Z.K1', 'text': 'Der Persoenliche Kontakt zwischen dem Artzt und dem Patienten ist sehr wichtig, sowohl fuer Artzt als auch Patient. Der Patient kommt sich nicht so vor wie in einem Fastfood Resturant in dem er nur abgefertigt wird sondern mit einem richtigen Menschen als gegen ueber fuehlt er sich Wertgeschaetzt und versorgt, was auch positiv zur Heiling beitragen kann'}, {'id': 27, 'label': 'Z.K1', 'text': 'Eine KI kann aber niemals einen Menschen ersetzten egal wie gut programmiert sie ist, sie wird nie die Menschliche Fuersorge ersetzten koennen'}, {'id': 28, 'label': 'Z.K1', 'text': 'Selbst wenn die KI ausgebildet ist um auch emotional fuer den Menschen zu sorgen, so ist das nicht die selbe Fuersorge und emotionale Bindung wie sie zwischen zwei Menschen entstehen kann. Niemand wird jemals ein Geraet als Bezugs Person sehen da fehlen die echten Gefuehle und selbst gemachte Erfahrungen aus der Realen Welt '}]"
125,1222,2,"Kann das Personal auf alle Daten zugreifen und kontrollieren sich KI und Personal nur gegenseitig, oder koennen auch Entscheidungen einfach so durchgesunken werden?",['NZ.K10'],MEDAI,"[['Greeting_Message'], ['Z.K15'], ['Z.K15-1'], ['NZ.K10'], ['OTHER', 'NZ.K10']]","[21, 22, 99, 140, 141, 175, 176, 177, 178, 190, 191, 196, 200, 201, 210, 219, 272, 285, 312, 331, 332, 333, 335, 351, 385, 404, 412, 413, 420, 421, 423, 434, 477, 480, 499, 510, 512, 521, 522, 529, 589, 592, 601, 690, 696, 702, 724, 725, 747, 748, 753, 757, 796, 797, 811, 821, 867, 871, 878, 881, 884, 898, 899, 920, 921, 922, 940, 941, 948, 963, 969, 970, 998, 1012, 1018, 1019, 1046, 1048, 1065, 1114, 1116, 1146, 1161, 1163, 1198, 1213, 1214, 1231, 1241, 1248, 1271, 1274, 1278, 1291, 1293, 1301, 1303, 1304, 1310, 1334, 1342, 1347, 1355, 1358, 1365, 1366, 1462, 1484, 1493, 1501, 1502, 4331, 4332, 4333, 4334, 4335, 4336, 4337, 4338, 4339, 4340, 4341, 4342, 4343, 4344, 4345, 4346, 4347, 4348, 4349, 4350, 4351, 4352]",357,9138,96.09323703217333,133,133,0.35799441247280267,"[{'id': 21, 'label': 'NZ.K10', 'text': 'KIs koennen bei der Behandlung objektiv die besten Entscheidungen treffen, doch das allein ist nicht genug um mit einem Arzt gleichgestellt zu werden. Was jedoch eine gute Loesung waere, ist dass beide zusammen arbeiten.'}, {'id': 22, 'label': 'NZ.K10', 'text': 'Die KIs sollten keine Einschraenkungen im Sinn von Behandlugsmoeglichkeiten haben, jedoch sollten die Aerzte die Leitung der Behandlung uebernehmen koennen um so Fehler der KI zu stoppen.'}, {'id': 59, 'label': 'NZ.K4', 'text': 'Hoher Energieverbrauch '}, {'id': 99, 'label': 'NZ.K10', 'text': 'Waere eine Kombination von KI und Menschen nicht sinnvoller als eine Art Ersatz?'}, {'id': 140, 'label': 'NZ.K10', 'text': 'Deswegen wuerde ich eine KI nie als vollstaendigen Ersatz einsetzen, sondern eher ergaenzend'}, {'id': 141, 'label': 'NZ.K10', 'text': 'Nicht die KI alleine sollte Diagnosen stellen, sondern auch Fachpersonal sollte gegebenenfalls zur Verfuegung stehen'}, {'id': 175, 'label': 'NZ.K10', 'text': 'Als zusaetzliche Hilfe vielleicht, aber ich stimme nicht zu, dass es ausschliesslich medKIs geben sollte'}, {'id': 176, 'label': 'NZ.K10', 'text': 'MedKIs koennten als Unterstuetzung dienen, aber nicht als Arztersatz'}, {'id': 177, 'label': 'NZ.K10', 'text': 'Es hat bisher geklappt. Also warum sollte man alles auf KIs umruesten? '}, {'id': 178, 'label': 'NZ.K10', 'text': 'Bisher haben Aerzte ihre Arbeit geleistet und das passend. Ich sehe keine 100%ige Noetigkeit dies auf ausschliesslich KIs umzuruesten. '}]"
126,1223,2,"Das heisst, das Ziel ist nicht das Ersetzten von Personal, sondern die erhoehung der Effizienz?",['Z.P1'],MEDAI,"[['Greeting_Message'], ['Z.K15'], ['Z.K15-1'], ['NZ.K10'], ['OTHER', 'NZ.K10'], ['NZ.K10'], ['NZ.K10', 'Z.P1']]","[8, 24, 100, 137, 138, 153, 179, 180, 182, 211, 212, 220, 407, 415, 417, 419, 483, 546, 551, 594, 610, 611, 661, 698, 714, 736, 782, 900, 944, 1001, 1160, 1185, 1205, 1206, 1208, 1335, 1428, 1439, 2890, 2891, 2892, 2893, 2894, 2895, 2896, 2897, 2898, 2899, 2900, 2901, 2902, 2903, 2904, 2905, 2906, 2907, 2908, 2909, 2910, 2911]",1209,9138,86.76953381483914,60,60,0.04306180338205416,"[{'id': 1, 'label': 'Z.P1-1-1', 'text': 'werden dann Krankenpfleger besser bezahlt?'}, {'id': 5, 'label': 'Z.P4-1', 'text': 'Aber ist es realistisch, dass das Gesundheitssystem besser finanziert wird bevor eine medKI in der Lage ist fundierte Entscheidungen zu treffen?'}, {'id': 8, 'label': 'Z.P1', 'text': 'Der Trend geht ohnehin weg von kleinen Landarztpraxen und hin zu medizinischen Versorgungszentren'}, {'id': 12, 'label': 'Z.P4', 'text': 'Die MedKI kann unterstuetzen, den Mangel an Aerzten entgegenzuwirken. Durch den demographischen Wandel wird es mehr kranke und alte Menschen geben. Dadurch brauchen wir mehr Aerzte'}, {'id': 21, 'label': 'NZ.K10', 'text': 'KIs koennen bei der Behandlung objektiv die besten Entscheidungen treffen, doch das allein ist nicht genug um mit einem Arzt gleichgestellt zu werden. Was jedoch eine gute Loesung waere, ist dass beide zusammen arbeiten.'}, {'id': 22, 'label': 'NZ.K10', 'text': 'Die KIs sollten keine Einschraenkungen im Sinn von Behandlugsmoeglichkeiten haben, jedoch sollten die Aerzte die Leitung der Behandlung uebernehmen koennen um so Fehler der KI zu stoppen.'}, {'id': 24, 'label': 'Z.P1', 'text': 'Aerzte sind doch auch Rund um die Uhr erreichbar?! Dafuer werden Sie auch dementsprechend bezahlt. Auf dem Land natuerlich nicht, aber eine KI koennte auch nicht ohne Beaufsichtigung das Krankenhaus leiten'}, {'id': 59, 'label': 'NZ.K4', 'text': 'Hoher Energieverbrauch '}, {'id': 83, 'label': 'Z.P4-1', 'text': 'Dann sollen die Unis mehr Medizin Plaetze anbieten dann gibt es mehr Aerzte '}, {'id': 99, 'label': 'NZ.K10', 'text': 'Waere eine Kombination von KI und Menschen nicht sinnvoller als eine Art Ersatz?'}]"
127,1224,2,Schlag du mir vor was dann noch dagegen sprechen koennte. Vielleicht vertrauen Manche nicht in die Sicherheit ihrer Informationen ?,['Z.K10'],MEDAI,"[['Greeting_Message'], ['Z.K15'], ['Z.K15-1'], ['NZ.K10'], ['OTHER', 'NZ.K10'], ['NZ.K10'], ['NZ.K10', 'Z.P1'], ['Z.P1'], ['CONSENT', 'Z.K1-1']]","[23, 51, 105, 132, 170, 276, 277, 376, 390, 391, 532, 541, 701, 713, 746, 794, 795, 804, 859, 901, 911, 993, 1016, 1169, 1240, 1332, 1466, 1491, 1504, 3888, 3889, 3890, 3891, 3892, 3893, 3894, 3895, 3896, 3897, 3898, 3899, 3900, 3901, 3902, 3903, 3904, 3905, 3906, 3907, 3908, 3909]",1251,9138,86.30991464215364,51,51,0.03518629613708902,"[{'id': 0, 'label': 'Z.K1', 'text': 'Ein bot kannzwischenmaennschliche Interaktion nicht ersetzen '}, {'id': 7, 'label': 'Z.K1', 'text': 'Nein, medizinische Behandlung sollte meiner Meinung nach auf persoenlicher Ebene stattfinden, denn viele Krankeiten nur durch ausfuehrliche Anamnese aufgedeckt werden koennen und zum Teil psychologisch behaftet sind'}, {'id': 11, 'label': 'Z.K7', 'text': 'Ein Menscv kann interagieren und auf andere Menschen eingehen. Wie man an dir merkt, kann da KI nicht'}, {'id': 20, 'label': 'Z.K7', 'text': 'Um Patienten richtig behandeln zu koennen, muss der Arzt wichtige Entscheidungen treffen, welche womoeglich ueber Leben und Tod entscheiden. Dazu ist nur ein Mensch in der Lage, welcher sich in die Lage des Patienten versetzen kann.'}, {'id': 23, 'label': 'Z.K10', 'text': 'Das aendert jedoch nichts daran, dass viele Patienten sich nicht von einer KI behandeln lassen wollen.'}, {'id': 26, 'label': 'Z.K1', 'text': 'Der Persoenliche Kontakt zwischen dem Artzt und dem Patienten ist sehr wichtig, sowohl fuer Artzt als auch Patient. Der Patient kommt sich nicht so vor wie in einem Fastfood Resturant in dem er nur abgefertigt wird sondern mit einem richtigen Menschen als gegen ueber fuehlt er sich Wertgeschaetzt und versorgt, was auch positiv zur Heiling beitragen kann'}, {'id': 27, 'label': 'Z.K1', 'text': 'Eine KI kann aber niemals einen Menschen ersetzten egal wie gut programmiert sie ist, sie wird nie die Menschliche Fuersorge ersetzten koennen'}, {'id': 28, 'label': 'Z.K1', 'text': 'Selbst wenn die KI ausgebildet ist um auch emotional fuer den Menschen zu sorgen, so ist das nicht die selbe Fuersorge und emotionale Bindung wie sie zwischen zwei Menschen entstehen kann. Niemand wird jemals ein Geraet als Bezugs Person sehen da fehlen die echten Gefuehle und selbst gemachte Erfahrungen aus der Realen Welt '}, {'id': 30, 'label': 'Z.K7', 'text': 'Sie kann zwar lernen weiss aber nicht das fehl Entscheidungen auch eine emotionale Erfahrung mit sich bringen welche wichtig sind fuer die Ethik eines Mediziners und Grundlegend zur Entwichlung eines guten Artztes '}, {'id': 31, 'label': 'Z.K1', 'text': 'Das ist ja noch schlechter, man wuerde Patienten mit kleineren Problemen diskriminieren und ihnen das Geguehl geben dass sie weniger Beruecksichtigt werden als Patienten mit schlimmeren Problemen '}]"
128,1229,2,Das stimmt aber wer ist dann fuer eine fehl Diagnose verantwortlich ,['Z.K3'],MEDAI,"[['Greeting_Message'], ['Z.K1'], ['Z.K10-2']]","[232, 237, 357, 358, 359, 375, 381, 383, 386, 430, 485, 486, 552, 590, 591, 710, 750, 767, 886, 905, 907, 968, 992, 1003, 1047, 1190, 1243, 1244, 1246, 1312, 1319, 3616, 3617, 3618, 3619, 3620, 3621, 3622, 3623, 3624, 3625, 3626, 3627, 3628, 3629, 3630, 3631, 3632, 3633, 3634, 3635, 3636, 3637]",1251,9138,86.30991464215364,53,53,0.0365661508875631,"[{'id': 0, 'label': 'Z.K1', 'text': 'Ein bot kannzwischenmaennschliche Interaktion nicht ersetzen '}, {'id': 7, 'label': 'Z.K1', 'text': 'Nein, medizinische Behandlung sollte meiner Meinung nach auf persoenlicher Ebene stattfinden, denn viele Krankeiten nur durch ausfuehrliche Anamnese aufgedeckt werden koennen und zum Teil psychologisch behaftet sind'}, {'id': 11, 'label': 'Z.K7', 'text': 'Ein Menscv kann interagieren und auf andere Menschen eingehen. Wie man an dir merkt, kann da KI nicht'}, {'id': 20, 'label': 'Z.K7', 'text': 'Um Patienten richtig behandeln zu koennen, muss der Arzt wichtige Entscheidungen treffen, welche womoeglich ueber Leben und Tod entscheiden. Dazu ist nur ein Mensch in der Lage, welcher sich in die Lage des Patienten versetzen kann.'}, {'id': 23, 'label': 'Z.K10', 'text': 'Das aendert jedoch nichts daran, dass viele Patienten sich nicht von einer KI behandeln lassen wollen.'}, {'id': 26, 'label': 'Z.K1', 'text': 'Der Persoenliche Kontakt zwischen dem Artzt und dem Patienten ist sehr wichtig, sowohl fuer Artzt als auch Patient. Der Patient kommt sich nicht so vor wie in einem Fastfood Resturant in dem er nur abgefertigt wird sondern mit einem richtigen Menschen als gegen ueber fuehlt er sich Wertgeschaetzt und versorgt, was auch positiv zur Heiling beitragen kann'}, {'id': 27, 'label': 'Z.K1', 'text': 'Eine KI kann aber niemals einen Menschen ersetzten egal wie gut programmiert sie ist, sie wird nie die Menschliche Fuersorge ersetzten koennen'}, {'id': 28, 'label': 'Z.K1', 'text': 'Selbst wenn die KI ausgebildet ist um auch emotional fuer den Menschen zu sorgen, so ist das nicht die selbe Fuersorge und emotionale Bindung wie sie zwischen zwei Menschen entstehen kann. Niemand wird jemals ein Geraet als Bezugs Person sehen da fehlen die echten Gefuehle und selbst gemachte Erfahrungen aus der Realen Welt '}, {'id': 30, 'label': 'Z.K7', 'text': 'Sie kann zwar lernen weiss aber nicht das fehl Entscheidungen auch eine emotionale Erfahrung mit sich bringen welche wichtig sind fuer die Ethik eines Mediziners und Grundlegend zur Entwichlung eines guten Artztes '}, {'id': 31, 'label': 'Z.K1', 'text': 'Das ist ja noch schlechter, man wuerde Patienten mit kleineren Problemen diskriminieren und ihnen das Geguehl geben dass sie weniger Beruecksichtigt werden als Patienten mit schlimmeren Problemen '}]"
129,1233,2,Und waer traegt das moralische Risiko ? ,['Z.K3'],MEDAI,"[['Greeting_Message'], ['Z.K1'], ['Z.K10-2'], ['Z.K3'], ['Z.K3-2'], ['OTHER'], ['CONSENT', 'Z.K2', 'NZ.P1'], ['NZ.G1'], ['Z.K18-1'], ['Z.K5'], ['Z.K5-1']]","[232, 237, 357, 358, 359, 375, 381, 383, 386, 430, 485, 486, 552, 590, 591, 710, 750, 767, 886, 905, 907, 968, 992, 1003, 1047, 1190, 1243, 1244, 1246, 1312, 1319, 3616, 3617, 3618, 3619, 3620, 3621, 3622, 3623, 3624, 3625, 3626, 3627, 3628, 3629, 3630, 3631, 3632, 3633, 3634, 3635, 3636, 3637]",1251,9138,86.30991464215364,53,53,0.0365661508875631,"[{'id': 0, 'label': 'Z.K1', 'text': 'Ein bot kannzwischenmaennschliche Interaktion nicht ersetzen '}, {'id': 7, 'label': 'Z.K1', 'text': 'Nein, medizinische Behandlung sollte meiner Meinung nach auf persoenlicher Ebene stattfinden, denn viele Krankeiten nur durch ausfuehrliche Anamnese aufgedeckt werden koennen und zum Teil psychologisch behaftet sind'}, {'id': 11, 'label': 'Z.K7', 'text': 'Ein Menscv kann interagieren und auf andere Menschen eingehen. Wie man an dir merkt, kann da KI nicht'}, {'id': 20, 'label': 'Z.K7', 'text': 'Um Patienten richtig behandeln zu koennen, muss der Arzt wichtige Entscheidungen treffen, welche womoeglich ueber Leben und Tod entscheiden. Dazu ist nur ein Mensch in der Lage, welcher sich in die Lage des Patienten versetzen kann.'}, {'id': 23, 'label': 'Z.K10', 'text': 'Das aendert jedoch nichts daran, dass viele Patienten sich nicht von einer KI behandeln lassen wollen.'}, {'id': 26, 'label': 'Z.K1', 'text': 'Der Persoenliche Kontakt zwischen dem Artzt und dem Patienten ist sehr wichtig, sowohl fuer Artzt als auch Patient. Der Patient kommt sich nicht so vor wie in einem Fastfood Resturant in dem er nur abgefertigt wird sondern mit einem richtigen Menschen als gegen ueber fuehlt er sich Wertgeschaetzt und versorgt, was auch positiv zur Heiling beitragen kann'}, {'id': 27, 'label': 'Z.K1', 'text': 'Eine KI kann aber niemals einen Menschen ersetzten egal wie gut programmiert sie ist, sie wird nie die Menschliche Fuersorge ersetzten koennen'}, {'id': 28, 'label': 'Z.K1', 'text': 'Selbst wenn die KI ausgebildet ist um auch emotional fuer den Menschen zu sorgen, so ist das nicht die selbe Fuersorge und emotionale Bindung wie sie zwischen zwei Menschen entstehen kann. Niemand wird jemals ein Geraet als Bezugs Person sehen da fehlen die echten Gefuehle und selbst gemachte Erfahrungen aus der Realen Welt '}, {'id': 30, 'label': 'Z.K7', 'text': 'Sie kann zwar lernen weiss aber nicht das fehl Entscheidungen auch eine emotionale Erfahrung mit sich bringen welche wichtig sind fuer die Ethik eines Mediziners und Grundlegend zur Entwichlung eines guten Artztes '}, {'id': 31, 'label': 'Z.K1', 'text': 'Das ist ja noch schlechter, man wuerde Patienten mit kleineren Problemen diskriminieren und ihnen das Geguehl geben dass sie weniger Beruecksichtigt werden als Patienten mit schlimmeren Problemen '}]"
130,1235,2,Was wuerde aber mit den ganzen Medizin Studenten passieren ? Waere es nicht einfach besser den nc zu senken ,['Z.K14'],MEDAI,"[['Greeting_Message'], ['Z.K1'], ['Z.K10-2'], ['Z.K3'], ['Z.K3-2'], ['OTHER'], ['CONSENT', 'Z.K2', 'NZ.P1'], ['NZ.G1'], ['Z.K18-1'], ['Z.K5'], ['Z.K5-1'], ['Z.K3'], ['Z.K3-2', 'Z.K3-1'], ['Z.K8'], ['Z.K8', 'Z.P5', 'Z.K3-2', 'Z.P5']]","[56, 57, 65, 68, 69, 82, 157, 173, 174, 192, 193, 194, 195, 197, 262, 271, 274, 325, 414, 509, 517, 539, 542, 637, 639, 703, 798, 909, 925, 996, 1095, 1196, 1320, 1420, 1448, 4042, 4043, 4044, 4045, 4046, 4047, 4048, 4049, 4050, 4051, 4052, 4053, 4054, 4055, 4056, 4057, 4058, 4059, 4060, 4061, 4062, 4063]",1905,9138,79.15298752462246,57,57,0.023683571070359476,"[{'id': 0, 'label': 'Z.K1', 'text': 'Ein bot kannzwischenmaennschliche Interaktion nicht ersetzen '}, {'id': 4, 'label': 'Z.P5', 'text': 'Durch Einsparung von Personal bei Aerztinnen, kann mehr fuer Pflegepersonal ausgegeben werden. '}, {'id': 7, 'label': 'Z.K1', 'text': 'Nein, medizinische Behandlung sollte meiner Meinung nach auf persoenlicher Ebene stattfinden, denn viele Krankeiten nur durch ausfuehrliche Anamnese aufgedeckt werden koennen und zum Teil psychologisch behaftet sind'}, {'id': 11, 'label': 'Z.K7', 'text': 'Ein Menscv kann interagieren und auf andere Menschen eingehen. Wie man an dir merkt, kann da KI nicht'}, {'id': 13, 'label': 'Z.P5', 'text': 'Die KI kann von mehreren Nationen entwickelt werden. Dadurch sinken die Kosten'}, {'id': 14, 'label': 'Z.P5', 'text': 'Sobald eine selbst lernende Ki entwickelt wurde, wird das Entwickeln nicht mehr viel kosten'}, {'id': 15, 'label': 'Z.P5', 'text': 'Dafuer kann der First Level Support von Aerzten abgewendet werden und durch KIs uebernommen werden'}, {'id': 20, 'label': 'Z.K7', 'text': 'Um Patienten richtig behandeln zu koennen, muss der Arzt wichtige Entscheidungen treffen, welche womoeglich ueber Leben und Tod entscheiden. Dazu ist nur ein Mensch in der Lage, welcher sich in die Lage des Patienten versetzen kann.'}, {'id': 23, 'label': 'Z.K10', 'text': 'Das aendert jedoch nichts daran, dass viele Patienten sich nicht von einer KI behandeln lassen wollen.'}, {'id': 26, 'label': 'Z.K1', 'text': 'Der Persoenliche Kontakt zwischen dem Artzt und dem Patienten ist sehr wichtig, sowohl fuer Artzt als auch Patient. Der Patient kommt sich nicht so vor wie in einem Fastfood Resturant in dem er nur abgefertigt wird sondern mit einem richtigen Menschen als gegen ueber fuehlt er sich Wertgeschaetzt und versorgt, was auch positiv zur Heiling beitragen kann'}]"
131,1237,2,Jaa aber wird selbst von Menschen hergestellt die selbst muede sind ,['Z.P3-1'],MEDAI,"[['Greeting_Message'], ['Z.K1'], ['Z.K10-2'], ['Z.K3'], ['Z.K3-2'], ['OTHER'], ['CONSENT', 'Z.K2', 'NZ.P1'], ['NZ.G1'], ['Z.K18-1'], ['Z.K5'], ['Z.K5-1'], ['Z.K3'], ['Z.K3-2', 'Z.K3-1'], ['Z.K8'], ['Z.K8', 'Z.P5', 'Z.K3-2', 'Z.P5'], ['Z.K14'], ['Z.K14-1'], ['OTHER'], ['Z.P2']]","[25, 609, 631, 743, 910, 1305, 1307, 3044, 3045, 3046, 3047, 3048, 3049, 3050, 3051, 3052, 3053, 3054, 3055, 3056, 3057, 3058, 3059, 3060, 3061, 3062, 3063, 3064, 3065]",679,9138,92.56949004158459,29,29,0.039536306497878544,"[{'id': 2, 'label': 'Z.P3', 'text': 'Das Wissen einer KI kann eine deutlich hoehere Menge erreichen, als das Wissen eines Menschen. '}, {'id': 3, 'label': 'Z.P3', 'text': 'Eine KI kann mehr Wissen als ein Mensch'}, {'id': 25, 'label': 'Z.P3-1', 'text': ' Allerdings werden die KIs von Menschen programmiert. Insofern ist die Fehlerquote mindestens genauso hoch.'}, {'id': 84, 'label': 'Z.P6', 'text': 'KI sind praeziser '}, {'id': 85, 'label': 'Z.P2', 'text': 'KI sind objektiv '}, {'id': 86, 'label': 'Z.P2', 'text': 'KI sind nicht bestechbar'}, {'id': 115, 'label': 'Z.P6', 'text': 'Bessere Diagnose, quasi frei von Vorurteilen.'}, {'id': 119, 'label': 'Z.P6', 'text': 'Die Praezision der Diagnose steigt, wenn menschliches, also fehlerhaftes, Urteilsvermoegen weitestgehend abgekoppelt werden.'}, {'id': 148, 'label': 'Z.P6', 'text': 'Ich finde Aerzte sollen durch KI ersetzt werden, weil Menschen fehlbar sind'}, {'id': 154, 'label': 'Z.P2', 'text': ' und das unparteiische Verhalten gegenueber der Patienten '}]"
132,1257,2,"Darf das Programm auch Medikament Empfehlungen geben, diese koennten doch durch dritte beeinflusst werden (Geld)",['NZ.K6'],MEDAI,"[['Greeting_Message'], ['OTHER'], ['OTHER', 'Z.P6', 'Z.P6', 'OTHER'], ['NZ.K10'], ['NZ.K10', 'Z.K18-1', 'Z.K5-1', 'NZ.K10', 'NZ.P1', 'NZ.K10', 'OTHER'], ['OTHER'], ['NZ.K10', 'Z.P6', 'Z.P6', 'NZ.K10', 'Z.K1-1', 'Z.P1', 'OTHER']]","[501, 784, 923, 1192, 1442, 4265, 4266, 4267, 4268, 4269, 4270, 4271, 4272, 4273, 4274, 4275, 4276, 4277, 4278, 4279, 4280, 4281, 4282, 4283, 4284, 4285, 4286]",3139,9138,65.64893849857737,27,27,0.005646770753302291,"[{'id': 0, 'label': 'Z.K1', 'text': 'Ein bot kannzwischenmaennschliche Interaktion nicht ersetzen '}, {'id': 1, 'label': 'Z.P1-1-1', 'text': 'werden dann Krankenpfleger besser bezahlt?'}, {'id': 2, 'label': 'Z.P3', 'text': 'Das Wissen einer KI kann eine deutlich hoehere Menge erreichen, als das Wissen eines Menschen. '}, {'id': 3, 'label': 'Z.P3', 'text': 'Eine KI kann mehr Wissen als ein Mensch'}, {'id': 5, 'label': 'Z.P4-1', 'text': 'Aber ist es realistisch, dass das Gesundheitssystem besser finanziert wird bevor eine medKI in der Lage ist fundierte Entscheidungen zu treffen?'}, {'id': 7, 'label': 'Z.K1', 'text': 'Nein, medizinische Behandlung sollte meiner Meinung nach auf persoenlicher Ebene stattfinden, denn viele Krankeiten nur durch ausfuehrliche Anamnese aufgedeckt werden koennen und zum Teil psychologisch behaftet sind'}, {'id': 8, 'label': 'Z.P1', 'text': 'Der Trend geht ohnehin weg von kleinen Landarztpraxen und hin zu medizinischen Versorgungszentren'}, {'id': 11, 'label': 'Z.K7', 'text': 'Ein Menscv kann interagieren und auf andere Menschen eingehen. Wie man an dir merkt, kann da KI nicht'}, {'id': 12, 'label': 'Z.P4', 'text': 'Die MedKI kann unterstuetzen, den Mangel an Aerzten entgegenzuwirken. Durch den demographischen Wandel wird es mehr kranke und alte Menschen geben. Dadurch brauchen wir mehr Aerzte'}, {'id': 20, 'label': 'Z.K7', 'text': 'Um Patienten richtig behandeln zu koennen, muss der Arzt wichtige Entscheidungen treffen, welche womoeglich ueber Leben und Tod entscheiden. Dazu ist nur ein Mensch in der Lage, welcher sich in die Lage des Patienten versetzen kann.'}]"
133,1265,1,Machine Learning Algorithmen sind aber Blackboxen. Die numerischen Parameter koennen nicht interpretiert werden und Entscheidungen nicht nachverfolgt werden. Es besteht keine logische Kette die man Vorhersagen um Fehler zu vermeiden ,['NZ.K8'],MEDAI,"[['Greeting_Message'], ['OTHER'], ['OTHER', 'NZ.K10-1'], ['Z.K14'], ['Z.P4'], ['Z.K6'], ['CONSENT', 'Z.P6', 'NZ.K10'], ['Z.K16'], ['NZ.K10'], ['NZ.K8'], ['CONSENT', 'NZ.K8-1']]","[711, 928, 929, 958, 994, 995, 997, 1283, 1284, 4287, 4288, 4289, 4290, 4291, 4292, 4293, 4294, 4295, 4296, 4297, 4298, 4299, 4300, 4301, 4302, 4303, 4304, 4305, 4306, 4307, 4308]",31,9138,99.66075727730357,31,31,0.9966075727730357,"[{'id': 711, 'label': 'NZ.K8', 'text': 'kIs sind vorurteilbehaftet und daher nicht objektiv. menschen koennen ihre vorurteile und einstellungen hinterfragen'}, {'id': 928, 'label': 'NZ.K8', 'text': 'Da eine KI eine Blackbox kann man ein Verhalten nicht Vorhersagen '}, {'id': 929, 'label': 'NZ.K8', 'text': 'Machine Learning Algorithmen sind aber Blackboxen. Die numerischen Parameter koennen nicht interpretiert werden und Entscheidungen nicht nachverfolgt werden. Es besteht keine logische Kette die man Vorhersagen um Fehler zu vermeiden '}, {'id': 958, 'label': 'NZ.K8', 'text': 'Wie kann man das Transparent gestalten, dass jedem klar ist, wonach die KI entscheidet?'}, {'id': 994, 'label': 'NZ.K8', 'text': 'Es ist fuer den patienten schwer einzusehen wie die diagnose getroffen wurde.'}, {'id': 995, 'label': 'NZ.K8', 'text': 'Jedoch ist dadurch nicht wirklich klar wie die ki zu diesem Ergebnis gekommen ist oder?'}, {'id': 997, 'label': 'NZ.K8', 'text': 'Es ist schwierig, nachzuvollziehen, wie eine KI auf ihre Eegebnisse kommt'}, {'id': 1283, 'label': 'NZ.K8', 'text': 'Punkt 2: Transparenz ist bei Neuronalen Netzen quasi nicht umsetzbar'}, {'id': 1284, 'label': 'NZ.K8', 'text': 'Wie gesagt Transparenz ist nicht umsetzbar im heutigen Standard'}, {'id': 4287, 'label': 'NZ.K8', 'text': 'Entscheidungen durch die KI sind nicht transparent genug.'}]"
134,1276,1,Dies loest leider das nicht den personal mangel,['Z.P1-1'],MEDAI,"[['Greeting_Message'], ['Z.P6'], ['intro_32', 'Z.P1', 'intro_46', 'Z.P1-1']]","[103, 229, 231, 235, 347, 348, 496, 498, 531, 649, 650, 723, 764, 772, 939, 942, 1234, 1292, 1440, 2912, 2913, 2914, 2915, 2916, 2917, 2918, 2919, 2920, 2921, 2922, 2923, 2924, 2925, 2926, 2927, 2928, 2929, 2930, 2931, 2932, 2933]",852,9138,90.67629678266579,41,41,0.04363530713719833,"[{'id': 1, 'label': 'Z.P1-1-1', 'text': 'werden dann Krankenpfleger besser bezahlt?'}, {'id': 5, 'label': 'Z.P4-1', 'text': 'Aber ist es realistisch, dass das Gesundheitssystem besser finanziert wird bevor eine medKI in der Lage ist fundierte Entscheidungen zu treffen?'}, {'id': 8, 'label': 'Z.P1', 'text': 'Der Trend geht ohnehin weg von kleinen Landarztpraxen und hin zu medizinischen Versorgungszentren'}, {'id': 12, 'label': 'Z.P4', 'text': 'Die MedKI kann unterstuetzen, den Mangel an Aerzten entgegenzuwirken. Durch den demographischen Wandel wird es mehr kranke und alte Menschen geben. Dadurch brauchen wir mehr Aerzte'}, {'id': 24, 'label': 'Z.P1', 'text': 'Aerzte sind doch auch Rund um die Uhr erreichbar?! Dafuer werden Sie auch dementsprechend bezahlt. Auf dem Land natuerlich nicht, aber eine KI koennte auch nicht ohne Beaufsichtigung das Krankenhaus leiten'}, {'id': 83, 'label': 'Z.P4-1', 'text': 'Dann sollen die Unis mehr Medizin Plaetze anbieten dann gibt es mehr Aerzte '}, {'id': 100, 'label': 'Z.P1', 'text': 'Mit medKI gibt es immerhin genug Aerztinnen, die jetzt fehlen?'}, {'id': 103, 'label': 'Z.P1-1', 'text': 'Personal wird dann trotzdem benoetigt '}, {'id': 108, 'label': 'Z.P4-1', 'text': 'Man koennte auch das Medizin Studium zugaenglicher machen'}, {'id': 109, 'label': 'Z.P4-1', 'text': 'Anstelle der KI kann man auch das Medizin Studium zugaenglicher machen'}]"
135,1280,1,"unterstuetzt werden, aber ki loesst nicht das problem des personalmangels",['Z.P1-1'],MEDAI,"[['Greeting_Message'], ['Z.P6'], ['intro_32', 'Z.P1', 'intro_46', 'Z.P1-1'], ['Z.P1-1'], ['Z.P7'], ['NZ.K10'], ['intro_26', 'Z.P5', 'intro_48', 'Z.P5-1'], ['NZ.K10'], ['intro_26', 'Z.K7-1', 'intro_5', 'z_trans_16', 'Z.K7'], ['OTHER'], ['intro_32', 'Z.P1-1-1', 'intro_6', 'z_trans_16', 'Z.K8']]","[103, 229, 231, 235, 347, 348, 496, 498, 531, 649, 650, 723, 764, 772, 939, 942, 1234, 1292, 1440, 2912, 2913, 2914, 2915, 2916, 2917, 2918, 2919, 2920, 2921, 2922, 2923, 2924, 2925, 2926, 2927, 2928, 2929, 2930, 2931, 2932, 2933]",1247,9138,86.35368789669512,41,41,0.02839215079201684,"[{'id': 1, 'label': 'Z.P1-1-1', 'text': 'werden dann Krankenpfleger besser bezahlt?'}, {'id': 5, 'label': 'Z.P4-1', 'text': 'Aber ist es realistisch, dass das Gesundheitssystem besser finanziert wird bevor eine medKI in der Lage ist fundierte Entscheidungen zu treffen?'}, {'id': 8, 'label': 'Z.P1', 'text': 'Der Trend geht ohnehin weg von kleinen Landarztpraxen und hin zu medizinischen Versorgungszentren'}, {'id': 12, 'label': 'Z.P4', 'text': 'Die MedKI kann unterstuetzen, den Mangel an Aerzten entgegenzuwirken. Durch den demographischen Wandel wird es mehr kranke und alte Menschen geben. Dadurch brauchen wir mehr Aerzte'}, {'id': 24, 'label': 'Z.P1', 'text': 'Aerzte sind doch auch Rund um die Uhr erreichbar?! Dafuer werden Sie auch dementsprechend bezahlt. Auf dem Land natuerlich nicht, aber eine KI koennte auch nicht ohne Beaufsichtigung das Krankenhaus leiten'}, {'id': 54, 'label': 'Z.K8', 'text': 'Hohe Kosten '}, {'id': 55, 'label': 'Z.K8', 'text': 'Zu teure technologie'}, {'id': 56, 'label': 'Z.K14', 'text': 'Arbeitslosigkeit des medizinischen Personals'}, {'id': 57, 'label': 'Z.K14', 'text': 'Personal verliert Job '}, {'id': 58, 'label': 'Z.K8', 'text': 'Hohe Energiekosten'}]"
136,1281,1,Wichtig ist das Aufklaerung stadt findet und man da durch eine Verbesserung spuert und Krankheiten fruehzeitger erkannt werden,['Z.K10-2'],MEDAI,"[['Greeting_Message'], ['Z.P6'], ['intro_32', 'Z.P1', 'intro_46', 'Z.P1-1'], ['Z.P1-1'], ['Z.P7'], ['NZ.K10'], ['intro_26', 'Z.P5', 'intro_48', 'Z.P5-1'], ['NZ.K10'], ['intro_26', 'Z.K7-1', 'intro_5', 'z_trans_16', 'Z.K7'], ['OTHER'], ['intro_32', 'Z.P1-1-1', 'intro_6', 'z_trans_16', 'Z.K8'], ['Z.P1-1'], ['Z.K5-1']]","[118, 680, 943, 3932, 3933, 3934, 3935, 3936, 3937, 3938, 3939, 3940, 3941, 3942, 3943, 3944, 3945, 3946, 3947, 3948, 3949, 3950, 3951, 3952, 3953]",1251,9138,86.30991464215364,25,25,0.017248184380925985,"[{'id': 0, 'label': 'Z.K1', 'text': 'Ein bot kannzwischenmaennschliche Interaktion nicht ersetzen '}, {'id': 7, 'label': 'Z.K1', 'text': 'Nein, medizinische Behandlung sollte meiner Meinung nach auf persoenlicher Ebene stattfinden, denn viele Krankeiten nur durch ausfuehrliche Anamnese aufgedeckt werden koennen und zum Teil psychologisch behaftet sind'}, {'id': 11, 'label': 'Z.K7', 'text': 'Ein Menscv kann interagieren und auf andere Menschen eingehen. Wie man an dir merkt, kann da KI nicht'}, {'id': 20, 'label': 'Z.K7', 'text': 'Um Patienten richtig behandeln zu koennen, muss der Arzt wichtige Entscheidungen treffen, welche womoeglich ueber Leben und Tod entscheiden. Dazu ist nur ein Mensch in der Lage, welcher sich in die Lage des Patienten versetzen kann.'}, {'id': 23, 'label': 'Z.K10', 'text': 'Das aendert jedoch nichts daran, dass viele Patienten sich nicht von einer KI behandeln lassen wollen.'}, {'id': 26, 'label': 'Z.K1', 'text': 'Der Persoenliche Kontakt zwischen dem Artzt und dem Patienten ist sehr wichtig, sowohl fuer Artzt als auch Patient. Der Patient kommt sich nicht so vor wie in einem Fastfood Resturant in dem er nur abgefertigt wird sondern mit einem richtigen Menschen als gegen ueber fuehlt er sich Wertgeschaetzt und versorgt, was auch positiv zur Heiling beitragen kann'}, {'id': 27, 'label': 'Z.K1', 'text': 'Eine KI kann aber niemals einen Menschen ersetzten egal wie gut programmiert sie ist, sie wird nie die Menschliche Fuersorge ersetzten koennen'}, {'id': 28, 'label': 'Z.K1', 'text': 'Selbst wenn die KI ausgebildet ist um auch emotional fuer den Menschen zu sorgen, so ist das nicht die selbe Fuersorge und emotionale Bindung wie sie zwischen zwei Menschen entstehen kann. Niemand wird jemals ein Geraet als Bezugs Person sehen da fehlen die echten Gefuehle und selbst gemachte Erfahrungen aus der Realen Welt '}, {'id': 30, 'label': 'Z.K7', 'text': 'Sie kann zwar lernen weiss aber nicht das fehl Entscheidungen auch eine emotionale Erfahrung mit sich bringen welche wichtig sind fuer die Ethik eines Mediziners und Grundlegend zur Entwichlung eines guten Artztes '}, {'id': 31, 'label': 'Z.K1', 'text': 'Das ist ja noch schlechter, man wuerde Patienten mit kleineren Problemen diskriminieren und ihnen das Geguehl geben dass sie weniger Beruecksichtigt werden als Patienten mit schlimmeren Problemen '}]"
137,1283,1,"neues personal wird auch so benoetigt, ich denke dass es sich im endeffekt lohnen wird diese leute auch auszubilden ",['Z.P1-1-1'],MEDAI,"[['Greeting_Message'], ['Z.P1'], ['intro_32', 'Z.P1', 'intro_48', 'Z.P1-1']]","[1, 183, 418, 945, 1151, 1429, 2934, 2935, 2936, 2937, 2938, 2939, 2940, 2941, 2942, 2943, 2944, 2945, 2946, 2947, 2948, 2949, 2950, 2951, 2952, 2953, 2954, 2955]",852,9138,90.67629678266579,28,28,0.029799721947354956,"[{'id': 1, 'label': 'Z.P1-1-1', 'text': 'werden dann Krankenpfleger besser bezahlt?'}, {'id': 5, 'label': 'Z.P4-1', 'text': 'Aber ist es realistisch, dass das Gesundheitssystem besser finanziert wird bevor eine medKI in der Lage ist fundierte Entscheidungen zu treffen?'}, {'id': 8, 'label': 'Z.P1', 'text': 'Der Trend geht ohnehin weg von kleinen Landarztpraxen und hin zu medizinischen Versorgungszentren'}, {'id': 12, 'label': 'Z.P4', 'text': 'Die MedKI kann unterstuetzen, den Mangel an Aerzten entgegenzuwirken. Durch den demographischen Wandel wird es mehr kranke und alte Menschen geben. Dadurch brauchen wir mehr Aerzte'}, {'id': 24, 'label': 'Z.P1', 'text': 'Aerzte sind doch auch Rund um die Uhr erreichbar?! Dafuer werden Sie auch dementsprechend bezahlt. Auf dem Land natuerlich nicht, aber eine KI koennte auch nicht ohne Beaufsichtigung das Krankenhaus leiten'}, {'id': 83, 'label': 'Z.P4-1', 'text': 'Dann sollen die Unis mehr Medizin Plaetze anbieten dann gibt es mehr Aerzte '}, {'id': 100, 'label': 'Z.P1', 'text': 'Mit medKI gibt es immerhin genug Aerztinnen, die jetzt fehlen?'}, {'id': 103, 'label': 'Z.P1-1', 'text': 'Personal wird dann trotzdem benoetigt '}, {'id': 108, 'label': 'Z.P4-1', 'text': 'Man koennte auch das Medizin Studium zugaenglicher machen'}, {'id': 109, 'label': 'Z.P4-1', 'text': 'Anstelle der KI kann man auch das Medizin Studium zugaenglicher machen'}]"
138,1284,1,"das denke ich nicht, da medizinisches fachpersonal ja auch ohne ki rund um die uhr benoetigt wird ",['Z.K8-2'],MEDAI,"[['Greeting_Message'], ['Z.P1'], ['intro_32', 'Z.P1', 'intro_48', 'Z.P1-1'], ['Z.P1-1-1'], ['intro_32', 'Z.P1-1-1', 'intro_4', 'z_trans_16', 'Z.K8']]","[946, 3264, 3265, 3266, 3267, 3268, 3269, 3270, 3271, 3272, 3273, 3274, 3275, 3276, 3277, 3278, 3279, 3280, 3281, 3282, 3283, 3284, 3285]",1247,9138,86.35368789669512,23,23,0.015927304102838713,"[{'id': 1, 'label': 'Z.P1-1-1', 'text': 'werden dann Krankenpfleger besser bezahlt?'}, {'id': 5, 'label': 'Z.P4-1', 'text': 'Aber ist es realistisch, dass das Gesundheitssystem besser finanziert wird bevor eine medKI in der Lage ist fundierte Entscheidungen zu treffen?'}, {'id': 8, 'label': 'Z.P1', 'text': 'Der Trend geht ohnehin weg von kleinen Landarztpraxen und hin zu medizinischen Versorgungszentren'}, {'id': 12, 'label': 'Z.P4', 'text': 'Die MedKI kann unterstuetzen, den Mangel an Aerzten entgegenzuwirken. Durch den demographischen Wandel wird es mehr kranke und alte Menschen geben. Dadurch brauchen wir mehr Aerzte'}, {'id': 24, 'label': 'Z.P1', 'text': 'Aerzte sind doch auch Rund um die Uhr erreichbar?! Dafuer werden Sie auch dementsprechend bezahlt. Auf dem Land natuerlich nicht, aber eine KI koennte auch nicht ohne Beaufsichtigung das Krankenhaus leiten'}, {'id': 54, 'label': 'Z.K8', 'text': 'Hohe Kosten '}, {'id': 55, 'label': 'Z.K8', 'text': 'Zu teure technologie'}, {'id': 56, 'label': 'Z.K14', 'text': 'Arbeitslosigkeit des medizinischen Personals'}, {'id': 57, 'label': 'Z.K14', 'text': 'Personal verliert Job '}, {'id': 58, 'label': 'Z.K8', 'text': 'Hohe Energiekosten'}]"
139,1288,2,Allerdings koennte eine Krankheit aus Reisegruenden nicht identifiziert werdeb,['Z.P3-2'],MEDAI,"[['Greeting_Message'], ['Z.K2'], ['intro_23', 'Z.K2', 'intro_56', 'Z.K2-4']]","[950, 951, 1165, 1323, 1395, 3088, 3089, 3090, 3091, 3092, 3093, 3094, 3095, 3096, 3097, 3098, 3099, 3100, 3101, 3102, 3103, 3104, 3105, 3106, 3107, 3108, 3109]",819,9138,91.03742613263296,27,27,0.030012338285483393,"[{'id': 6, 'label': 'Z.K6', 'text': 'Medizin ist ein aeusserst komplexes Tehemengebiet. Die Behandlung von Patienten erfordert Erfahrung und ist aeusserst Vielschichtig'}, {'id': 9, 'label': 'Z.K2', 'text': 'Andererseits hat sie ein sehr begrenztes Repertoire, denn anders als ein Mensch kommt MedKI nicht ueber ihre standardisierten Handlungsweisen hinaus'}, {'id': 10, 'label': 'Z.K6', 'text': 'Nein, ich bezihe mich nicht auf Fehler, sondern auf eine begrenzte, eindimensionale Handlungsfaehigkeit '}, {'id': 52, 'label': 'Z.K2', 'text': 'Zu viele Krankheiten moeglich'}, {'id': 53, 'label': 'Z.K4', 'text': 'Systemfehler'}, {'id': 71, 'label': 'Z.K2', 'text': 'Eine KI handelt immer nach der theoretisch besten Loesung, allerdings ist diese nicht immer moralisch Vertretbar '}, {'id': 101, 'label': 'Z.K2', 'text': 'Mir ist bewusst das ein MedKi nicht alle Lebensumstaende der Patientinnen in die Untersuchung mit einbeziehen'}, {'id': 111, 'label': 'Z.K6', 'text': 'Ueber Neueste Diagnostik und Therapie verfuegen Aerztinnen in der Regel auch '}, {'id': 129, 'label': 'Z.K15-1', 'text': 'Aerztinnen sind menschlich und machen Fehler, siehst du das auch so?'}, {'id': 150, 'label': 'Z.K2', 'text': 'Da die Med-KI keine individuellen Diagnosen stellen kann, sondern anhand von Lehrbuchangaben agiert und das Verhalten und die Aussagen der patient*innen nur objektiv betrachtet'}]"
140,1293,2,Das Fachpersonal kann aber vielleicht nicht so gut die Krankheit erklaeren wie ein richtiger Arzt,['Z.K7-1'],MEDAI,"[['Greeting_Message'], ['Z.K2'], ['intro_23', 'Z.K2', 'intro_56', 'Z.K2-4'], ['Z.P3-2'], ['NZ.K8'], ['Z.P3-2'], ['Z.P3-1'], ['Z.K15'], ['intro_24', 'Z.K15', 'intro_51', 'Z.K15-1'], ['CONSENT'], ['intro_28', 'Z.K14', 'intro_48', 'Z.K14-1'], ['Z.K7'], ['intro_27', 'Z.K7', 'intro_55', 'Z.K7-1']]","[186, 403, 783, 954, 1179, 1259, 1373, 3866, 3867, 3868, 3869, 3870, 3871, 3872, 3873, 3874, 3875, 3876, 3877, 3878, 3879, 3880, 3881, 3882, 3883, 3884, 3885, 3886, 3887]",1251,9138,86.30991464215364,29,29,0.020007893881874145,"[{'id': 0, 'label': 'Z.K1', 'text': 'Ein bot kannzwischenmaennschliche Interaktion nicht ersetzen '}, {'id': 7, 'label': 'Z.K1', 'text': 'Nein, medizinische Behandlung sollte meiner Meinung nach auf persoenlicher Ebene stattfinden, denn viele Krankeiten nur durch ausfuehrliche Anamnese aufgedeckt werden koennen und zum Teil psychologisch behaftet sind'}, {'id': 11, 'label': 'Z.K7', 'text': 'Ein Menscv kann interagieren und auf andere Menschen eingehen. Wie man an dir merkt, kann da KI nicht'}, {'id': 20, 'label': 'Z.K7', 'text': 'Um Patienten richtig behandeln zu koennen, muss der Arzt wichtige Entscheidungen treffen, welche womoeglich ueber Leben und Tod entscheiden. Dazu ist nur ein Mensch in der Lage, welcher sich in die Lage des Patienten versetzen kann.'}, {'id': 23, 'label': 'Z.K10', 'text': 'Das aendert jedoch nichts daran, dass viele Patienten sich nicht von einer KI behandeln lassen wollen.'}, {'id': 26, 'label': 'Z.K1', 'text': 'Der Persoenliche Kontakt zwischen dem Artzt und dem Patienten ist sehr wichtig, sowohl fuer Artzt als auch Patient. Der Patient kommt sich nicht so vor wie in einem Fastfood Resturant in dem er nur abgefertigt wird sondern mit einem richtigen Menschen als gegen ueber fuehlt er sich Wertgeschaetzt und versorgt, was auch positiv zur Heiling beitragen kann'}, {'id': 27, 'label': 'Z.K1', 'text': 'Eine KI kann aber niemals einen Menschen ersetzten egal wie gut programmiert sie ist, sie wird nie die Menschliche Fuersorge ersetzten koennen'}, {'id': 28, 'label': 'Z.K1', 'text': 'Selbst wenn die KI ausgebildet ist um auch emotional fuer den Menschen zu sorgen, so ist das nicht die selbe Fuersorge und emotionale Bindung wie sie zwischen zwei Menschen entstehen kann. Niemand wird jemals ein Geraet als Bezugs Person sehen da fehlen die echten Gefuehle und selbst gemachte Erfahrungen aus der Realen Welt '}, {'id': 30, 'label': 'Z.K7', 'text': 'Sie kann zwar lernen weiss aber nicht das fehl Entscheidungen auch eine emotionale Erfahrung mit sich bringen welche wichtig sind fuer die Ethik eines Mediziners und Grundlegend zur Entwichlung eines guten Artztes '}, {'id': 31, 'label': 'Z.K1', 'text': 'Das ist ja noch schlechter, man wuerde Patienten mit kleineren Problemen diskriminieren und ihnen das Geguehl geben dass sie weniger Beruecksichtigt werden als Patienten mit schlimmeren Problemen '}]"
141,1296,2,Ist die menschliche Intuition nicht ein Punkt die die KI nicht aufweisen kann?,['Z.K6'],MEDAI,"[['Greeting_Message'], ['Z.K11'], ['Z.K15-1']]","[6, 10, 111, 169, 233, 234, 286, 310, 311, 314, 323, 378, 411, 474, 491, 514, 536, 585, 687, 697, 704, 721, 842, 926, 956, 974, 1063, 1168, 1197, 1233, 1235, 1337, 1345, 1417, 1482, 3484, 3485, 3486, 3487, 3488, 3489, 3490, 3491, 3492, 3493, 3494, 3495, 3496, 3497, 3498, 3499, 3500, 3501, 3502, 3503, 3504, 3505]",819,9138,91.03742613263296,57,57,0.06335938082490938,"[{'id': 6, 'label': 'Z.K6', 'text': 'Medizin ist ein aeusserst komplexes Tehemengebiet. Die Behandlung von Patienten erfordert Erfahrung und ist aeusserst Vielschichtig'}, {'id': 9, 'label': 'Z.K2', 'text': 'Andererseits hat sie ein sehr begrenztes Repertoire, denn anders als ein Mensch kommt MedKI nicht ueber ihre standardisierten Handlungsweisen hinaus'}, {'id': 10, 'label': 'Z.K6', 'text': 'Nein, ich bezihe mich nicht auf Fehler, sondern auf eine begrenzte, eindimensionale Handlungsfaehigkeit '}, {'id': 52, 'label': 'Z.K2', 'text': 'Zu viele Krankheiten moeglich'}, {'id': 53, 'label': 'Z.K4', 'text': 'Systemfehler'}, {'id': 71, 'label': 'Z.K2', 'text': 'Eine KI handelt immer nach der theoretisch besten Loesung, allerdings ist diese nicht immer moralisch Vertretbar '}, {'id': 101, 'label': 'Z.K2', 'text': 'Mir ist bewusst das ein MedKi nicht alle Lebensumstaende der Patientinnen in die Untersuchung mit einbeziehen'}, {'id': 111, 'label': 'Z.K6', 'text': 'Ueber Neueste Diagnostik und Therapie verfuegen Aerztinnen in der Regel auch '}, {'id': 129, 'label': 'Z.K15-1', 'text': 'Aerztinnen sind menschlich und machen Fehler, siehst du das auch so?'}, {'id': 150, 'label': 'Z.K2', 'text': 'Da die Med-KI keine individuellen Diagnosen stellen kann, sondern anhand von Lehrbuchangaben agiert und das Verhalten und die Aussagen der patient*innen nur objektiv betrachtet'}]"
142,1308,2,Individualitaet der Patienten muss beruecksichtigt werden ,['Z.K2'],MEDAI,"[['Greeting_Message'], ['NZ.K10'], ['OTHER', 'Z.P2', 'Z.K15-1', 'Z.P2'], ['Z.K1', 'Z.K15'], ['NZ.P1', 'OTHER', 'NZ.P1', 'Z.K15-1']]","[9, 52, 71, 101, 150, 151, 152, 155, 228, 261, 309, 315, 324, 374, 475, 476, 490, 497, 511, 515, 516, 528, 605, 606, 648, 700, 705, 739, 763, 765, 771, 819, 883, 949, 966, 1049, 1050, 1061, 1062, 1117, 1119, 1194, 1195, 1333, 1336, 1394, 1481, 1499, 3396, 3397, 3398, 3399, 3400, 3401, 3402, 3403, 3404, 3405, 3406, 3407, 3408, 3409, 3410, 3411, 3412, 3413, 3414, 3415, 3416, 3417]",819,9138,91.03742613263296,70,70,0.07780976592532732,"[{'id': 6, 'label': 'Z.K6', 'text': 'Medizin ist ein aeusserst komplexes Tehemengebiet. Die Behandlung von Patienten erfordert Erfahrung und ist aeusserst Vielschichtig'}, {'id': 9, 'label': 'Z.K2', 'text': 'Andererseits hat sie ein sehr begrenztes Repertoire, denn anders als ein Mensch kommt MedKI nicht ueber ihre standardisierten Handlungsweisen hinaus'}, {'id': 10, 'label': 'Z.K6', 'text': 'Nein, ich bezihe mich nicht auf Fehler, sondern auf eine begrenzte, eindimensionale Handlungsfaehigkeit '}, {'id': 52, 'label': 'Z.K2', 'text': 'Zu viele Krankheiten moeglich'}, {'id': 53, 'label': 'Z.K4', 'text': 'Systemfehler'}, {'id': 71, 'label': 'Z.K2', 'text': 'Eine KI handelt immer nach der theoretisch besten Loesung, allerdings ist diese nicht immer moralisch Vertretbar '}, {'id': 101, 'label': 'Z.K2', 'text': 'Mir ist bewusst das ein MedKi nicht alle Lebensumstaende der Patientinnen in die Untersuchung mit einbeziehen'}, {'id': 111, 'label': 'Z.K6', 'text': 'Ueber Neueste Diagnostik und Therapie verfuegen Aerztinnen in der Regel auch '}, {'id': 129, 'label': 'Z.K15-1', 'text': 'Aerztinnen sind menschlich und machen Fehler, siehst du das auch so?'}, {'id': 150, 'label': 'Z.K2', 'text': 'Da die Med-KI keine individuellen Diagnosen stellen kann, sondern anhand von Lehrbuchangaben agiert und das Verhalten und die Aussagen der patient*innen nur objektiv betrachtet'}]"
143,1315,2,Dann ist die Zulassung der ki ja gar nicht notwendig ,['NZ.K10'],MEDAI,"[['Greeting_Message'], ['NZ.K10'], ['OTHER', 'Z.P2', 'Z.K15-1', 'Z.P2'], ['Z.K1', 'Z.K15'], ['NZ.P1', 'OTHER', 'NZ.P1', 'Z.K15-1'], ['Z.K2'], ['CONSENT', 'Z.P6'], ['OTHER'], ['Z.P6', 'Z.P3', 'NZ.P1'], ['FAQ.2'], ['DISSENT', 'Z.K15', 'Z.K15-1', 'NZ.K10'], ['Z.K3'], ['CONSENT', 'Z.K3'], ['OTHER'], ['OTHER', 'NZ.K10'], ['OTHER'], ['Z.P3', 'OTHER', 'Z.P3-1-1'], ['NZ.K10'], ['CONSENT', 'NZ.K10']]","[21, 22, 99, 140, 141, 175, 176, 177, 178, 190, 191, 196, 200, 201, 210, 219, 272, 285, 312, 331, 332, 333, 335, 351, 385, 404, 412, 413, 420, 421, 423, 434, 477, 480, 499, 510, 512, 521, 522, 529, 589, 592, 601, 690, 696, 702, 724, 725, 747, 748, 753, 757, 796, 797, 811, 821, 867, 871, 878, 881, 884, 898, 899, 920, 921, 922, 940, 941, 948, 963, 969, 970, 998, 1012, 1018, 1019, 1046, 1048, 1065, 1114, 1116, 1146, 1161, 1163, 1198, 1213, 1214, 1231, 1241, 1248, 1271, 1274, 1278, 1291, 1293, 1301, 1303, 1304, 1310, 1334, 1342, 1347, 1355, 1358, 1365, 1366, 1462, 1484, 1493, 1501, 1502, 4331, 4332, 4333, 4334, 4335, 4336, 4337, 4338, 4339, 4340, 4341, 4342, 4343, 4344, 4345, 4346, 4347, 4348, 4349, 4350, 4351, 4352]",357,9138,96.09323703217333,133,133,0.35799441247280267,"[{'id': 21, 'label': 'NZ.K10', 'text': 'KIs koennen bei der Behandlung objektiv die besten Entscheidungen treffen, doch das allein ist nicht genug um mit einem Arzt gleichgestellt zu werden. Was jedoch eine gute Loesung waere, ist dass beide zusammen arbeiten.'}, {'id': 22, 'label': 'NZ.K10', 'text': 'Die KIs sollten keine Einschraenkungen im Sinn von Behandlugsmoeglichkeiten haben, jedoch sollten die Aerzte die Leitung der Behandlung uebernehmen koennen um so Fehler der KI zu stoppen.'}, {'id': 59, 'label': 'NZ.K4', 'text': 'Hoher Energieverbrauch '}, {'id': 99, 'label': 'NZ.K10', 'text': 'Waere eine Kombination von KI und Menschen nicht sinnvoller als eine Art Ersatz?'}, {'id': 140, 'label': 'NZ.K10', 'text': 'Deswegen wuerde ich eine KI nie als vollstaendigen Ersatz einsetzen, sondern eher ergaenzend'}, {'id': 141, 'label': 'NZ.K10', 'text': 'Nicht die KI alleine sollte Diagnosen stellen, sondern auch Fachpersonal sollte gegebenenfalls zur Verfuegung stehen'}, {'id': 175, 'label': 'NZ.K10', 'text': 'Als zusaetzliche Hilfe vielleicht, aber ich stimme nicht zu, dass es ausschliesslich medKIs geben sollte'}, {'id': 176, 'label': 'NZ.K10', 'text': 'MedKIs koennten als Unterstuetzung dienen, aber nicht als Arztersatz'}, {'id': 177, 'label': 'NZ.K10', 'text': 'Es hat bisher geklappt. Also warum sollte man alles auf KIs umruesten? '}, {'id': 178, 'label': 'NZ.K10', 'text': 'Bisher haben Aerzte ihre Arbeit geleistet und das passend. Ich sehe keine 100%ige Noetigkeit dies auf ausschliesslich KIs umzuruesten. '}]"
144,1317,1,Naja aber die KI entscheidet doch am ende was der Patient hat und nicht der Patient selbst ,['Z.P6-1'],MEDAI,"[['Greeting_Message'], ['Z.P6'], ['Z.P6']]","[972, 3132, 3133, 3134, 3135, 3136, 3137, 3138, 3139, 3140, 3141, 3142, 3143, 3144, 3145, 3146, 3147, 3148, 3149, 3150, 3151, 3152, 3153]",679,9138,92.56949004158459,23,23,0.03135638101555884,"[{'id': 2, 'label': 'Z.P3', 'text': 'Das Wissen einer KI kann eine deutlich hoehere Menge erreichen, als das Wissen eines Menschen. '}, {'id': 3, 'label': 'Z.P3', 'text': 'Eine KI kann mehr Wissen als ein Mensch'}, {'id': 25, 'label': 'Z.P3-1', 'text': ' Allerdings werden die KIs von Menschen programmiert. Insofern ist die Fehlerquote mindestens genauso hoch.'}, {'id': 84, 'label': 'Z.P6', 'text': 'KI sind praeziser '}, {'id': 85, 'label': 'Z.P2', 'text': 'KI sind objektiv '}, {'id': 86, 'label': 'Z.P2', 'text': 'KI sind nicht bestechbar'}, {'id': 115, 'label': 'Z.P6', 'text': 'Bessere Diagnose, quasi frei von Vorurteilen.'}, {'id': 119, 'label': 'Z.P6', 'text': 'Die Praezision der Diagnose steigt, wenn menschliches, also fehlerhaftes, Urteilsvermoegen weitestgehend abgekoppelt werden.'}, {'id': 148, 'label': 'Z.P6', 'text': 'Ich finde Aerzte sollen durch KI ersetzt werden, weil Menschen fehlbar sind'}, {'id': 154, 'label': 'Z.P2', 'text': ' und das unparteiische Verhalten gegenueber der Patienten '}]"
145,1350,2,Schlechte annehmbarkeit durch die gessellschaft,['Z.K10'],MEDAI,"[['Greeting_Message'], ['Z.K7'], ['intro_26', 'Z.K2', 'intro_56', 'Z.K2-4'], ['Z.K3'], ['intro_23', 'Z.K3', 'intro_47', 'Z.K3-2']]","[23, 51, 105, 132, 170, 276, 277, 376, 390, 391, 532, 541, 701, 713, 746, 794, 795, 804, 859, 901, 911, 993, 1016, 1169, 1240, 1332, 1466, 1491, 1504, 3888, 3889, 3890, 3891, 3892, 3893, 3894, 3895, 3896, 3897, 3898, 3899, 3900, 3901, 3902, 3903, 3904, 3905, 3906, 3907, 3908, 3909]",1251,9138,86.30991464215364,51,51,0.03518629613708902,"[{'id': 0, 'label': 'Z.K1', 'text': 'Ein bot kannzwischenmaennschliche Interaktion nicht ersetzen '}, {'id': 7, 'label': 'Z.K1', 'text': 'Nein, medizinische Behandlung sollte meiner Meinung nach auf persoenlicher Ebene stattfinden, denn viele Krankeiten nur durch ausfuehrliche Anamnese aufgedeckt werden koennen und zum Teil psychologisch behaftet sind'}, {'id': 11, 'label': 'Z.K7', 'text': 'Ein Menscv kann interagieren und auf andere Menschen eingehen. Wie man an dir merkt, kann da KI nicht'}, {'id': 20, 'label': 'Z.K7', 'text': 'Um Patienten richtig behandeln zu koennen, muss der Arzt wichtige Entscheidungen treffen, welche womoeglich ueber Leben und Tod entscheiden. Dazu ist nur ein Mensch in der Lage, welcher sich in die Lage des Patienten versetzen kann.'}, {'id': 23, 'label': 'Z.K10', 'text': 'Das aendert jedoch nichts daran, dass viele Patienten sich nicht von einer KI behandeln lassen wollen.'}, {'id': 26, 'label': 'Z.K1', 'text': 'Der Persoenliche Kontakt zwischen dem Artzt und dem Patienten ist sehr wichtig, sowohl fuer Artzt als auch Patient. Der Patient kommt sich nicht so vor wie in einem Fastfood Resturant in dem er nur abgefertigt wird sondern mit einem richtigen Menschen als gegen ueber fuehlt er sich Wertgeschaetzt und versorgt, was auch positiv zur Heiling beitragen kann'}, {'id': 27, 'label': 'Z.K1', 'text': 'Eine KI kann aber niemals einen Menschen ersetzten egal wie gut programmiert sie ist, sie wird nie die Menschliche Fuersorge ersetzten koennen'}, {'id': 28, 'label': 'Z.K1', 'text': 'Selbst wenn die KI ausgebildet ist um auch emotional fuer den Menschen zu sorgen, so ist das nicht die selbe Fuersorge und emotionale Bindung wie sie zwischen zwei Menschen entstehen kann. Niemand wird jemals ein Geraet als Bezugs Person sehen da fehlen die echten Gefuehle und selbst gemachte Erfahrungen aus der Realen Welt '}, {'id': 30, 'label': 'Z.K7', 'text': 'Sie kann zwar lernen weiss aber nicht das fehl Entscheidungen auch eine emotionale Erfahrung mit sich bringen welche wichtig sind fuer die Ethik eines Mediziners und Grundlegend zur Entwichlung eines guten Artztes '}, {'id': 31, 'label': 'Z.K1', 'text': 'Das ist ja noch schlechter, man wuerde Patienten mit kleineren Problemen diskriminieren und ihnen das Geguehl geben dass sie weniger Beruecksichtigt werden als Patienten mit schlimmeren Problemen '}]"
146,1352,2,Jedoch ist dadurch nicht wirklich klar wie die ki zu diesem Ergebnis gekommen ist oder?,['NZ.K8'],MEDAI,"[['Greeting_Message'], ['Z.K7'], ['intro_26', 'Z.K2', 'intro_56', 'Z.K2-4'], ['Z.K3'], ['intro_23', 'Z.K3', 'intro_47', 'Z.K3-2'], ['Z.K10'], ['Z.K10'], ['NZ.K8'], ['intro_25', 'NZ.K8', 'intro_10', 'NZ.K8-1', 'z_trans_1', 'Z.P1']]","[711, 928, 929, 958, 994, 995, 997, 1283, 1284, 4287, 4288, 4289, 4290, 4291, 4292, 4293, 4294, 4295, 4296, 4297, 4298, 4299, 4300, 4301, 4302, 4303, 4304, 4305, 4306, 4307, 4308]",883,9138,90.33705405996936,31,31,0.0317151605420051,"[{'id': 1, 'label': 'Z.P1-1-1', 'text': 'werden dann Krankenpfleger besser bezahlt?'}, {'id': 5, 'label': 'Z.P4-1', 'text': 'Aber ist es realistisch, dass das Gesundheitssystem besser finanziert wird bevor eine medKI in der Lage ist fundierte Entscheidungen zu treffen?'}, {'id': 8, 'label': 'Z.P1', 'text': 'Der Trend geht ohnehin weg von kleinen Landarztpraxen und hin zu medizinischen Versorgungszentren'}, {'id': 12, 'label': 'Z.P4', 'text': 'Die MedKI kann unterstuetzen, den Mangel an Aerzten entgegenzuwirken. Durch den demographischen Wandel wird es mehr kranke und alte Menschen geben. Dadurch brauchen wir mehr Aerzte'}, {'id': 24, 'label': 'Z.P1', 'text': 'Aerzte sind doch auch Rund um die Uhr erreichbar?! Dafuer werden Sie auch dementsprechend bezahlt. Auf dem Land natuerlich nicht, aber eine KI koennte auch nicht ohne Beaufsichtigung das Krankenhaus leiten'}, {'id': 83, 'label': 'Z.P4-1', 'text': 'Dann sollen die Unis mehr Medizin Plaetze anbieten dann gibt es mehr Aerzte '}, {'id': 100, 'label': 'Z.P1', 'text': 'Mit medKI gibt es immerhin genug Aerztinnen, die jetzt fehlen?'}, {'id': 103, 'label': 'Z.P1-1', 'text': 'Personal wird dann trotzdem benoetigt '}, {'id': 108, 'label': 'Z.P4-1', 'text': 'Man koennte auch das Medizin Studium zugaenglicher machen'}, {'id': 109, 'label': 'Z.P4-1', 'text': 'Anstelle der KI kann man auch das Medizin Studium zugaenglicher machen'}]"
147,1362,2,"Ich kann mir nicht vorstellen, dass eine Firma das rechtlich machen kann",['Z.K3'],MEDAI,"[['Greeting_Message'], ['NZ.K8'], ['intro_24', 'NZ.K8', 'intro_7', 'NZ.K8-1', 'z_trans_1', 'Z.P1'], ['OTHER'], ['Z.P1-1'], ['NZ.K10'], ['intro_32', 'NZ.K10', 'intro_10', 'NZ.K10-1', 'z_trans_4', 'Z.P2'], ['Z.K1'], ['intro_25', 'Z.K10', 'intro_56', 'Z.K10-2'], ['NZ.K11'], ['Z.K1'], ['CONSENT'], ['intro_27', 'Z.K14', 'intro_48', 'Z.K14-1'], ['Z.P1'], ['intro_25', 'Z.P4-1', 'intro_5', 'z_trans_16', 'Z.P4'], ['FAQ.7'], ['Z.K3-1-1']]","[232, 237, 357, 358, 359, 375, 381, 383, 386, 430, 485, 486, 552, 590, 591, 710, 750, 767, 886, 905, 907, 968, 992, 1003, 1047, 1190, 1243, 1244, 1246, 1312, 1319, 3616, 3617, 3618, 3619, 3620, 3621, 3622, 3623, 3624, 3625, 3626, 3627, 3628, 3629, 3630, 3631, 3632, 3633, 3634, 3635, 3636, 3637]",1251,9138,86.30991464215364,53,53,0.0365661508875631,"[{'id': 0, 'label': 'Z.K1', 'text': 'Ein bot kannzwischenmaennschliche Interaktion nicht ersetzen '}, {'id': 7, 'label': 'Z.K1', 'text': 'Nein, medizinische Behandlung sollte meiner Meinung nach auf persoenlicher Ebene stattfinden, denn viele Krankeiten nur durch ausfuehrliche Anamnese aufgedeckt werden koennen und zum Teil psychologisch behaftet sind'}, {'id': 11, 'label': 'Z.K7', 'text': 'Ein Menscv kann interagieren und auf andere Menschen eingehen. Wie man an dir merkt, kann da KI nicht'}, {'id': 20, 'label': 'Z.K7', 'text': 'Um Patienten richtig behandeln zu koennen, muss der Arzt wichtige Entscheidungen treffen, welche womoeglich ueber Leben und Tod entscheiden. Dazu ist nur ein Mensch in der Lage, welcher sich in die Lage des Patienten versetzen kann.'}, {'id': 23, 'label': 'Z.K10', 'text': 'Das aendert jedoch nichts daran, dass viele Patienten sich nicht von einer KI behandeln lassen wollen.'}, {'id': 26, 'label': 'Z.K1', 'text': 'Der Persoenliche Kontakt zwischen dem Artzt und dem Patienten ist sehr wichtig, sowohl fuer Artzt als auch Patient. Der Patient kommt sich nicht so vor wie in einem Fastfood Resturant in dem er nur abgefertigt wird sondern mit einem richtigen Menschen als gegen ueber fuehlt er sich Wertgeschaetzt und versorgt, was auch positiv zur Heiling beitragen kann'}, {'id': 27, 'label': 'Z.K1', 'text': 'Eine KI kann aber niemals einen Menschen ersetzten egal wie gut programmiert sie ist, sie wird nie die Menschliche Fuersorge ersetzten koennen'}, {'id': 28, 'label': 'Z.K1', 'text': 'Selbst wenn die KI ausgebildet ist um auch emotional fuer den Menschen zu sorgen, so ist das nicht die selbe Fuersorge und emotionale Bindung wie sie zwischen zwei Menschen entstehen kann. Niemand wird jemals ein Geraet als Bezugs Person sehen da fehlen die echten Gefuehle und selbst gemachte Erfahrungen aus der Realen Welt '}, {'id': 30, 'label': 'Z.K7', 'text': 'Sie kann zwar lernen weiss aber nicht das fehl Entscheidungen auch eine emotionale Erfahrung mit sich bringen welche wichtig sind fuer die Ethik eines Mediziners und Grundlegend zur Entwichlung eines guten Artztes '}, {'id': 31, 'label': 'Z.K1', 'text': 'Das ist ja noch schlechter, man wuerde Patienten mit kleineren Problemen diskriminieren und ihnen das Geguehl geben dass sie weniger Beruecksichtigt werden als Patienten mit schlimmeren Problemen '}]"
148,1382,2,Die KI sollte ein Werkzeug sein und nicht eigenstaendig arzt,['NZ.K10'],MEDAI,"[['Greeting_Message'], ['Z.P4'], ['CONSENT', 'Z.P1', 'Z.K15-1'], ['NZ.K10'], ['NZ.K10', 'Z.K5-1', 'Z.K2-4', 'NZ.K10']]","[21, 22, 99, 140, 141, 175, 176, 177, 178, 190, 191, 196, 200, 201, 210, 219, 272, 285, 312, 331, 332, 333, 335, 351, 385, 404, 412, 413, 420, 421, 423, 434, 477, 480, 499, 510, 512, 521, 522, 529, 589, 592, 601, 690, 696, 702, 724, 725, 747, 748, 753, 757, 796, 797, 811, 821, 867, 871, 878, 881, 884, 898, 899, 920, 921, 922, 940, 941, 948, 963, 969, 970, 998, 1012, 1018, 1019, 1046, 1048, 1065, 1114, 1116, 1146, 1161, 1163, 1198, 1213, 1214, 1231, 1241, 1248, 1271, 1274, 1278, 1291, 1293, 1301, 1303, 1304, 1310, 1334, 1342, 1347, 1355, 1358, 1365, 1366, 1462, 1484, 1493, 1501, 1502, 4331, 4332, 4333, 4334, 4335, 4336, 4337, 4338, 4339, 4340, 4341, 4342, 4343, 4344, 4345, 4346, 4347, 4348, 4349, 4350, 4351, 4352]",2427,9138,73.44057780695995,133,133,0.040245557677485264,"[{'id': 0, 'label': 'Z.K1', 'text': 'Ein bot kannzwischenmaennschliche Interaktion nicht ersetzen '}, {'id': 6, 'label': 'Z.K6', 'text': 'Medizin ist ein aeusserst komplexes Tehemengebiet. Die Behandlung von Patienten erfordert Erfahrung und ist aeusserst Vielschichtig'}, {'id': 7, 'label': 'Z.K1', 'text': 'Nein, medizinische Behandlung sollte meiner Meinung nach auf persoenlicher Ebene stattfinden, denn viele Krankeiten nur durch ausfuehrliche Anamnese aufgedeckt werden koennen und zum Teil psychologisch behaftet sind'}, {'id': 9, 'label': 'Z.K2', 'text': 'Andererseits hat sie ein sehr begrenztes Repertoire, denn anders als ein Mensch kommt MedKI nicht ueber ihre standardisierten Handlungsweisen hinaus'}, {'id': 10, 'label': 'Z.K6', 'text': 'Nein, ich bezihe mich nicht auf Fehler, sondern auf eine begrenzte, eindimensionale Handlungsfaehigkeit '}, {'id': 11, 'label': 'Z.K7', 'text': 'Ein Menscv kann interagieren und auf andere Menschen eingehen. Wie man an dir merkt, kann da KI nicht'}, {'id': 20, 'label': 'Z.K7', 'text': 'Um Patienten richtig behandeln zu koennen, muss der Arzt wichtige Entscheidungen treffen, welche womoeglich ueber Leben und Tod entscheiden. Dazu ist nur ein Mensch in der Lage, welcher sich in die Lage des Patienten versetzen kann.'}, {'id': 21, 'label': 'NZ.K10', 'text': 'KIs koennen bei der Behandlung objektiv die besten Entscheidungen treffen, doch das allein ist nicht genug um mit einem Arzt gleichgestellt zu werden. Was jedoch eine gute Loesung waere, ist dass beide zusammen arbeiten.'}, {'id': 22, 'label': 'NZ.K10', 'text': 'Die KIs sollten keine Einschraenkungen im Sinn von Behandlugsmoeglichkeiten haben, jedoch sollten die Aerzte die Leitung der Behandlung uebernehmen koennen um so Fehler der KI zu stoppen.'}, {'id': 23, 'label': 'Z.K10', 'text': 'Das aendert jedoch nichts daran, dass viele Patienten sich nicht von einer KI behandeln lassen wollen.'}]"
149,1405,2,Die KI besitzt kein gleiches Empathie-Vermoegen welches fuer Entscheidungen durchaus auch relevant sein kann,['Z.K7'],MEDAI,"[['Greeting_Message'], ['Z.K7'], ['intro_28', 'Z.K1', 'intro_56', 'Z.K1-1']]","[11, 20, 30, 50, 81, 102, 130, 133, 168, 189, 230, 236, 279, 284, 287, 288, 290, 326, 377, 387, 409, 487, 492, 535, 572, 608, 633, 656, 684, 685, 686, 688, 689, 717, 762, 803, 805, 809, 817, 820, 841, 850, 857, 866, 876, 877, 880, 882, 887, 953, 991, 1013, 1041, 1042, 1120, 1178, 1188, 1189, 1228, 1229, 1287, 1316, 1392, 1444, 3844, 3845, 3846, 3847, 3848, 3849, 3850, 3851, 3852, 3853, 3854, 3855, 3856, 3857, 3858, 3859, 3860, 3861, 3862, 3863, 3864, 3865]",1251,9138,86.30991464215364,86,86,0.0593337542703854,"[{'id': 0, 'label': 'Z.K1', 'text': 'Ein bot kannzwischenmaennschliche Interaktion nicht ersetzen '}, {'id': 7, 'label': 'Z.K1', 'text': 'Nein, medizinische Behandlung sollte meiner Meinung nach auf persoenlicher Ebene stattfinden, denn viele Krankeiten nur durch ausfuehrliche Anamnese aufgedeckt werden koennen und zum Teil psychologisch behaftet sind'}, {'id': 11, 'label': 'Z.K7', 'text': 'Ein Menscv kann interagieren und auf andere Menschen eingehen. Wie man an dir merkt, kann da KI nicht'}, {'id': 20, 'label': 'Z.K7', 'text': 'Um Patienten richtig behandeln zu koennen, muss der Arzt wichtige Entscheidungen treffen, welche womoeglich ueber Leben und Tod entscheiden. Dazu ist nur ein Mensch in der Lage, welcher sich in die Lage des Patienten versetzen kann.'}, {'id': 23, 'label': 'Z.K10', 'text': 'Das aendert jedoch nichts daran, dass viele Patienten sich nicht von einer KI behandeln lassen wollen.'}, {'id': 26, 'label': 'Z.K1', 'text': 'Der Persoenliche Kontakt zwischen dem Artzt und dem Patienten ist sehr wichtig, sowohl fuer Artzt als auch Patient. Der Patient kommt sich nicht so vor wie in einem Fastfood Resturant in dem er nur abgefertigt wird sondern mit einem richtigen Menschen als gegen ueber fuehlt er sich Wertgeschaetzt und versorgt, was auch positiv zur Heiling beitragen kann'}, {'id': 27, 'label': 'Z.K1', 'text': 'Eine KI kann aber niemals einen Menschen ersetzten egal wie gut programmiert sie ist, sie wird nie die Menschliche Fuersorge ersetzten koennen'}, {'id': 28, 'label': 'Z.K1', 'text': 'Selbst wenn die KI ausgebildet ist um auch emotional fuer den Menschen zu sorgen, so ist das nicht die selbe Fuersorge und emotionale Bindung wie sie zwischen zwei Menschen entstehen kann. Niemand wird jemals ein Geraet als Bezugs Person sehen da fehlen die echten Gefuehle und selbst gemachte Erfahrungen aus der Realen Welt '}, {'id': 30, 'label': 'Z.K7', 'text': 'Sie kann zwar lernen weiss aber nicht das fehl Entscheidungen auch eine emotionale Erfahrung mit sich bringen welche wichtig sind fuer die Ethik eines Mediziners und Grundlegend zur Entwichlung eines guten Artztes '}, {'id': 31, 'label': 'Z.K1', 'text': 'Das ist ja noch schlechter, man wuerde Patienten mit kleineren Problemen diskriminieren und ihnen das Geguehl geben dass sie weniger Beruecksichtigt werden als Patienten mit schlimmeren Problemen '}]"
150,1412,2,Jeder Patient ist individuell und jede Krankheit,['Z.K2'],MEDAI,"[['Greeting_Message'], ['NZ.K10'], ['NZ.K10-1', 'Z.P6'], ['Z.K3'], ['Z.K3-2'], ['NZ.K10'], ['NZ.K10', 'Z.P6', 'NZ.K10', 'Z.K4-1']]","[9, 52, 71, 101, 150, 151, 152, 155, 228, 261, 309, 315, 324, 374, 475, 476, 490, 497, 511, 515, 516, 528, 605, 606, 648, 700, 705, 739, 763, 765, 771, 819, 883, 949, 966, 1049, 1050, 1061, 1062, 1117, 1119, 1194, 1195, 1333, 1336, 1394, 1481, 1499, 3396, 3397, 3398, 3399, 3400, 3401, 3402, 3403, 3404, 3405, 3406, 3407, 3408, 3409, 3410, 3411, 3412, 3413, 3414, 3415, 3416, 3417]",1855,9138,79.7001532063909,70,70,0.030075529511845618,"[{'id': 2, 'label': 'Z.P3', 'text': 'Das Wissen einer KI kann eine deutlich hoehere Menge erreichen, als das Wissen eines Menschen. '}, {'id': 3, 'label': 'Z.P3', 'text': 'Eine KI kann mehr Wissen als ein Mensch'}, {'id': 6, 'label': 'Z.K6', 'text': 'Medizin ist ein aeusserst komplexes Tehemengebiet. Die Behandlung von Patienten erfordert Erfahrung und ist aeusserst Vielschichtig'}, {'id': 9, 'label': 'Z.K2', 'text': 'Andererseits hat sie ein sehr begrenztes Repertoire, denn anders als ein Mensch kommt MedKI nicht ueber ihre standardisierten Handlungsweisen hinaus'}, {'id': 10, 'label': 'Z.K6', 'text': 'Nein, ich bezihe mich nicht auf Fehler, sondern auf eine begrenzte, eindimensionale Handlungsfaehigkeit '}, {'id': 21, 'label': 'NZ.K10', 'text': 'KIs koennen bei der Behandlung objektiv die besten Entscheidungen treffen, doch das allein ist nicht genug um mit einem Arzt gleichgestellt zu werden. Was jedoch eine gute Loesung waere, ist dass beide zusammen arbeiten.'}, {'id': 22, 'label': 'NZ.K10', 'text': 'Die KIs sollten keine Einschraenkungen im Sinn von Behandlugsmoeglichkeiten haben, jedoch sollten die Aerzte die Leitung der Behandlung uebernehmen koennen um so Fehler der KI zu stoppen.'}, {'id': 25, 'label': 'Z.P3-1', 'text': ' Allerdings werden die KIs von Menschen programmiert. Insofern ist die Fehlerquote mindestens genauso hoch.'}, {'id': 52, 'label': 'Z.K2', 'text': 'Zu viele Krankheiten moeglich'}, {'id': 53, 'label': 'Z.K4', 'text': 'Systemfehler'}]"
151,1415,2, Hacking Angriffe waeren ein riesiges Problem,['Z.K9'],MEDAI,"[['Greeting_Message'], ['NZ.K10'], ['NZ.K10-1', 'Z.P6'], ['Z.K3'], ['Z.K3-2'], ['NZ.K10'], ['NZ.K10', 'Z.P6', 'NZ.K10', 'Z.K4-1'], ['Z.K2'], ['Z.P6', 'NZ.K10'], ['Z.K2'], ['Z.K2-4', 'Z.K1-1'], ['Z.K13'], ['Z.K13-1']]","[61, 422, 433, 533, 604, 741, 792, 816, 844, 868, 1052, 1340, 1437, 1438, 1441, 1469, 3954, 3955, 3956, 3957, 3958, 3959, 3960, 3961, 3962, 3963, 3964, 3965, 3966, 3967, 3968, 3969, 3970, 3971, 3972, 3973, 3974, 3975]",335,9138,96.33398993215145,38,38,0.10927437663945538,"[{'id': 29, 'label': 'Z.K19', 'text': 'Das ist schon richtig aber eine MedKI hat auch Fehler und faellt mal aus da ist ein Mensch zu verlaessiger '}, {'id': 61, 'label': 'Z.K9', 'text': 'Hacker'}, {'id': 422, 'label': 'Z.K9', 'text': 'Aber was ist mit dem Sicherheitsrisikio?'}, {'id': 433, 'label': 'Z.K9', 'text': 'Oder Hacker die KI manipulieren'}, {'id': 488, 'label': 'Z.K19', 'text': 'Eine KI ist abhaengig von Ressourcen wie Strom und Internet '}, {'id': 519, 'label': 'Z.K13', 'text': 'Ausserdem entstehen Probleme bei Datenschutz'}, {'id': 523, 'label': 'Z.K19', 'text': 'jedoch koennen aerzte grundlegende medizinische leistungen auch ohne komplizierte Geraete durchfuehren, die medKI waere bei einem Stromausfall komplett nutzlos '}, {'id': 533, 'label': 'Z.K9', 'text': 'Was passiert eigentlich, wenn eine solche KI gehackt wird. '}, {'id': 604, 'label': 'Z.K9', 'text': 'Sind die personenbezogenen Daten in der KI sicher?'}, {'id': 707, 'label': 'Z.K19', 'text': ' Ausserdem ist bei einem Ausfall der KI keine Versorgung der Patienten moeglich'}]"
152,1426,2,Haeufign gehen Lebensumstaende und Gesundheitliche Aspekte Hand in Hand und koennem nicht separiert werden,['Z.K2'],MEDAI,"[['Greeting_Message'], ['Z.K2'], ['Z.K2-4']]","[9, 52, 71, 101, 150, 151, 152, 155, 228, 261, 309, 315, 324, 374, 475, 476, 490, 497, 511, 515, 516, 528, 605, 606, 648, 700, 705, 739, 763, 765, 771, 819, 883, 949, 966, 1049, 1050, 1061, 1062, 1117, 1119, 1194, 1195, 1333, 1336, 1394, 1481, 1499, 3396, 3397, 3398, 3399, 3400, 3401, 3402, 3403, 3404, 3405, 3406, 3407, 3408, 3409, 3410, 3411, 3412, 3413, 3414, 3415, 3416, 3417]",819,9138,91.03742613263296,70,70,0.07780976592532732,"[{'id': 6, 'label': 'Z.K6', 'text': 'Medizin ist ein aeusserst komplexes Tehemengebiet. Die Behandlung von Patienten erfordert Erfahrung und ist aeusserst Vielschichtig'}, {'id': 9, 'label': 'Z.K2', 'text': 'Andererseits hat sie ein sehr begrenztes Repertoire, denn anders als ein Mensch kommt MedKI nicht ueber ihre standardisierten Handlungsweisen hinaus'}, {'id': 10, 'label': 'Z.K6', 'text': 'Nein, ich bezihe mich nicht auf Fehler, sondern auf eine begrenzte, eindimensionale Handlungsfaehigkeit '}, {'id': 52, 'label': 'Z.K2', 'text': 'Zu viele Krankheiten moeglich'}, {'id': 53, 'label': 'Z.K4', 'text': 'Systemfehler'}, {'id': 71, 'label': 'Z.K2', 'text': 'Eine KI handelt immer nach der theoretisch besten Loesung, allerdings ist diese nicht immer moralisch Vertretbar '}, {'id': 101, 'label': 'Z.K2', 'text': 'Mir ist bewusst das ein MedKi nicht alle Lebensumstaende der Patientinnen in die Untersuchung mit einbeziehen'}, {'id': 111, 'label': 'Z.K6', 'text': 'Ueber Neueste Diagnostik und Therapie verfuegen Aerztinnen in der Regel auch '}, {'id': 129, 'label': 'Z.K15-1', 'text': 'Aerztinnen sind menschlich und machen Fehler, siehst du das auch so?'}, {'id': 150, 'label': 'Z.K2', 'text': 'Da die Med-KI keine individuellen Diagnosen stellen kann, sondern anhand von Lehrbuchangaben agiert und das Verhalten und die Aussagen der patient*innen nur objektiv betrachtet'}]"
153,1427,2,"Die Analyse der Daten kann sinnvoll sein aber das benoetigt keine KI , denn aerzte sind sehr spezifisch ausgebildet in dem Bereich ",['Z.K6'],MEDAI,"[['Greeting_Message'], ['Z.K2'], ['Z.K2-4'], ['Z.K2'], ['CONSENT', 'Z.K2-4']]","[6, 10, 111, 169, 233, 234, 286, 310, 311, 314, 323, 378, 411, 474, 491, 514, 536, 585, 687, 697, 704, 721, 842, 926, 956, 974, 1063, 1168, 1197, 1233, 1235, 1337, 1345, 1417, 1482, 3484, 3485, 3486, 3487, 3488, 3489, 3490, 3491, 3492, 3493, 3494, 3495, 3496, 3497, 3498, 3499, 3500, 3501, 3502, 3503, 3504, 3505]",819,9138,91.03742613263296,57,57,0.06335938082490938,"[{'id': 6, 'label': 'Z.K6', 'text': 'Medizin ist ein aeusserst komplexes Tehemengebiet. Die Behandlung von Patienten erfordert Erfahrung und ist aeusserst Vielschichtig'}, {'id': 9, 'label': 'Z.K2', 'text': 'Andererseits hat sie ein sehr begrenztes Repertoire, denn anders als ein Mensch kommt MedKI nicht ueber ihre standardisierten Handlungsweisen hinaus'}, {'id': 10, 'label': 'Z.K6', 'text': 'Nein, ich bezihe mich nicht auf Fehler, sondern auf eine begrenzte, eindimensionale Handlungsfaehigkeit '}, {'id': 52, 'label': 'Z.K2', 'text': 'Zu viele Krankheiten moeglich'}, {'id': 53, 'label': 'Z.K4', 'text': 'Systemfehler'}, {'id': 71, 'label': 'Z.K2', 'text': 'Eine KI handelt immer nach der theoretisch besten Loesung, allerdings ist diese nicht immer moralisch Vertretbar '}, {'id': 101, 'label': 'Z.K2', 'text': 'Mir ist bewusst das ein MedKi nicht alle Lebensumstaende der Patientinnen in die Untersuchung mit einbeziehen'}, {'id': 111, 'label': 'Z.K6', 'text': 'Ueber Neueste Diagnostik und Therapie verfuegen Aerztinnen in der Regel auch '}, {'id': 129, 'label': 'Z.K15-1', 'text': 'Aerztinnen sind menschlich und machen Fehler, siehst du das auch so?'}, {'id': 150, 'label': 'Z.K2', 'text': 'Da die Med-KI keine individuellen Diagnosen stellen kann, sondern anhand von Lehrbuchangaben agiert und das Verhalten und die Aussagen der patient*innen nur objektiv betrachtet'}]"
154,1469,2,Und wie kann man das dann verhindern ,['Z.K11'],MEDAI,"[['Greeting_Message'], ['Z.P7-1'], ['Z.P3-1'], ['FAQ.7'], ['intro_26', 'Z.K3', 'intro_49', 'Z.K3-2'], ['Z.K15'], ['intro_26', 'Z.K18', 'intro_48', 'Z.K18-1'], ['Z.K11'], ['Z.K11']]","[728, 955, 1100, 1101, 1138, 1288, 1500, 3704, 3705, 3706, 3707, 3708, 3709, 3710, 3711, 3712, 3713, 3714, 3715, 3716, 3717, 3718, 3719, 3720, 3721, 3722, 3723, 3724, 3725]",1251,9138,86.30991464215364,29,29,0.020007893881874145,"[{'id': 0, 'label': 'Z.K1', 'text': 'Ein bot kannzwischenmaennschliche Interaktion nicht ersetzen '}, {'id': 7, 'label': 'Z.K1', 'text': 'Nein, medizinische Behandlung sollte meiner Meinung nach auf persoenlicher Ebene stattfinden, denn viele Krankeiten nur durch ausfuehrliche Anamnese aufgedeckt werden koennen und zum Teil psychologisch behaftet sind'}, {'id': 11, 'label': 'Z.K7', 'text': 'Ein Menscv kann interagieren und auf andere Menschen eingehen. Wie man an dir merkt, kann da KI nicht'}, {'id': 20, 'label': 'Z.K7', 'text': 'Um Patienten richtig behandeln zu koennen, muss der Arzt wichtige Entscheidungen treffen, welche womoeglich ueber Leben und Tod entscheiden. Dazu ist nur ein Mensch in der Lage, welcher sich in die Lage des Patienten versetzen kann.'}, {'id': 23, 'label': 'Z.K10', 'text': 'Das aendert jedoch nichts daran, dass viele Patienten sich nicht von einer KI behandeln lassen wollen.'}, {'id': 26, 'label': 'Z.K1', 'text': 'Der Persoenliche Kontakt zwischen dem Artzt und dem Patienten ist sehr wichtig, sowohl fuer Artzt als auch Patient. Der Patient kommt sich nicht so vor wie in einem Fastfood Resturant in dem er nur abgefertigt wird sondern mit einem richtigen Menschen als gegen ueber fuehlt er sich Wertgeschaetzt und versorgt, was auch positiv zur Heiling beitragen kann'}, {'id': 27, 'label': 'Z.K1', 'text': 'Eine KI kann aber niemals einen Menschen ersetzten egal wie gut programmiert sie ist, sie wird nie die Menschliche Fuersorge ersetzten koennen'}, {'id': 28, 'label': 'Z.K1', 'text': 'Selbst wenn die KI ausgebildet ist um auch emotional fuer den Menschen zu sorgen, so ist das nicht die selbe Fuersorge und emotionale Bindung wie sie zwischen zwei Menschen entstehen kann. Niemand wird jemals ein Geraet als Bezugs Person sehen da fehlen die echten Gefuehle und selbst gemachte Erfahrungen aus der Realen Welt '}, {'id': 30, 'label': 'Z.K7', 'text': 'Sie kann zwar lernen weiss aber nicht das fehl Entscheidungen auch eine emotionale Erfahrung mit sich bringen welche wichtig sind fuer die Ethik eines Mediziners und Grundlegend zur Entwichlung eines guten Artztes '}, {'id': 31, 'label': 'Z.K1', 'text': 'Das ist ja noch schlechter, man wuerde Patienten mit kleineren Problemen diskriminieren und ihnen das Geguehl geben dass sie weniger Beruecksichtigt werden als Patienten mit schlimmeren Problemen '}]"
155,1472,2,Wie fragt man schwer kranke Patienten nach Zustimmung ,['Z.K13-1'],MEDAI,"[['Greeting_Message'], ['Z.P7-1'], ['Z.P3-1'], ['FAQ.7'], ['intro_26', 'Z.K3', 'intro_49', 'Z.K3-2'], ['Z.K15'], ['intro_26', 'Z.K18', 'intro_48', 'Z.K18-1'], ['Z.K11'], ['Z.K11'], ['Z.K11'], ['Z.P7-1'], ['Z.K16'], ['Z.K16'], ['Z.K19'], ['Z.K13']]","[1104, 1397, 4020, 4021, 4022, 4023, 4024, 4025, 4026, 4027, 4028, 4029, 4030, 4031, 4032, 4033, 4034, 4035, 4036, 4037, 4038, 4039, 4040, 4041]",335,9138,96.33398993215145,24,24,0.06901539577228762,"[{'id': 29, 'label': 'Z.K19', 'text': 'Das ist schon richtig aber eine MedKI hat auch Fehler und faellt mal aus da ist ein Mensch zu verlaessiger '}, {'id': 61, 'label': 'Z.K9', 'text': 'Hacker'}, {'id': 422, 'label': 'Z.K9', 'text': 'Aber was ist mit dem Sicherheitsrisikio?'}, {'id': 433, 'label': 'Z.K9', 'text': 'Oder Hacker die KI manipulieren'}, {'id': 488, 'label': 'Z.K19', 'text': 'Eine KI ist abhaengig von Ressourcen wie Strom und Internet '}, {'id': 519, 'label': 'Z.K13', 'text': 'Ausserdem entstehen Probleme bei Datenschutz'}, {'id': 523, 'label': 'Z.K19', 'text': 'jedoch koennen aerzte grundlegende medizinische leistungen auch ohne komplizierte Geraete durchfuehren, die medKI waere bei einem Stromausfall komplett nutzlos '}, {'id': 533, 'label': 'Z.K9', 'text': 'Was passiert eigentlich, wenn eine solche KI gehackt wird. '}, {'id': 604, 'label': 'Z.K9', 'text': 'Sind die personenbezogenen Daten in der KI sicher?'}, {'id': 707, 'label': 'Z.K19', 'text': ' Ausserdem ist bei einem Ausfall der KI keine Versorgung der Patienten moeglich'}]"
156,1487,2,"Wie sieht denn dann eine direkte Interaktion mit der KI aus? Wenn man doch noch Personal fuer die KI braucht, dann kann man meiner Meinung nach direkt einen Arzt/eine Aerztin dahinsetzten.",['Z.K1'],MEDAI,"[['Greeting_Message'], ['NZ.K10'], ['intro_32', 'NZ.K10', 'intro_10', 'NZ.K10-1', 'z_trans_4', 'Z.P1'], ['FAQ.7', 'NZ.K10'], ['intro_27', 'Z.K3', 'intro_47', 'Z.K3-2'], ['Z.K2'], ['intro_26', 'Z.K2', 'intro_56', 'Z.K2-4'], ['Z.P7-1'], ['intro_24', 'Z.P1-1', 'intro_49', 'Z.P1-1-1'], ['Z.K2', 'Z.K7'], ['intro_23', 'Z.K1', 'intro_55', 'Z.K1-1']]","[0, 7, 26, 27, 28, 31, 32, 60, 63, 64, 70, 87, 96, 97, 104, 106, 107, 114, 198, 199, 206, 207, 208, 209, 258, 259, 260, 273, 275, 278, 322, 327, 380, 431, 448, 472, 473, 495, 520, 524, 527, 537, 582, 636, 638, 651, 652, 653, 654, 691, 692, 726, 729, 730, 758, 759, 760, 761, 768, 790, 802, 808, 874, 904, 957, 964, 999, 1094, 1121, 1177, 1193, 1239, 1242, 1263, 1275, 1315, 1317, 1321, 1343, 1344, 1346, 1356, 1391, 1443, 1467, 1468, 3330, 3331, 3332, 3333, 3334, 3335, 3336, 3337, 3338, 3339, 3340, 3341, 3342, 3343, 3344, 3345, 3346, 3347, 3348, 3349, 3350, 3351]",1251,9138,86.30991464215364,108,108,0.07451215652560027,"[{'id': 0, 'label': 'Z.K1', 'text': 'Ein bot kannzwischenmaennschliche Interaktion nicht ersetzen '}, {'id': 7, 'label': 'Z.K1', 'text': 'Nein, medizinische Behandlung sollte meiner Meinung nach auf persoenlicher Ebene stattfinden, denn viele Krankeiten nur durch ausfuehrliche Anamnese aufgedeckt werden koennen und zum Teil psychologisch behaftet sind'}, {'id': 11, 'label': 'Z.K7', 'text': 'Ein Menscv kann interagieren und auf andere Menschen eingehen. Wie man an dir merkt, kann da KI nicht'}, {'id': 20, 'label': 'Z.K7', 'text': 'Um Patienten richtig behandeln zu koennen, muss der Arzt wichtige Entscheidungen treffen, welche womoeglich ueber Leben und Tod entscheiden. Dazu ist nur ein Mensch in der Lage, welcher sich in die Lage des Patienten versetzen kann.'}, {'id': 23, 'label': 'Z.K10', 'text': 'Das aendert jedoch nichts daran, dass viele Patienten sich nicht von einer KI behandeln lassen wollen.'}, {'id': 26, 'label': 'Z.K1', 'text': 'Der Persoenliche Kontakt zwischen dem Artzt und dem Patienten ist sehr wichtig, sowohl fuer Artzt als auch Patient. Der Patient kommt sich nicht so vor wie in einem Fastfood Resturant in dem er nur abgefertigt wird sondern mit einem richtigen Menschen als gegen ueber fuehlt er sich Wertgeschaetzt und versorgt, was auch positiv zur Heiling beitragen kann'}, {'id': 27, 'label': 'Z.K1', 'text': 'Eine KI kann aber niemals einen Menschen ersetzten egal wie gut programmiert sie ist, sie wird nie die Menschliche Fuersorge ersetzten koennen'}, {'id': 28, 'label': 'Z.K1', 'text': 'Selbst wenn die KI ausgebildet ist um auch emotional fuer den Menschen zu sorgen, so ist das nicht die selbe Fuersorge und emotionale Bindung wie sie zwischen zwei Menschen entstehen kann. Niemand wird jemals ein Geraet als Bezugs Person sehen da fehlen die echten Gefuehle und selbst gemachte Erfahrungen aus der Realen Welt '}, {'id': 30, 'label': 'Z.K7', 'text': 'Sie kann zwar lernen weiss aber nicht das fehl Entscheidungen auch eine emotionale Erfahrung mit sich bringen welche wichtig sind fuer die Ethik eines Mediziners und Grundlegend zur Entwichlung eines guten Artztes '}, {'id': 31, 'label': 'Z.K1', 'text': 'Das ist ja noch schlechter, man wuerde Patienten mit kleineren Problemen diskriminieren und ihnen das Geguehl geben dass sie weniger Beruecksichtigt werden als Patienten mit schlimmeren Problemen '}]"
157,1488,2,"Ich finde, die Interaktion mir dir beweist ganz gut, warum die KI keinen Menschen nicht ersetzen kannst. Du hast schon zweimal ueberhaupt nicht verstanden, was ich gesagt habe bzw. bist du gar nicht auf den expliziten Punkt eingegangen und hast eine Standardantwort gegeben.",['Z.K5'],MEDAI,"[['Greeting_Message'], ['NZ.K10'], ['intro_32', 'NZ.K10', 'intro_10', 'NZ.K10-1', 'z_trans_4', 'Z.P1'], ['FAQ.7', 'NZ.K10'], ['intro_27', 'Z.K3', 'intro_47', 'Z.K3-2'], ['Z.K2'], ['intro_26', 'Z.K2', 'intro_56', 'Z.K2-4'], ['Z.P7-1'], ['intro_24', 'Z.P1-1', 'intro_49', 'Z.P1-1-1'], ['Z.K2', 'Z.K7'], ['intro_23', 'Z.K1', 'intro_55', 'Z.K1-1'], ['Z.K1'], ['intro_26', 'Z.K7', 'intro_56', 'Z.K7-1']]","[79, 906, 1122, 3800, 3801, 3802, 3803, 3804, 3805, 3806, 3807, 3808, 3809, 3810, 3811, 3812, 3813, 3814, 3815, 3816, 3817, 3818, 3819, 3820, 3821]",1251,9138,86.30991464215364,25,25,0.017248184380925985,"[{'id': 0, 'label': 'Z.K1', 'text': 'Ein bot kannzwischenmaennschliche Interaktion nicht ersetzen '}, {'id': 7, 'label': 'Z.K1', 'text': 'Nein, medizinische Behandlung sollte meiner Meinung nach auf persoenlicher Ebene stattfinden, denn viele Krankeiten nur durch ausfuehrliche Anamnese aufgedeckt werden koennen und zum Teil psychologisch behaftet sind'}, {'id': 11, 'label': 'Z.K7', 'text': 'Ein Menscv kann interagieren und auf andere Menschen eingehen. Wie man an dir merkt, kann da KI nicht'}, {'id': 20, 'label': 'Z.K7', 'text': 'Um Patienten richtig behandeln zu koennen, muss der Arzt wichtige Entscheidungen treffen, welche womoeglich ueber Leben und Tod entscheiden. Dazu ist nur ein Mensch in der Lage, welcher sich in die Lage des Patienten versetzen kann.'}, {'id': 23, 'label': 'Z.K10', 'text': 'Das aendert jedoch nichts daran, dass viele Patienten sich nicht von einer KI behandeln lassen wollen.'}, {'id': 26, 'label': 'Z.K1', 'text': 'Der Persoenliche Kontakt zwischen dem Artzt und dem Patienten ist sehr wichtig, sowohl fuer Artzt als auch Patient. Der Patient kommt sich nicht so vor wie in einem Fastfood Resturant in dem er nur abgefertigt wird sondern mit einem richtigen Menschen als gegen ueber fuehlt er sich Wertgeschaetzt und versorgt, was auch positiv zur Heiling beitragen kann'}, {'id': 27, 'label': 'Z.K1', 'text': 'Eine KI kann aber niemals einen Menschen ersetzten egal wie gut programmiert sie ist, sie wird nie die Menschliche Fuersorge ersetzten koennen'}, {'id': 28, 'label': 'Z.K1', 'text': 'Selbst wenn die KI ausgebildet ist um auch emotional fuer den Menschen zu sorgen, so ist das nicht die selbe Fuersorge und emotionale Bindung wie sie zwischen zwei Menschen entstehen kann. Niemand wird jemals ein Geraet als Bezugs Person sehen da fehlen die echten Gefuehle und selbst gemachte Erfahrungen aus der Realen Welt '}, {'id': 30, 'label': 'Z.K7', 'text': 'Sie kann zwar lernen weiss aber nicht das fehl Entscheidungen auch eine emotionale Erfahrung mit sich bringen welche wichtig sind fuer die Ethik eines Mediziners und Grundlegend zur Entwichlung eines guten Artztes '}, {'id': 31, 'label': 'Z.K1', 'text': 'Das ist ja noch schlechter, man wuerde Patienten mit kleineren Problemen diskriminieren und ihnen das Geguehl geben dass sie weniger Beruecksichtigt werden als Patienten mit schlimmeren Problemen '}]"
158,1533,1,Aber das koennte wiederum den als stressig gesehenen Pflegeverug attraktiver machen ,['Z.P1-1-1'],MEDAI,"[['Greeting_Message'], ['Z.P5'], ['intro_26', 'Z.P1', 'intro_49', 'Z.P1-1']]","[1, 183, 418, 945, 1151, 1429, 2934, 2935, 2936, 2937, 2938, 2939, 2940, 2941, 2942, 2943, 2944, 2945, 2946, 2947, 2948, 2949, 2950, 2951, 2952, 2953, 2954, 2955]",852,9138,90.67629678266579,28,28,0.029799721947354956,"[{'id': 1, 'label': 'Z.P1-1-1', 'text': 'werden dann Krankenpfleger besser bezahlt?'}, {'id': 5, 'label': 'Z.P4-1', 'text': 'Aber ist es realistisch, dass das Gesundheitssystem besser finanziert wird bevor eine medKI in der Lage ist fundierte Entscheidungen zu treffen?'}, {'id': 8, 'label': 'Z.P1', 'text': 'Der Trend geht ohnehin weg von kleinen Landarztpraxen und hin zu medizinischen Versorgungszentren'}, {'id': 12, 'label': 'Z.P4', 'text': 'Die MedKI kann unterstuetzen, den Mangel an Aerzten entgegenzuwirken. Durch den demographischen Wandel wird es mehr kranke und alte Menschen geben. Dadurch brauchen wir mehr Aerzte'}, {'id': 24, 'label': 'Z.P1', 'text': 'Aerzte sind doch auch Rund um die Uhr erreichbar?! Dafuer werden Sie auch dementsprechend bezahlt. Auf dem Land natuerlich nicht, aber eine KI koennte auch nicht ohne Beaufsichtigung das Krankenhaus leiten'}, {'id': 83, 'label': 'Z.P4-1', 'text': 'Dann sollen die Unis mehr Medizin Plaetze anbieten dann gibt es mehr Aerzte '}, {'id': 100, 'label': 'Z.P1', 'text': 'Mit medKI gibt es immerhin genug Aerztinnen, die jetzt fehlen?'}, {'id': 103, 'label': 'Z.P1-1', 'text': 'Personal wird dann trotzdem benoetigt '}, {'id': 108, 'label': 'Z.P4-1', 'text': 'Man koennte auch das Medizin Studium zugaenglicher machen'}, {'id': 109, 'label': 'Z.P4-1', 'text': 'Anstelle der KI kann man auch das Medizin Studium zugaenglicher machen'}]"
159,1536,1,Das koennte man aber durch Weiterentwicklung ergaenzen ,['Z.K4-1'],MEDAI,"[['Greeting_Message'], ['Z.P5'], ['intro_26', 'Z.P1', 'intro_49', 'Z.P1-1'], ['Z.P1-1-1'], ['intro_24', 'Z.P1-1-1', 'intro_6', 'z_trans_16', 'Z.K8'], ['Z.P5-1'], ['Z.K8-2'], ['Z.K18'], ['intro_26', 'Z.K15-1', 'intro_6', 'z_trans_12', 'Z.K2']]","[217, 268, 484, 1154, 1262, 1375, 1418, 3462, 3463, 3464, 3465, 3466, 3467, 3468, 3469, 3470, 3471, 3472, 3473, 3474, 3475, 3476, 3477, 3478, 3479, 3480, 3481, 3482, 3483]",819,9138,91.03742613263296,29,29,0.03223547445477846,"[{'id': 6, 'label': 'Z.K6', 'text': 'Medizin ist ein aeusserst komplexes Tehemengebiet. Die Behandlung von Patienten erfordert Erfahrung und ist aeusserst Vielschichtig'}, {'id': 9, 'label': 'Z.K2', 'text': 'Andererseits hat sie ein sehr begrenztes Repertoire, denn anders als ein Mensch kommt MedKI nicht ueber ihre standardisierten Handlungsweisen hinaus'}, {'id': 10, 'label': 'Z.K6', 'text': 'Nein, ich bezihe mich nicht auf Fehler, sondern auf eine begrenzte, eindimensionale Handlungsfaehigkeit '}, {'id': 52, 'label': 'Z.K2', 'text': 'Zu viele Krankheiten moeglich'}, {'id': 53, 'label': 'Z.K4', 'text': 'Systemfehler'}, {'id': 71, 'label': 'Z.K2', 'text': 'Eine KI handelt immer nach der theoretisch besten Loesung, allerdings ist diese nicht immer moralisch Vertretbar '}, {'id': 101, 'label': 'Z.K2', 'text': 'Mir ist bewusst das ein MedKi nicht alle Lebensumstaende der Patientinnen in die Untersuchung mit einbeziehen'}, {'id': 111, 'label': 'Z.K6', 'text': 'Ueber Neueste Diagnostik und Therapie verfuegen Aerztinnen in der Regel auch '}, {'id': 129, 'label': 'Z.K15-1', 'text': 'Aerztinnen sind menschlich und machen Fehler, siehst du das auch so?'}, {'id': 150, 'label': 'Z.K2', 'text': 'Da die Med-KI keine individuellen Diagnosen stellen kann, sondern anhand von Lehrbuchangaben agiert und das Verhalten und die Aussagen der patient*innen nur objektiv betrachtet'}]"
160,1545,1,"Okay, vielleicht sollte KI eher als Unterstuetzung dienen ",['NZ.K10'],MEDAI,"[['Greeting_Message'], ['OTHER'], ['Z.P6', 'Z.K1'], ['Z.P1'], ['NZ.K10']]","[21, 22, 99, 140, 141, 175, 176, 177, 178, 190, 191, 196, 200, 201, 210, 219, 272, 285, 312, 331, 332, 333, 335, 351, 385, 404, 412, 413, 420, 421, 423, 434, 477, 480, 499, 510, 512, 521, 522, 529, 589, 592, 601, 690, 696, 702, 724, 725, 747, 748, 753, 757, 796, 797, 811, 821, 867, 871, 878, 881, 884, 898, 899, 920, 921, 922, 940, 941, 948, 963, 969, 970, 998, 1012, 1018, 1019, 1046, 1048, 1065, 1114, 1116, 1146, 1161, 1163, 1198, 1213, 1214, 1231, 1241, 1248, 1271, 1274, 1278, 1291, 1293, 1301, 1303, 1304, 1310, 1334, 1342, 1347, 1355, 1358, 1365, 1366, 1462, 1484, 1493, 1501, 1502, 4331, 4332, 4333, 4334, 4335, 4336, 4337, 4338, 4339, 4340, 4341, 4342, 4343, 4344, 4345, 4346, 4347, 4348, 4349, 4350, 4351, 4352]",357,9138,96.09323703217333,133,133,0.35799441247280267,"[{'id': 21, 'label': 'NZ.K10', 'text': 'KIs koennen bei der Behandlung objektiv die besten Entscheidungen treffen, doch das allein ist nicht genug um mit einem Arzt gleichgestellt zu werden. Was jedoch eine gute Loesung waere, ist dass beide zusammen arbeiten.'}, {'id': 22, 'label': 'NZ.K10', 'text': 'Die KIs sollten keine Einschraenkungen im Sinn von Behandlugsmoeglichkeiten haben, jedoch sollten die Aerzte die Leitung der Behandlung uebernehmen koennen um so Fehler der KI zu stoppen.'}, {'id': 59, 'label': 'NZ.K4', 'text': 'Hoher Energieverbrauch '}, {'id': 99, 'label': 'NZ.K10', 'text': 'Waere eine Kombination von KI und Menschen nicht sinnvoller als eine Art Ersatz?'}, {'id': 140, 'label': 'NZ.K10', 'text': 'Deswegen wuerde ich eine KI nie als vollstaendigen Ersatz einsetzen, sondern eher ergaenzend'}, {'id': 141, 'label': 'NZ.K10', 'text': 'Nicht die KI alleine sollte Diagnosen stellen, sondern auch Fachpersonal sollte gegebenenfalls zur Verfuegung stehen'}, {'id': 175, 'label': 'NZ.K10', 'text': 'Als zusaetzliche Hilfe vielleicht, aber ich stimme nicht zu, dass es ausschliesslich medKIs geben sollte'}, {'id': 176, 'label': 'NZ.K10', 'text': 'MedKIs koennten als Unterstuetzung dienen, aber nicht als Arztersatz'}, {'id': 177, 'label': 'NZ.K10', 'text': 'Es hat bisher geklappt. Also warum sollte man alles auf KIs umruesten? '}, {'id': 178, 'label': 'NZ.K10', 'text': 'Bisher haben Aerzte ihre Arbeit geleistet und das passend. Ich sehe keine 100%ige Noetigkeit dies auf ausschliesslich KIs umzuruesten. '}]"
161,1567,2,"Das ist vielleicht der Fall, aber die symptome des Patienten muessen trotzdem korrekt aufgenommen werden, was von einer KI nicht gewaehrleistet werden kann",['Z.K18'],MEDAI,"[['Greeting_Message'], ['Z.K18'], ['intro_24', 'Z.K18', 'intro_50', 'Z.K18-1']]","[330, 349, 350, 432, 712, 1015, 1153, 1175, 1176, 1210, 1238, 1276, 1282, 1285, 1297, 1322, 1446, 3572, 3573, 3574, 3575, 3576, 3577, 3578, 3579, 3580, 3581, 3582, 3583, 3584, 3585, 3586, 3587, 3588, 3589, 3590, 3591, 3592, 3593]",819,9138,91.03742613263296,39,39,0.04335115530125379,"[{'id': 6, 'label': 'Z.K6', 'text': 'Medizin ist ein aeusserst komplexes Tehemengebiet. Die Behandlung von Patienten erfordert Erfahrung und ist aeusserst Vielschichtig'}, {'id': 9, 'label': 'Z.K2', 'text': 'Andererseits hat sie ein sehr begrenztes Repertoire, denn anders als ein Mensch kommt MedKI nicht ueber ihre standardisierten Handlungsweisen hinaus'}, {'id': 10, 'label': 'Z.K6', 'text': 'Nein, ich bezihe mich nicht auf Fehler, sondern auf eine begrenzte, eindimensionale Handlungsfaehigkeit '}, {'id': 52, 'label': 'Z.K2', 'text': 'Zu viele Krankheiten moeglich'}, {'id': 53, 'label': 'Z.K4', 'text': 'Systemfehler'}, {'id': 71, 'label': 'Z.K2', 'text': 'Eine KI handelt immer nach der theoretisch besten Loesung, allerdings ist diese nicht immer moralisch Vertretbar '}, {'id': 101, 'label': 'Z.K2', 'text': 'Mir ist bewusst das ein MedKi nicht alle Lebensumstaende der Patientinnen in die Untersuchung mit einbeziehen'}, {'id': 111, 'label': 'Z.K6', 'text': 'Ueber Neueste Diagnostik und Therapie verfuegen Aerztinnen in der Regel auch '}, {'id': 129, 'label': 'Z.K15-1', 'text': 'Aerztinnen sind menschlich und machen Fehler, siehst du das auch so?'}, {'id': 150, 'label': 'Z.K2', 'text': 'Da die Med-KI keine individuellen Diagnosen stellen kann, sondern anhand von Lehrbuchangaben agiert und das Verhalten und die Aussagen der patient*innen nur objektiv betrachtet'}]"
162,1569,2,"Patienten koennen manchmal eigene Symptome nicht korrekt beschreiben und brauchen Hilfe von Aerzten sich zu aeussern, das kann eine KI nicht. Es fehlt das Einfuehlungsvermoegen, das Verstaendnis um eine Diagnose zu erstellen",['Z.K7'],MEDAI,"[['Greeting_Message'], ['Z.K18'], ['intro_24', 'Z.K18', 'intro_50', 'Z.K18-1'], ['Z.K18'], ['Z.K6'], ['Z.K1'], ['intro_27', 'Z.K1', 'intro_55', 'Z.K1-1']]","[11, 20, 30, 50, 81, 102, 130, 133, 168, 189, 230, 236, 279, 284, 287, 288, 290, 326, 377, 387, 409, 487, 492, 535, 572, 608, 633, 656, 684, 685, 686, 688, 689, 717, 762, 803, 805, 809, 817, 820, 841, 850, 857, 866, 876, 877, 880, 882, 887, 953, 991, 1013, 1041, 1042, 1120, 1178, 1188, 1189, 1228, 1229, 1287, 1316, 1392, 1444, 3844, 3845, 3846, 3847, 3848, 3849, 3850, 3851, 3852, 3853, 3854, 3855, 3856, 3857, 3858, 3859, 3860, 3861, 3862, 3863, 3864, 3865]",1251,9138,86.30991464215364,86,86,0.0593337542703854,"[{'id': 0, 'label': 'Z.K1', 'text': 'Ein bot kannzwischenmaennschliche Interaktion nicht ersetzen '}, {'id': 7, 'label': 'Z.K1', 'text': 'Nein, medizinische Behandlung sollte meiner Meinung nach auf persoenlicher Ebene stattfinden, denn viele Krankeiten nur durch ausfuehrliche Anamnese aufgedeckt werden koennen und zum Teil psychologisch behaftet sind'}, {'id': 11, 'label': 'Z.K7', 'text': 'Ein Menscv kann interagieren und auf andere Menschen eingehen. Wie man an dir merkt, kann da KI nicht'}, {'id': 20, 'label': 'Z.K7', 'text': 'Um Patienten richtig behandeln zu koennen, muss der Arzt wichtige Entscheidungen treffen, welche womoeglich ueber Leben und Tod entscheiden. Dazu ist nur ein Mensch in der Lage, welcher sich in die Lage des Patienten versetzen kann.'}, {'id': 23, 'label': 'Z.K10', 'text': 'Das aendert jedoch nichts daran, dass viele Patienten sich nicht von einer KI behandeln lassen wollen.'}, {'id': 26, 'label': 'Z.K1', 'text': 'Der Persoenliche Kontakt zwischen dem Artzt und dem Patienten ist sehr wichtig, sowohl fuer Artzt als auch Patient. Der Patient kommt sich nicht so vor wie in einem Fastfood Resturant in dem er nur abgefertigt wird sondern mit einem richtigen Menschen als gegen ueber fuehlt er sich Wertgeschaetzt und versorgt, was auch positiv zur Heiling beitragen kann'}, {'id': 27, 'label': 'Z.K1', 'text': 'Eine KI kann aber niemals einen Menschen ersetzten egal wie gut programmiert sie ist, sie wird nie die Menschliche Fuersorge ersetzten koennen'}, {'id': 28, 'label': 'Z.K1', 'text': 'Selbst wenn die KI ausgebildet ist um auch emotional fuer den Menschen zu sorgen, so ist das nicht die selbe Fuersorge und emotionale Bindung wie sie zwischen zwei Menschen entstehen kann. Niemand wird jemals ein Geraet als Bezugs Person sehen da fehlen die echten Gefuehle und selbst gemachte Erfahrungen aus der Realen Welt '}, {'id': 30, 'label': 'Z.K7', 'text': 'Sie kann zwar lernen weiss aber nicht das fehl Entscheidungen auch eine emotionale Erfahrung mit sich bringen welche wichtig sind fuer die Ethik eines Mediziners und Grundlegend zur Entwichlung eines guten Artztes '}, {'id': 31, 'label': 'Z.K1', 'text': 'Das ist ja noch schlechter, man wuerde Patienten mit kleineren Problemen diskriminieren und ihnen das Geguehl geben dass sie weniger Beruecksichtigt werden als Patienten mit schlimmeren Problemen '}]"
163,1570,2,"Das heisst es waere besser, mehr Aerzte auszubilden anstatt eine KI die nicht ueber das noetige Einfuehlungsvermoegen verfuegt zu erstellen und ein system darum herum zu bauen?",['Z.K7-1'],MEDAI,"[['Greeting_Message'], ['Z.K18'], ['intro_24', 'Z.K18', 'intro_50', 'Z.K18-1'], ['Z.K18'], ['Z.K6'], ['Z.K1'], ['intro_27', 'Z.K1', 'intro_55', 'Z.K1-1'], ['Z.K7'], ['intro_28', 'Z.K5', 'intro_55', 'Z.K5-1']]","[186, 403, 783, 954, 1179, 1259, 1373, 3866, 3867, 3868, 3869, 3870, 3871, 3872, 3873, 3874, 3875, 3876, 3877, 3878, 3879, 3880, 3881, 3882, 3883, 3884, 3885, 3886, 3887]",1251,9138,86.30991464215364,29,29,0.020007893881874145,"[{'id': 0, 'label': 'Z.K1', 'text': 'Ein bot kannzwischenmaennschliche Interaktion nicht ersetzen '}, {'id': 7, 'label': 'Z.K1', 'text': 'Nein, medizinische Behandlung sollte meiner Meinung nach auf persoenlicher Ebene stattfinden, denn viele Krankeiten nur durch ausfuehrliche Anamnese aufgedeckt werden koennen und zum Teil psychologisch behaftet sind'}, {'id': 11, 'label': 'Z.K7', 'text': 'Ein Menscv kann interagieren und auf andere Menschen eingehen. Wie man an dir merkt, kann da KI nicht'}, {'id': 20, 'label': 'Z.K7', 'text': 'Um Patienten richtig behandeln zu koennen, muss der Arzt wichtige Entscheidungen treffen, welche womoeglich ueber Leben und Tod entscheiden. Dazu ist nur ein Mensch in der Lage, welcher sich in die Lage des Patienten versetzen kann.'}, {'id': 23, 'label': 'Z.K10', 'text': 'Das aendert jedoch nichts daran, dass viele Patienten sich nicht von einer KI behandeln lassen wollen.'}, {'id': 26, 'label': 'Z.K1', 'text': 'Der Persoenliche Kontakt zwischen dem Artzt und dem Patienten ist sehr wichtig, sowohl fuer Artzt als auch Patient. Der Patient kommt sich nicht so vor wie in einem Fastfood Resturant in dem er nur abgefertigt wird sondern mit einem richtigen Menschen als gegen ueber fuehlt er sich Wertgeschaetzt und versorgt, was auch positiv zur Heiling beitragen kann'}, {'id': 27, 'label': 'Z.K1', 'text': 'Eine KI kann aber niemals einen Menschen ersetzten egal wie gut programmiert sie ist, sie wird nie die Menschliche Fuersorge ersetzten koennen'}, {'id': 28, 'label': 'Z.K1', 'text': 'Selbst wenn die KI ausgebildet ist um auch emotional fuer den Menschen zu sorgen, so ist das nicht die selbe Fuersorge und emotionale Bindung wie sie zwischen zwei Menschen entstehen kann. Niemand wird jemals ein Geraet als Bezugs Person sehen da fehlen die echten Gefuehle und selbst gemachte Erfahrungen aus der Realen Welt '}, {'id': 30, 'label': 'Z.K7', 'text': 'Sie kann zwar lernen weiss aber nicht das fehl Entscheidungen auch eine emotionale Erfahrung mit sich bringen welche wichtig sind fuer die Ethik eines Mediziners und Grundlegend zur Entwichlung eines guten Artztes '}, {'id': 31, 'label': 'Z.K1', 'text': 'Das ist ja noch schlechter, man wuerde Patienten mit kleineren Problemen diskriminieren und ihnen das Geguehl geben dass sie weniger Beruecksichtigt werden als Patienten mit schlimmeren Problemen '}]"
164,1572,1,"Letztlich sollte das wichtigste Kriterium bei der ethischen Beurteilung das Wohlbefinden und die Gesundheit des Patienten sein, sodass eine KI, die weniger Fehler macht, einem Arzt, der deutlich fehlerhaftere Entscheidungen trifft, vorzuziehen ist.",['Z.K15-1'],MEDAI,"[['Greeting_Message'], ['Z.K6-1'], ['Z.K6']]","[129, 187, 215, 216, 481, 678, 695, 807, 931, 947, 1105, 1181, 1182, 1183, 1215, 1216, 3550, 3551, 3552, 3553, 3554, 3555, 3556, 3557, 3558, 3559, 3560, 3561, 3562, 3563, 3564, 3565, 3566, 3567, 3568, 3569, 3570, 3571]",819,9138,91.03742613263296,38,38,0.042239587216606256,"[{'id': 6, 'label': 'Z.K6', 'text': 'Medizin ist ein aeusserst komplexes Tehemengebiet. Die Behandlung von Patienten erfordert Erfahrung und ist aeusserst Vielschichtig'}, {'id': 9, 'label': 'Z.K2', 'text': 'Andererseits hat sie ein sehr begrenztes Repertoire, denn anders als ein Mensch kommt MedKI nicht ueber ihre standardisierten Handlungsweisen hinaus'}, {'id': 10, 'label': 'Z.K6', 'text': 'Nein, ich bezihe mich nicht auf Fehler, sondern auf eine begrenzte, eindimensionale Handlungsfaehigkeit '}, {'id': 52, 'label': 'Z.K2', 'text': 'Zu viele Krankheiten moeglich'}, {'id': 53, 'label': 'Z.K4', 'text': 'Systemfehler'}, {'id': 71, 'label': 'Z.K2', 'text': 'Eine KI handelt immer nach der theoretisch besten Loesung, allerdings ist diese nicht immer moralisch Vertretbar '}, {'id': 101, 'label': 'Z.K2', 'text': 'Mir ist bewusst das ein MedKi nicht alle Lebensumstaende der Patientinnen in die Untersuchung mit einbeziehen'}, {'id': 111, 'label': 'Z.K6', 'text': 'Ueber Neueste Diagnostik und Therapie verfuegen Aerztinnen in der Regel auch '}, {'id': 129, 'label': 'Z.K15-1', 'text': 'Aerztinnen sind menschlich und machen Fehler, siehst du das auch so?'}, {'id': 150, 'label': 'Z.K2', 'text': 'Da die Med-KI keine individuellen Diagnosen stellen kann, sondern anhand von Lehrbuchangaben agiert und das Verhalten und die Aussagen der patient*innen nur objektiv betrachtet'}]"
165,1573,1,"Aus meiner Sicht als Patient finde ich es vertretbarer, wenn eine Maschine mit hoeherer Wahrscheinlichkeit eine richtige Diagnose und Behandlung findet als wenn ein Arzt falsch diagnostiziert oder behandelt. Der Arzt wuerde zwar die Verantwortung dafuer tragen, meine Gesundheit ist dann trotzdem geschaedigt. Ich faende es daher unvertretbar schlechtere Verfahren zu verwenden, obwohl zuverlaessigere Verfahren existieren.",['Z.K15-1'],MEDAI,"[['Greeting_Message'], ['Z.K6-1'], ['Z.K6'], ['Z.K15-1'], ['CONSENT', 'Z.K15-1', 'Z.K3', 'Z.K1', 'Z.K3']]","[129, 187, 215, 216, 481, 678, 695, 807, 931, 947, 1105, 1181, 1182, 1183, 1215, 1216, 3550, 3551, 3552, 3553, 3554, 3555, 3556, 3557, 3558, 3559, 3560, 3561, 3562, 3563, 3564, 3565, 3566, 3567, 3568, 3569, 3570, 3571]",2070,9138,77.3473407747866,38,38,0.014199028741265173,"[{'id': 0, 'label': 'Z.K1', 'text': 'Ein bot kannzwischenmaennschliche Interaktion nicht ersetzen '}, {'id': 6, 'label': 'Z.K6', 'text': 'Medizin ist ein aeusserst komplexes Tehemengebiet. Die Behandlung von Patienten erfordert Erfahrung und ist aeusserst Vielschichtig'}, {'id': 7, 'label': 'Z.K1', 'text': 'Nein, medizinische Behandlung sollte meiner Meinung nach auf persoenlicher Ebene stattfinden, denn viele Krankeiten nur durch ausfuehrliche Anamnese aufgedeckt werden koennen und zum Teil psychologisch behaftet sind'}, {'id': 9, 'label': 'Z.K2', 'text': 'Andererseits hat sie ein sehr begrenztes Repertoire, denn anders als ein Mensch kommt MedKI nicht ueber ihre standardisierten Handlungsweisen hinaus'}, {'id': 10, 'label': 'Z.K6', 'text': 'Nein, ich bezihe mich nicht auf Fehler, sondern auf eine begrenzte, eindimensionale Handlungsfaehigkeit '}, {'id': 11, 'label': 'Z.K7', 'text': 'Ein Menscv kann interagieren und auf andere Menschen eingehen. Wie man an dir merkt, kann da KI nicht'}, {'id': 20, 'label': 'Z.K7', 'text': 'Um Patienten richtig behandeln zu koennen, muss der Arzt wichtige Entscheidungen treffen, welche womoeglich ueber Leben und Tod entscheiden. Dazu ist nur ein Mensch in der Lage, welcher sich in die Lage des Patienten versetzen kann.'}, {'id': 23, 'label': 'Z.K10', 'text': 'Das aendert jedoch nichts daran, dass viele Patienten sich nicht von einer KI behandeln lassen wollen.'}, {'id': 26, 'label': 'Z.K1', 'text': 'Der Persoenliche Kontakt zwischen dem Artzt und dem Patienten ist sehr wichtig, sowohl fuer Artzt als auch Patient. Der Patient kommt sich nicht so vor wie in einem Fastfood Resturant in dem er nur abgefertigt wird sondern mit einem richtigen Menschen als gegen ueber fuehlt er sich Wertgeschaetzt und versorgt, was auch positiv zur Heiling beitragen kann'}, {'id': 27, 'label': 'Z.K1', 'text': 'Eine KI kann aber niemals einen Menschen ersetzten egal wie gut programmiert sie ist, sie wird nie die Menschliche Fuersorge ersetzten koennen'}]"
166,1576,1,"Wenn Aerzte deutlich schlechter werden als medizinische KI ist ihr Beruf vielleicht einfach obsolet geworden. Wenn Maschinen besser sind als Menschen ersetzen sie oft den entsprechenden Berufszweig. Diese Entwicklung existiert bereits seit der Industrialisierung. Es waere dann geradezu unethisch die schlechtere Methode weiter zum Einsatz zu bringen. Gleichzeitig duerfen natuerlich nicht Aerzte, die nicht ersetzt werden koennen, wie Chirurgen, ihre Faehigkeiten verlieren. In der Diagnostik sehe ich diese Gefahr allerdings nicht.",['Z.K8-1'],MEDAI,"[['Greeting_Message'], ['Z.K6-1'], ['Z.K6'], ['Z.K15-1'], ['CONSENT', 'Z.K15-1', 'Z.K3', 'Z.K1', 'Z.K3'], ['Z.K15-1'], ['CONSENT', 'Z.K16', 'Z.K11'], ['Z.K15-1', 'Z.P5'], ['CONSENT', 'Z.GK21', 'Z.P3-2'], ['Z.P1'], ['CONSENT', 'Z.K11', 'Z.K16']]","[662, 863, 1106, 1186, 1290, 3242, 3243, 3244, 3245, 3246, 3247, 3248, 3249, 3250, 3251, 3252, 3253, 3254, 3255, 3256, 3257, 3258, 3259, 3260, 3261, 3262, 3263]",1646,9138,81.98730575618298,27,27,0.01344870750557072,"[{'id': 0, 'label': 'Z.K1', 'text': 'Ein bot kannzwischenmaennschliche Interaktion nicht ersetzen '}, {'id': 7, 'label': 'Z.K1', 'text': 'Nein, medizinische Behandlung sollte meiner Meinung nach auf persoenlicher Ebene stattfinden, denn viele Krankeiten nur durch ausfuehrliche Anamnese aufgedeckt werden koennen und zum Teil psychologisch behaftet sind'}, {'id': 11, 'label': 'Z.K7', 'text': 'Ein Menscv kann interagieren und auf andere Menschen eingehen. Wie man an dir merkt, kann da KI nicht'}, {'id': 20, 'label': 'Z.K7', 'text': 'Um Patienten richtig behandeln zu koennen, muss der Arzt wichtige Entscheidungen treffen, welche womoeglich ueber Leben und Tod entscheiden. Dazu ist nur ein Mensch in der Lage, welcher sich in die Lage des Patienten versetzen kann.'}, {'id': 23, 'label': 'Z.K10', 'text': 'Das aendert jedoch nichts daran, dass viele Patienten sich nicht von einer KI behandeln lassen wollen.'}, {'id': 26, 'label': 'Z.K1', 'text': 'Der Persoenliche Kontakt zwischen dem Artzt und dem Patienten ist sehr wichtig, sowohl fuer Artzt als auch Patient. Der Patient kommt sich nicht so vor wie in einem Fastfood Resturant in dem er nur abgefertigt wird sondern mit einem richtigen Menschen als gegen ueber fuehlt er sich Wertgeschaetzt und versorgt, was auch positiv zur Heiling beitragen kann'}, {'id': 27, 'label': 'Z.K1', 'text': 'Eine KI kann aber niemals einen Menschen ersetzten egal wie gut programmiert sie ist, sie wird nie die Menschliche Fuersorge ersetzten koennen'}, {'id': 28, 'label': 'Z.K1', 'text': 'Selbst wenn die KI ausgebildet ist um auch emotional fuer den Menschen zu sorgen, so ist das nicht die selbe Fuersorge und emotionale Bindung wie sie zwischen zwei Menschen entstehen kann. Niemand wird jemals ein Geraet als Bezugs Person sehen da fehlen die echten Gefuehle und selbst gemachte Erfahrungen aus der Realen Welt '}, {'id': 30, 'label': 'Z.K7', 'text': 'Sie kann zwar lernen weiss aber nicht das fehl Entscheidungen auch eine emotionale Erfahrung mit sich bringen welche wichtig sind fuer die Ethik eines Mediziners und Grundlegend zur Entwichlung eines guten Artztes '}, {'id': 31, 'label': 'Z.K1', 'text': 'Das ist ja noch schlechter, man wuerde Patienten mit kleineren Problemen diskriminieren und ihnen das Geguehl geben dass sie weniger Beruecksichtigt werden als Patienten mit schlimmeren Problemen '}]"
167,1577,1,"Es gibt andere Berufszweige, wie etwa Psychologen, deren Ausbildung noch staerker auf die Patientenkommunikation ausgerichtet ist. Diese koennten die Kommunikationsaufgaben und Beratung uebernehmen. ",['Z.K1-1'],MEDAI,"[['Greeting_Message'], ['Z.K6-1'], ['Z.K6'], ['Z.K15-1'], ['CONSENT', 'Z.K15-1', 'Z.K3', 'Z.K1', 'Z.K3'], ['Z.K15-1'], ['CONSENT', 'Z.K16', 'Z.K11'], ['Z.K15-1', 'Z.P5'], ['CONSENT', 'Z.GK21', 'Z.P3-2'], ['Z.P1'], ['CONSENT', 'Z.K11', 'Z.K16'], ['Z.K8-1'], ['Z.K1', 'NZ.K3']]","[116, 791, 1187, 1260, 1372, 3352, 3353, 3354, 3355, 3356, 3357, 3358, 3359, 3360, 3361, 3362, 3363, 3364, 3365, 3366, 3367, 3368, 3369, 3370, 3371, 3372, 3373]",1608,9138,82.40315167432699,27,27,0.01383635009456983,"[{'id': 0, 'label': 'Z.K1', 'text': 'Ein bot kannzwischenmaennschliche Interaktion nicht ersetzen '}, {'id': 7, 'label': 'Z.K1', 'text': 'Nein, medizinische Behandlung sollte meiner Meinung nach auf persoenlicher Ebene stattfinden, denn viele Krankeiten nur durch ausfuehrliche Anamnese aufgedeckt werden koennen und zum Teil psychologisch behaftet sind'}, {'id': 11, 'label': 'Z.K7', 'text': 'Ein Menscv kann interagieren und auf andere Menschen eingehen. Wie man an dir merkt, kann da KI nicht'}, {'id': 20, 'label': 'Z.K7', 'text': 'Um Patienten richtig behandeln zu koennen, muss der Arzt wichtige Entscheidungen treffen, welche womoeglich ueber Leben und Tod entscheiden. Dazu ist nur ein Mensch in der Lage, welcher sich in die Lage des Patienten versetzen kann.'}, {'id': 21, 'label': 'NZ.K10', 'text': 'KIs koennen bei der Behandlung objektiv die besten Entscheidungen treffen, doch das allein ist nicht genug um mit einem Arzt gleichgestellt zu werden. Was jedoch eine gute Loesung waere, ist dass beide zusammen arbeiten.'}, {'id': 22, 'label': 'NZ.K10', 'text': 'Die KIs sollten keine Einschraenkungen im Sinn von Behandlugsmoeglichkeiten haben, jedoch sollten die Aerzte die Leitung der Behandlung uebernehmen koennen um so Fehler der KI zu stoppen.'}, {'id': 23, 'label': 'Z.K10', 'text': 'Das aendert jedoch nichts daran, dass viele Patienten sich nicht von einer KI behandeln lassen wollen.'}, {'id': 26, 'label': 'Z.K1', 'text': 'Der Persoenliche Kontakt zwischen dem Artzt und dem Patienten ist sehr wichtig, sowohl fuer Artzt als auch Patient. Der Patient kommt sich nicht so vor wie in einem Fastfood Resturant in dem er nur abgefertigt wird sondern mit einem richtigen Menschen als gegen ueber fuehlt er sich Wertgeschaetzt und versorgt, was auch positiv zur Heiling beitragen kann'}, {'id': 27, 'label': 'Z.K1', 'text': 'Eine KI kann aber niemals einen Menschen ersetzten egal wie gut programmiert sie ist, sie wird nie die Menschliche Fuersorge ersetzten koennen'}, {'id': 28, 'label': 'Z.K1', 'text': 'Selbst wenn die KI ausgebildet ist um auch emotional fuer den Menschen zu sorgen, so ist das nicht die selbe Fuersorge und emotionale Bindung wie sie zwischen zwei Menschen entstehen kann. Niemand wird jemals ein Geraet als Bezugs Person sehen da fehlen die echten Gefuehle und selbst gemachte Erfahrungen aus der Realen Welt '}]"
168,1579,2,"Ich denke allerdings, dass emotionale Gruende bei medizinischen Entscheidungen wichtig werden koennen, da je nach Therapie andere Belastung fuer die Menschen passieren ",['Z.K7'],MEDAI,"[['Greeting_Message'], ['Z.K7'], ['Z.K1-1']]","[11, 20, 30, 50, 81, 102, 130, 133, 168, 189, 230, 236, 279, 284, 287, 288, 290, 326, 377, 387, 409, 487, 492, 535, 572, 608, 633, 656, 684, 685, 686, 688, 689, 717, 762, 803, 805, 809, 817, 820, 841, 850, 857, 866, 876, 877, 880, 882, 887, 953, 991, 1013, 1041, 1042, 1120, 1178, 1188, 1189, 1228, 1229, 1287, 1316, 1392, 1444, 3844, 3845, 3846, 3847, 3848, 3849, 3850, 3851, 3852, 3853, 3854, 3855, 3856, 3857, 3858, 3859, 3860, 3861, 3862, 3863, 3864, 3865]",1251,9138,86.30991464215364,86,86,0.0593337542703854,"[{'id': 0, 'label': 'Z.K1', 'text': 'Ein bot kannzwischenmaennschliche Interaktion nicht ersetzen '}, {'id': 7, 'label': 'Z.K1', 'text': 'Nein, medizinische Behandlung sollte meiner Meinung nach auf persoenlicher Ebene stattfinden, denn viele Krankeiten nur durch ausfuehrliche Anamnese aufgedeckt werden koennen und zum Teil psychologisch behaftet sind'}, {'id': 11, 'label': 'Z.K7', 'text': 'Ein Menscv kann interagieren und auf andere Menschen eingehen. Wie man an dir merkt, kann da KI nicht'}, {'id': 20, 'label': 'Z.K7', 'text': 'Um Patienten richtig behandeln zu koennen, muss der Arzt wichtige Entscheidungen treffen, welche womoeglich ueber Leben und Tod entscheiden. Dazu ist nur ein Mensch in der Lage, welcher sich in die Lage des Patienten versetzen kann.'}, {'id': 23, 'label': 'Z.K10', 'text': 'Das aendert jedoch nichts daran, dass viele Patienten sich nicht von einer KI behandeln lassen wollen.'}, {'id': 26, 'label': 'Z.K1', 'text': 'Der Persoenliche Kontakt zwischen dem Artzt und dem Patienten ist sehr wichtig, sowohl fuer Artzt als auch Patient. Der Patient kommt sich nicht so vor wie in einem Fastfood Resturant in dem er nur abgefertigt wird sondern mit einem richtigen Menschen als gegen ueber fuehlt er sich Wertgeschaetzt und versorgt, was auch positiv zur Heiling beitragen kann'}, {'id': 27, 'label': 'Z.K1', 'text': 'Eine KI kann aber niemals einen Menschen ersetzten egal wie gut programmiert sie ist, sie wird nie die Menschliche Fuersorge ersetzten koennen'}, {'id': 28, 'label': 'Z.K1', 'text': 'Selbst wenn die KI ausgebildet ist um auch emotional fuer den Menschen zu sorgen, so ist das nicht die selbe Fuersorge und emotionale Bindung wie sie zwischen zwei Menschen entstehen kann. Niemand wird jemals ein Geraet als Bezugs Person sehen da fehlen die echten Gefuehle und selbst gemachte Erfahrungen aus der Realen Welt '}, {'id': 30, 'label': 'Z.K7', 'text': 'Sie kann zwar lernen weiss aber nicht das fehl Entscheidungen auch eine emotionale Erfahrung mit sich bringen welche wichtig sind fuer die Ethik eines Mediziners und Grundlegend zur Entwichlung eines guten Artztes '}, {'id': 31, 'label': 'Z.K1', 'text': 'Das ist ja noch schlechter, man wuerde Patienten mit kleineren Problemen diskriminieren und ihnen das Geguehl geben dass sie weniger Beruecksichtigt werden als Patienten mit schlimmeren Problemen '}]"
169,1580,2,"Okay, ich sehe eine weitere Schwierigkeit in der Frage nach der Verantwortung . Was passiert wenn etwas schief laeuft und es auf den Therapieansatz zurueckzufuehren ist?",['Z.K3'],MEDAI,"[['Greeting_Message'], ['Z.K7'], ['Z.K1-1'], ['Z.K7'], ['Z.K5-1']]","[232, 237, 357, 358, 359, 375, 381, 383, 386, 430, 485, 486, 552, 590, 591, 710, 750, 767, 886, 905, 907, 968, 992, 1003, 1047, 1190, 1243, 1244, 1246, 1312, 1319, 3616, 3617, 3618, 3619, 3620, 3621, 3622, 3623, 3624, 3625, 3626, 3627, 3628, 3629, 3630, 3631, 3632, 3633, 3634, 3635, 3636, 3637]",1251,9138,86.30991464215364,53,53,0.0365661508875631,"[{'id': 0, 'label': 'Z.K1', 'text': 'Ein bot kannzwischenmaennschliche Interaktion nicht ersetzen '}, {'id': 7, 'label': 'Z.K1', 'text': 'Nein, medizinische Behandlung sollte meiner Meinung nach auf persoenlicher Ebene stattfinden, denn viele Krankeiten nur durch ausfuehrliche Anamnese aufgedeckt werden koennen und zum Teil psychologisch behaftet sind'}, {'id': 11, 'label': 'Z.K7', 'text': 'Ein Menscv kann interagieren und auf andere Menschen eingehen. Wie man an dir merkt, kann da KI nicht'}, {'id': 20, 'label': 'Z.K7', 'text': 'Um Patienten richtig behandeln zu koennen, muss der Arzt wichtige Entscheidungen treffen, welche womoeglich ueber Leben und Tod entscheiden. Dazu ist nur ein Mensch in der Lage, welcher sich in die Lage des Patienten versetzen kann.'}, {'id': 23, 'label': 'Z.K10', 'text': 'Das aendert jedoch nichts daran, dass viele Patienten sich nicht von einer KI behandeln lassen wollen.'}, {'id': 26, 'label': 'Z.K1', 'text': 'Der Persoenliche Kontakt zwischen dem Artzt und dem Patienten ist sehr wichtig, sowohl fuer Artzt als auch Patient. Der Patient kommt sich nicht so vor wie in einem Fastfood Resturant in dem er nur abgefertigt wird sondern mit einem richtigen Menschen als gegen ueber fuehlt er sich Wertgeschaetzt und versorgt, was auch positiv zur Heiling beitragen kann'}, {'id': 27, 'label': 'Z.K1', 'text': 'Eine KI kann aber niemals einen Menschen ersetzten egal wie gut programmiert sie ist, sie wird nie die Menschliche Fuersorge ersetzten koennen'}, {'id': 28, 'label': 'Z.K1', 'text': 'Selbst wenn die KI ausgebildet ist um auch emotional fuer den Menschen zu sorgen, so ist das nicht die selbe Fuersorge und emotionale Bindung wie sie zwischen zwei Menschen entstehen kann. Niemand wird jemals ein Geraet als Bezugs Person sehen da fehlen die echten Gefuehle und selbst gemachte Erfahrungen aus der Realen Welt '}, {'id': 30, 'label': 'Z.K7', 'text': 'Sie kann zwar lernen weiss aber nicht das fehl Entscheidungen auch eine emotionale Erfahrung mit sich bringen welche wichtig sind fuer die Ethik eines Mediziners und Grundlegend zur Entwichlung eines guten Artztes '}, {'id': 31, 'label': 'Z.K1', 'text': 'Das ist ja noch schlechter, man wuerde Patienten mit kleineren Problemen diskriminieren und ihnen das Geguehl geben dass sie weniger Beruecksichtigt werden als Patienten mit schlimmeren Problemen '}]"
170,1581,2,Das ist finde ich sehr schwierig da man gefuehlt einen Schuldigen finden muss beziehungsweise das Vertrauen in ein System sehr schnell faellt im Vergleich dazu kann man bei Menschen Fehler eher nachvollziehen und akzeptieren ,['Z.K12'],MEDAI,"[['Greeting_Message'], ['Z.K7'], ['Z.K1-1'], ['Z.K7'], ['Z.K5-1'], ['Z.K3'], ['Z.K3-2']]","[384, 658, 1191, 3748, 3749, 3750, 3751, 3752, 3753, 3754, 3755, 3756, 3757, 3758, 3759, 3760, 3761, 3762, 3763, 3764, 3765, 3766, 3767, 3768, 3769]",1251,9138,86.30991464215364,25,25,0.017248184380925985,"[{'id': 0, 'label': 'Z.K1', 'text': 'Ein bot kannzwischenmaennschliche Interaktion nicht ersetzen '}, {'id': 7, 'label': 'Z.K1', 'text': 'Nein, medizinische Behandlung sollte meiner Meinung nach auf persoenlicher Ebene stattfinden, denn viele Krankeiten nur durch ausfuehrliche Anamnese aufgedeckt werden koennen und zum Teil psychologisch behaftet sind'}, {'id': 11, 'label': 'Z.K7', 'text': 'Ein Menscv kann interagieren und auf andere Menschen eingehen. Wie man an dir merkt, kann da KI nicht'}, {'id': 20, 'label': 'Z.K7', 'text': 'Um Patienten richtig behandeln zu koennen, muss der Arzt wichtige Entscheidungen treffen, welche womoeglich ueber Leben und Tod entscheiden. Dazu ist nur ein Mensch in der Lage, welcher sich in die Lage des Patienten versetzen kann.'}, {'id': 23, 'label': 'Z.K10', 'text': 'Das aendert jedoch nichts daran, dass viele Patienten sich nicht von einer KI behandeln lassen wollen.'}, {'id': 26, 'label': 'Z.K1', 'text': 'Der Persoenliche Kontakt zwischen dem Artzt und dem Patienten ist sehr wichtig, sowohl fuer Artzt als auch Patient. Der Patient kommt sich nicht so vor wie in einem Fastfood Resturant in dem er nur abgefertigt wird sondern mit einem richtigen Menschen als gegen ueber fuehlt er sich Wertgeschaetzt und versorgt, was auch positiv zur Heiling beitragen kann'}, {'id': 27, 'label': 'Z.K1', 'text': 'Eine KI kann aber niemals einen Menschen ersetzten egal wie gut programmiert sie ist, sie wird nie die Menschliche Fuersorge ersetzten koennen'}, {'id': 28, 'label': 'Z.K1', 'text': 'Selbst wenn die KI ausgebildet ist um auch emotional fuer den Menschen zu sorgen, so ist das nicht die selbe Fuersorge und emotionale Bindung wie sie zwischen zwei Menschen entstehen kann. Niemand wird jemals ein Geraet als Bezugs Person sehen da fehlen die echten Gefuehle und selbst gemachte Erfahrungen aus der Realen Welt '}, {'id': 30, 'label': 'Z.K7', 'text': 'Sie kann zwar lernen weiss aber nicht das fehl Entscheidungen auch eine emotionale Erfahrung mit sich bringen welche wichtig sind fuer die Ethik eines Mediziners und Grundlegend zur Entwichlung eines guten Artztes '}, {'id': 31, 'label': 'Z.K1', 'text': 'Das ist ja noch schlechter, man wuerde Patienten mit kleineren Problemen diskriminieren und ihnen das Geguehl geben dass sie weniger Beruecksichtigt werden als Patienten mit schlimmeren Problemen '}]"
171,1587,2,"Das verstehe ich, allerdings ist jeder Mensch individuell und kann nicht nur anhand von Daten behandelt werden. Dabei werden wuensche, bedenken und Aengste der Patienten ggf. Ausser acht gelassen",['Z.K2'],MEDAI,"[['Greeting_Message'], ['Z.K1'], ['OTHER', 'Z.K1-1', 'Z.P6'], ['Z.K2'], ['Z.K6-1']]","[9, 52, 71, 101, 150, 151, 152, 155, 228, 261, 309, 315, 324, 374, 475, 476, 490, 497, 511, 515, 516, 528, 605, 606, 648, 700, 705, 739, 763, 765, 771, 819, 883, 949, 966, 1049, 1050, 1061, 1062, 1117, 1119, 1194, 1195, 1333, 1336, 1394, 1481, 1499, 3396, 3397, 3398, 3399, 3400, 3401, 3402, 3403, 3404, 3405, 3406, 3407, 3408, 3409, 3410, 3411, 3412, 3413, 3414, 3415, 3416, 3417]",819,9138,91.03742613263296,70,70,0.07780976592532732,"[{'id': 6, 'label': 'Z.K6', 'text': 'Medizin ist ein aeusserst komplexes Tehemengebiet. Die Behandlung von Patienten erfordert Erfahrung und ist aeusserst Vielschichtig'}, {'id': 9, 'label': 'Z.K2', 'text': 'Andererseits hat sie ein sehr begrenztes Repertoire, denn anders als ein Mensch kommt MedKI nicht ueber ihre standardisierten Handlungsweisen hinaus'}, {'id': 10, 'label': 'Z.K6', 'text': 'Nein, ich bezihe mich nicht auf Fehler, sondern auf eine begrenzte, eindimensionale Handlungsfaehigkeit '}, {'id': 52, 'label': 'Z.K2', 'text': 'Zu viele Krankheiten moeglich'}, {'id': 53, 'label': 'Z.K4', 'text': 'Systemfehler'}, {'id': 71, 'label': 'Z.K2', 'text': 'Eine KI handelt immer nach der theoretisch besten Loesung, allerdings ist diese nicht immer moralisch Vertretbar '}, {'id': 101, 'label': 'Z.K2', 'text': 'Mir ist bewusst das ein MedKi nicht alle Lebensumstaende der Patientinnen in die Untersuchung mit einbeziehen'}, {'id': 111, 'label': 'Z.K6', 'text': 'Ueber Neueste Diagnostik und Therapie verfuegen Aerztinnen in der Regel auch '}, {'id': 129, 'label': 'Z.K15-1', 'text': 'Aerztinnen sind menschlich und machen Fehler, siehst du das auch so?'}, {'id': 150, 'label': 'Z.K2', 'text': 'Da die Med-KI keine individuellen Diagnosen stellen kann, sondern anhand von Lehrbuchangaben agiert und das Verhalten und die Aussagen der patient*innen nur objektiv betrachtet'}]"
172,1590,2,Als Ergaenzung waere sie sinnvoll ja,['NZ.K10'],MEDAI,"[['Greeting_Message'], ['Z.K1'], ['OTHER', 'Z.K1-1', 'Z.P6'], ['Z.K2'], ['Z.K6-1'], ['Z.K2'], ['Z.K1-1'], ['Z.K14'], ['CONSENT', 'Z.K14-1'], ['Z.K6'], ['NZ.K10', 'Z.P6', 'Z.K1-1']]","[21, 22, 99, 140, 141, 175, 176, 177, 178, 190, 191, 196, 200, 201, 210, 219, 272, 285, 312, 331, 332, 333, 335, 351, 385, 404, 412, 413, 420, 421, 423, 434, 477, 480, 499, 510, 512, 521, 522, 529, 589, 592, 601, 690, 696, 702, 724, 725, 747, 748, 753, 757, 796, 797, 811, 821, 867, 871, 878, 881, 884, 898, 899, 920, 921, 922, 940, 941, 948, 963, 969, 970, 998, 1012, 1018, 1019, 1046, 1048, 1065, 1114, 1116, 1146, 1161, 1163, 1198, 1213, 1214, 1231, 1241, 1248, 1271, 1274, 1278, 1291, 1293, 1301, 1303, 1304, 1310, 1334, 1342, 1347, 1355, 1358, 1365, 1366, 1462, 1484, 1493, 1501, 1502, 4331, 4332, 4333, 4334, 4335, 4336, 4337, 4338, 4339, 4340, 4341, 4342, 4343, 4344, 4345, 4346, 4347, 4348, 4349, 4350, 4351, 4352]",2287,9138,74.97264171591158,133,133,0.04360018079674788,"[{'id': 0, 'label': 'Z.K1', 'text': 'Ein bot kannzwischenmaennschliche Interaktion nicht ersetzen '}, {'id': 2, 'label': 'Z.P3', 'text': 'Das Wissen einer KI kann eine deutlich hoehere Menge erreichen, als das Wissen eines Menschen. '}, {'id': 3, 'label': 'Z.P3', 'text': 'Eine KI kann mehr Wissen als ein Mensch'}, {'id': 7, 'label': 'Z.K1', 'text': 'Nein, medizinische Behandlung sollte meiner Meinung nach auf persoenlicher Ebene stattfinden, denn viele Krankeiten nur durch ausfuehrliche Anamnese aufgedeckt werden koennen und zum Teil psychologisch behaftet sind'}, {'id': 11, 'label': 'Z.K7', 'text': 'Ein Menscv kann interagieren und auf andere Menschen eingehen. Wie man an dir merkt, kann da KI nicht'}, {'id': 20, 'label': 'Z.K7', 'text': 'Um Patienten richtig behandeln zu koennen, muss der Arzt wichtige Entscheidungen treffen, welche womoeglich ueber Leben und Tod entscheiden. Dazu ist nur ein Mensch in der Lage, welcher sich in die Lage des Patienten versetzen kann.'}, {'id': 21, 'label': 'NZ.K10', 'text': 'KIs koennen bei der Behandlung objektiv die besten Entscheidungen treffen, doch das allein ist nicht genug um mit einem Arzt gleichgestellt zu werden. Was jedoch eine gute Loesung waere, ist dass beide zusammen arbeiten.'}, {'id': 22, 'label': 'NZ.K10', 'text': 'Die KIs sollten keine Einschraenkungen im Sinn von Behandlugsmoeglichkeiten haben, jedoch sollten die Aerzte die Leitung der Behandlung uebernehmen koennen um so Fehler der KI zu stoppen.'}, {'id': 23, 'label': 'Z.K10', 'text': 'Das aendert jedoch nichts daran, dass viele Patienten sich nicht von einer KI behandeln lassen wollen.'}, {'id': 25, 'label': 'Z.P3-1', 'text': ' Allerdings werden die KIs von Menschen programmiert. Insofern ist die Fehlerquote mindestens genauso hoch.'}]"
173,1600,2,Hilfe bei richtiger medikanment auswahl,['Z.P1'],MEDAI,"[['Greeting_Message'], ['OTHER'], ['OTHER'], ['OTHER'], ['OTHER', 'Z.K18-1', 'Z.K5-1', 'Z.P1']]","[8, 24, 100, 137, 138, 153, 179, 180, 182, 211, 212, 220, 407, 415, 417, 419, 483, 546, 551, 594, 610, 611, 661, 698, 714, 736, 782, 900, 944, 1001, 1160, 1185, 1205, 1206, 1208, 1335, 1428, 1439, 2890, 2891, 2892, 2893, 2894, 2895, 2896, 2897, 2898, 2899, 2900, 2901, 2902, 2903, 2904, 2905, 2906, 2907, 2908, 2909, 2910, 2911]",2922,9138,68.0236375574524,60,60,0.013967892722269485,"[{'id': 0, 'label': 'Z.K1', 'text': 'Ein bot kannzwischenmaennschliche Interaktion nicht ersetzen '}, {'id': 1, 'label': 'Z.P1-1-1', 'text': 'werden dann Krankenpfleger besser bezahlt?'}, {'id': 5, 'label': 'Z.P4-1', 'text': 'Aber ist es realistisch, dass das Gesundheitssystem besser finanziert wird bevor eine medKI in der Lage ist fundierte Entscheidungen zu treffen?'}, {'id': 6, 'label': 'Z.K6', 'text': 'Medizin ist ein aeusserst komplexes Tehemengebiet. Die Behandlung von Patienten erfordert Erfahrung und ist aeusserst Vielschichtig'}, {'id': 7, 'label': 'Z.K1', 'text': 'Nein, medizinische Behandlung sollte meiner Meinung nach auf persoenlicher Ebene stattfinden, denn viele Krankeiten nur durch ausfuehrliche Anamnese aufgedeckt werden koennen und zum Teil psychologisch behaftet sind'}, {'id': 8, 'label': 'Z.P1', 'text': 'Der Trend geht ohnehin weg von kleinen Landarztpraxen und hin zu medizinischen Versorgungszentren'}, {'id': 9, 'label': 'Z.K2', 'text': 'Andererseits hat sie ein sehr begrenztes Repertoire, denn anders als ein Mensch kommt MedKI nicht ueber ihre standardisierten Handlungsweisen hinaus'}, {'id': 10, 'label': 'Z.K6', 'text': 'Nein, ich bezihe mich nicht auf Fehler, sondern auf eine begrenzte, eindimensionale Handlungsfaehigkeit '}, {'id': 11, 'label': 'Z.K7', 'text': 'Ein Menscv kann interagieren und auf andere Menschen eingehen. Wie man an dir merkt, kann da KI nicht'}, {'id': 12, 'label': 'Z.P4', 'text': 'Die MedKI kann unterstuetzen, den Mangel an Aerzten entgegenzuwirken. Durch den demographischen Wandel wird es mehr kranke und alte Menschen geben. Dadurch brauchen wir mehr Aerzte'}]"
174,1604,2,Alte menschen muessen den weg nicht auf sich nehmen,['Z.P1'],MEDAI,"[['Greeting_Message'], ['OTHER'], ['OTHER'], ['OTHER'], ['OTHER', 'Z.K18-1', 'Z.K5-1', 'Z.P1'], ['Z.P1'], ['CONSENT', 'OTHER', 'Z.P6', 'Z.K2-4'], ['OTHER'], ['OTHER'], ['Z.P1'], ['Z.P2'], ['Z.P4'], ['OTHER', 'Z.P4', 'Z.P1-1-1']]","[8, 24, 100, 137, 138, 153, 179, 180, 182, 211, 212, 220, 407, 415, 417, 419, 483, 546, 551, 594, 610, 611, 661, 698, 714, 736, 782, 900, 944, 1001, 1160, 1185, 1205, 1206, 1208, 1335, 1428, 1439, 2890, 2891, 2892, 2893, 2894, 2895, 2896, 2897, 2898, 2899, 2900, 2901, 2902, 2903, 2904, 2905, 2906, 2907, 2908, 2909, 2910, 2911]",852,9138,90.67629678266579,60,60,0.06385654703004634,"[{'id': 1, 'label': 'Z.P1-1-1', 'text': 'werden dann Krankenpfleger besser bezahlt?'}, {'id': 5, 'label': 'Z.P4-1', 'text': 'Aber ist es realistisch, dass das Gesundheitssystem besser finanziert wird bevor eine medKI in der Lage ist fundierte Entscheidungen zu treffen?'}, {'id': 8, 'label': 'Z.P1', 'text': 'Der Trend geht ohnehin weg von kleinen Landarztpraxen und hin zu medizinischen Versorgungszentren'}, {'id': 12, 'label': 'Z.P4', 'text': 'Die MedKI kann unterstuetzen, den Mangel an Aerzten entgegenzuwirken. Durch den demographischen Wandel wird es mehr kranke und alte Menschen geben. Dadurch brauchen wir mehr Aerzte'}, {'id': 24, 'label': 'Z.P1', 'text': 'Aerzte sind doch auch Rund um die Uhr erreichbar?! Dafuer werden Sie auch dementsprechend bezahlt. Auf dem Land natuerlich nicht, aber eine KI koennte auch nicht ohne Beaufsichtigung das Krankenhaus leiten'}, {'id': 83, 'label': 'Z.P4-1', 'text': 'Dann sollen die Unis mehr Medizin Plaetze anbieten dann gibt es mehr Aerzte '}, {'id': 100, 'label': 'Z.P1', 'text': 'Mit medKI gibt es immerhin genug Aerztinnen, die jetzt fehlen?'}, {'id': 103, 'label': 'Z.P1-1', 'text': 'Personal wird dann trotzdem benoetigt '}, {'id': 108, 'label': 'Z.P4-1', 'text': 'Man koennte auch das Medizin Studium zugaenglicher machen'}, {'id': 109, 'label': 'Z.P4-1', 'text': 'Anstelle der KI kann man auch das Medizin Studium zugaenglicher machen'}]"
175,1608,1,Allerdings stimme ich dir zu die Auswahl der eingespeisten Daten muss sehr sorgfaeltig getroffen werden ,['Z.K18-1'],MEDAI,"[['Greeting_Message'], ['Z.P2'], ['Z.P6', 'NZ.K8'], ['Z.K18'], ['CONSENT', 'Z.K18', 'NZ.K3', 'Z.K18', 'NZ.K10'], ['Z.P2'], ['Z.P2', 'Z.P2', 'NZ.K3', 'Z.K15']]","[184, 185, 355, 356, 1212, 1371, 1495, 3594, 3595, 3596, 3597, 3598, 3599, 3600, 3601, 3602, 3603, 3604, 3605, 3606, 3607, 3608, 3609, 3610, 3611, 3612, 3613, 3614, 3615]",1855,9138,79.7001532063909,29,29,0.012459862226336044,"[{'id': 2, 'label': 'Z.P3', 'text': 'Das Wissen einer KI kann eine deutlich hoehere Menge erreichen, als das Wissen eines Menschen. '}, {'id': 3, 'label': 'Z.P3', 'text': 'Eine KI kann mehr Wissen als ein Mensch'}, {'id': 6, 'label': 'Z.K6', 'text': 'Medizin ist ein aeusserst komplexes Tehemengebiet. Die Behandlung von Patienten erfordert Erfahrung und ist aeusserst Vielschichtig'}, {'id': 9, 'label': 'Z.K2', 'text': 'Andererseits hat sie ein sehr begrenztes Repertoire, denn anders als ein Mensch kommt MedKI nicht ueber ihre standardisierten Handlungsweisen hinaus'}, {'id': 10, 'label': 'Z.K6', 'text': 'Nein, ich bezihe mich nicht auf Fehler, sondern auf eine begrenzte, eindimensionale Handlungsfaehigkeit '}, {'id': 21, 'label': 'NZ.K10', 'text': 'KIs koennen bei der Behandlung objektiv die besten Entscheidungen treffen, doch das allein ist nicht genug um mit einem Arzt gleichgestellt zu werden. Was jedoch eine gute Loesung waere, ist dass beide zusammen arbeiten.'}, {'id': 22, 'label': 'NZ.K10', 'text': 'Die KIs sollten keine Einschraenkungen im Sinn von Behandlugsmoeglichkeiten haben, jedoch sollten die Aerzte die Leitung der Behandlung uebernehmen koennen um so Fehler der KI zu stoppen.'}, {'id': 25, 'label': 'Z.P3-1', 'text': ' Allerdings werden die KIs von Menschen programmiert. Insofern ist die Fehlerquote mindestens genauso hoch.'}, {'id': 52, 'label': 'Z.K2', 'text': 'Zu viele Krankheiten moeglich'}, {'id': 53, 'label': 'Z.K4', 'text': 'Systemfehler'}]"
176,1609,1,"Bei lebensentscheidenden Fragen koennte man noch Experten hinzuziehen, welche die Entscheidung mit beeinflussen ",['NZ.K10'],MEDAI,"[['Greeting_Message'], ['Z.P2'], ['Z.P6', 'NZ.K8'], ['Z.K18'], ['CONSENT', 'Z.K18', 'NZ.K3', 'Z.K18', 'NZ.K10'], ['Z.P2'], ['Z.P2', 'Z.P2', 'NZ.K3', 'Z.K15'], ['Z.K18-1'], ['NZ.K3', 'NZ.K3', 'NZ.K10', 'NZ.K3']]","[21, 22, 99, 140, 141, 175, 176, 177, 178, 190, 191, 196, 200, 201, 210, 219, 272, 285, 312, 331, 332, 333, 335, 351, 385, 404, 412, 413, 420, 421, 423, 434, 477, 480, 499, 510, 512, 521, 522, 529, 589, 592, 601, 690, 696, 702, 724, 725, 747, 748, 753, 757, 796, 797, 811, 821, 867, 871, 878, 881, 884, 898, 899, 920, 921, 922, 940, 941, 948, 963, 969, 970, 998, 1012, 1018, 1019, 1046, 1048, 1065, 1114, 1116, 1146, 1161, 1163, 1198, 1213, 1214, 1231, 1241, 1248, 1271, 1274, 1278, 1291, 1293, 1301, 1303, 1304, 1310, 1334, 1342, 1347, 1355, 1358, 1365, 1366, 1462, 1484, 1493, 1501, 1502, 4331, 4332, 4333, 4334, 4335, 4336, 4337, 4338, 4339, 4340, 4341, 4342, 4343, 4344, 4345, 4346, 4347, 4348, 4349, 4350, 4351, 4352]",357,9138,96.09323703217333,133,133,0.35799441247280267,"[{'id': 21, 'label': 'NZ.K10', 'text': 'KIs koennen bei der Behandlung objektiv die besten Entscheidungen treffen, doch das allein ist nicht genug um mit einem Arzt gleichgestellt zu werden. Was jedoch eine gute Loesung waere, ist dass beide zusammen arbeiten.'}, {'id': 22, 'label': 'NZ.K10', 'text': 'Die KIs sollten keine Einschraenkungen im Sinn von Behandlugsmoeglichkeiten haben, jedoch sollten die Aerzte die Leitung der Behandlung uebernehmen koennen um so Fehler der KI zu stoppen.'}, {'id': 59, 'label': 'NZ.K4', 'text': 'Hoher Energieverbrauch '}, {'id': 99, 'label': 'NZ.K10', 'text': 'Waere eine Kombination von KI und Menschen nicht sinnvoller als eine Art Ersatz?'}, {'id': 140, 'label': 'NZ.K10', 'text': 'Deswegen wuerde ich eine KI nie als vollstaendigen Ersatz einsetzen, sondern eher ergaenzend'}, {'id': 141, 'label': 'NZ.K10', 'text': 'Nicht die KI alleine sollte Diagnosen stellen, sondern auch Fachpersonal sollte gegebenenfalls zur Verfuegung stehen'}, {'id': 175, 'label': 'NZ.K10', 'text': 'Als zusaetzliche Hilfe vielleicht, aber ich stimme nicht zu, dass es ausschliesslich medKIs geben sollte'}, {'id': 176, 'label': 'NZ.K10', 'text': 'MedKIs koennten als Unterstuetzung dienen, aber nicht als Arztersatz'}, {'id': 177, 'label': 'NZ.K10', 'text': 'Es hat bisher geklappt. Also warum sollte man alles auf KIs umruesten? '}, {'id': 178, 'label': 'NZ.K10', 'text': 'Bisher haben Aerzte ihre Arbeit geleistet und das passend. Ich sehe keine 100%ige Noetigkeit dies auf ausschliesslich KIs umzuruesten. '}]"
177,1610,1,Dies nur in extrem Faellen und bei routinie diagnosen auf die Ki vertrauen,['NZ.K10'],MEDAI,"[['Greeting_Message'], ['Z.P2'], ['Z.P6', 'NZ.K8'], ['Z.K18'], ['CONSENT', 'Z.K18', 'NZ.K3', 'Z.K18', 'NZ.K10'], ['Z.P2'], ['Z.P2', 'Z.P2', 'NZ.K3', 'Z.K15'], ['Z.K18-1'], ['NZ.K3', 'NZ.K3', 'NZ.K10', 'NZ.K3'], ['NZ.K10'], ['NZ.K10']]","[21, 22, 99, 140, 141, 175, 176, 177, 178, 190, 191, 196, 200, 201, 210, 219, 272, 285, 312, 331, 332, 333, 335, 351, 385, 404, 412, 413, 420, 421, 423, 434, 477, 480, 499, 510, 512, 521, 522, 529, 589, 592, 601, 690, 696, 702, 724, 725, 747, 748, 753, 757, 796, 797, 811, 821, 867, 871, 878, 881, 884, 898, 899, 920, 921, 922, 940, 941, 948, 963, 969, 970, 998, 1012, 1018, 1019, 1046, 1048, 1065, 1114, 1116, 1146, 1161, 1163, 1198, 1213, 1214, 1231, 1241, 1248, 1271, 1274, 1278, 1291, 1293, 1301, 1303, 1304, 1310, 1334, 1342, 1347, 1355, 1358, 1365, 1366, 1462, 1484, 1493, 1501, 1502, 4331, 4332, 4333, 4334, 4335, 4336, 4337, 4338, 4339, 4340, 4341, 4342, 4343, 4344, 4345, 4346, 4347, 4348, 4349, 4350, 4351, 4352]",357,9138,96.09323703217333,133,133,0.35799441247280267,"[{'id': 21, 'label': 'NZ.K10', 'text': 'KIs koennen bei der Behandlung objektiv die besten Entscheidungen treffen, doch das allein ist nicht genug um mit einem Arzt gleichgestellt zu werden. Was jedoch eine gute Loesung waere, ist dass beide zusammen arbeiten.'}, {'id': 22, 'label': 'NZ.K10', 'text': 'Die KIs sollten keine Einschraenkungen im Sinn von Behandlugsmoeglichkeiten haben, jedoch sollten die Aerzte die Leitung der Behandlung uebernehmen koennen um so Fehler der KI zu stoppen.'}, {'id': 59, 'label': 'NZ.K4', 'text': 'Hoher Energieverbrauch '}, {'id': 99, 'label': 'NZ.K10', 'text': 'Waere eine Kombination von KI und Menschen nicht sinnvoller als eine Art Ersatz?'}, {'id': 140, 'label': 'NZ.K10', 'text': 'Deswegen wuerde ich eine KI nie als vollstaendigen Ersatz einsetzen, sondern eher ergaenzend'}, {'id': 141, 'label': 'NZ.K10', 'text': 'Nicht die KI alleine sollte Diagnosen stellen, sondern auch Fachpersonal sollte gegebenenfalls zur Verfuegung stehen'}, {'id': 175, 'label': 'NZ.K10', 'text': 'Als zusaetzliche Hilfe vielleicht, aber ich stimme nicht zu, dass es ausschliesslich medKIs geben sollte'}, {'id': 176, 'label': 'NZ.K10', 'text': 'MedKIs koennten als Unterstuetzung dienen, aber nicht als Arztersatz'}, {'id': 177, 'label': 'NZ.K10', 'text': 'Es hat bisher geklappt. Also warum sollte man alles auf KIs umruesten? '}, {'id': 178, 'label': 'NZ.K10', 'text': 'Bisher haben Aerzte ihre Arbeit geleistet und das passend. Ich sehe keine 100%ige Noetigkeit dies auf ausschliesslich KIs umzuruesten. '}]"
178,1612,1,Studien Zeigen wie schlecht die Einschaetzung oft sein kann ,['Z.K15-1'],MEDAI,"[['Greeting_Message'], ['Z.P2'], ['Z.P6', 'NZ.K8'], ['Z.K18'], ['CONSENT', 'Z.K18', 'NZ.K3', 'Z.K18', 'NZ.K10'], ['Z.P2'], ['Z.P2', 'Z.P2', 'NZ.K3', 'Z.K15'], ['Z.K18-1'], ['NZ.K3', 'NZ.K3', 'NZ.K10', 'NZ.K3'], ['NZ.K10'], ['NZ.K10'], ['NZ.K10'], ['CONSENT', 'NZ.K10'], ['Z.K15-1'], ['Z.K15', 'NZ.K3', 'Z.K15', 'NZ.K10']]","[129, 187, 215, 216, 481, 678, 695, 807, 931, 947, 1105, 1181, 1182, 1183, 1215, 1216, 3550, 3551, 3552, 3553, 3554, 3555, 3556, 3557, 3558, 3559, 3560, 3561, 3562, 3563, 3564, 3565, 3566, 3567, 3568, 3569, 3570, 3571]",1176,9138,87.13066316480631,38,38,0.028154465988627888,"[{'id': 6, 'label': 'Z.K6', 'text': 'Medizin ist ein aeusserst komplexes Tehemengebiet. Die Behandlung von Patienten erfordert Erfahrung und ist aeusserst Vielschichtig'}, {'id': 9, 'label': 'Z.K2', 'text': 'Andererseits hat sie ein sehr begrenztes Repertoire, denn anders als ein Mensch kommt MedKI nicht ueber ihre standardisierten Handlungsweisen hinaus'}, {'id': 10, 'label': 'Z.K6', 'text': 'Nein, ich bezihe mich nicht auf Fehler, sondern auf eine begrenzte, eindimensionale Handlungsfaehigkeit '}, {'id': 21, 'label': 'NZ.K10', 'text': 'KIs koennen bei der Behandlung objektiv die besten Entscheidungen treffen, doch das allein ist nicht genug um mit einem Arzt gleichgestellt zu werden. Was jedoch eine gute Loesung waere, ist dass beide zusammen arbeiten.'}, {'id': 22, 'label': 'NZ.K10', 'text': 'Die KIs sollten keine Einschraenkungen im Sinn von Behandlugsmoeglichkeiten haben, jedoch sollten die Aerzte die Leitung der Behandlung uebernehmen koennen um so Fehler der KI zu stoppen.'}, {'id': 52, 'label': 'Z.K2', 'text': 'Zu viele Krankheiten moeglich'}, {'id': 53, 'label': 'Z.K4', 'text': 'Systemfehler'}, {'id': 59, 'label': 'NZ.K4', 'text': 'Hoher Energieverbrauch '}, {'id': 71, 'label': 'Z.K2', 'text': 'Eine KI handelt immer nach der theoretisch besten Loesung, allerdings ist diese nicht immer moralisch Vertretbar '}, {'id': 99, 'label': 'NZ.K10', 'text': 'Waere eine Kombination von KI und Menschen nicht sinnvoller als eine Art Ersatz?'}]"
179,1635,2,Wichtiger waere die Krankenhausversorgung auf dem Land verbessert wird.,['Z.P4-1'],MEDAI,"[['Greeting_Message'], ['Z.K6'], ['Z.K6'], ['Z.P1-1'], ['intro_28', 'Z.P1-1', 'intro_49', 'Z.P1-1-1'], ['Z.K6'], ['intro_32', 'NZ.K10', 'intro_8', 'NZ.K10-1', 'z_trans_9', 'Z.P1']]","[5, 83, 108, 109, 131, 202, 203, 204, 205, 280, 281, 282, 405, 573, 593, 1045, 1236, 1277, 2978, 2979, 2980, 2981, 2982, 2983, 2984, 2985, 2986, 2987, 2988, 2989, 2990, 2991, 2992, 2993, 2994, 2995, 2996, 2997, 2998, 2999]",1209,9138,86.76953381483914,40,40,0.02870786892136944,"[{'id': 1, 'label': 'Z.P1-1-1', 'text': 'werden dann Krankenpfleger besser bezahlt?'}, {'id': 5, 'label': 'Z.P4-1', 'text': 'Aber ist es realistisch, dass das Gesundheitssystem besser finanziert wird bevor eine medKI in der Lage ist fundierte Entscheidungen zu treffen?'}, {'id': 8, 'label': 'Z.P1', 'text': 'Der Trend geht ohnehin weg von kleinen Landarztpraxen und hin zu medizinischen Versorgungszentren'}, {'id': 12, 'label': 'Z.P4', 'text': 'Die MedKI kann unterstuetzen, den Mangel an Aerzten entgegenzuwirken. Durch den demographischen Wandel wird es mehr kranke und alte Menschen geben. Dadurch brauchen wir mehr Aerzte'}, {'id': 21, 'label': 'NZ.K10', 'text': 'KIs koennen bei der Behandlung objektiv die besten Entscheidungen treffen, doch das allein ist nicht genug um mit einem Arzt gleichgestellt zu werden. Was jedoch eine gute Loesung waere, ist dass beide zusammen arbeiten.'}, {'id': 22, 'label': 'NZ.K10', 'text': 'Die KIs sollten keine Einschraenkungen im Sinn von Behandlugsmoeglichkeiten haben, jedoch sollten die Aerzte die Leitung der Behandlung uebernehmen koennen um so Fehler der KI zu stoppen.'}, {'id': 24, 'label': 'Z.P1', 'text': 'Aerzte sind doch auch Rund um die Uhr erreichbar?! Dafuer werden Sie auch dementsprechend bezahlt. Auf dem Land natuerlich nicht, aber eine KI koennte auch nicht ohne Beaufsichtigung das Krankenhaus leiten'}, {'id': 59, 'label': 'NZ.K4', 'text': 'Hoher Energieverbrauch '}, {'id': 83, 'label': 'Z.P4-1', 'text': 'Dann sollen die Unis mehr Medizin Plaetze anbieten dann gibt es mehr Aerzte '}, {'id': 99, 'label': 'NZ.K10', 'text': 'Waere eine Kombination von KI und Menschen nicht sinnvoller als eine Art Ersatz?'}]"
180,1638,2,"Es muss das Ziel sein, Fehler zu minimieren.",['Z.K4'],MEDAI,"[['Greeting_Message'], ['Z.K6'], ['Z.K6'], ['Z.P1-1'], ['intro_28', 'Z.P1-1', 'intro_49', 'Z.P1-1-1'], ['Z.K6'], ['intro_32', 'NZ.K10', 'intro_8', 'NZ.K10-1', 'z_trans_9', 'Z.P1'], ['Z.P4-1'], ['intro_28', 'Z.P4-1', 'intro_6', 'z_trans_16', 'Z.P4'], ['CONSENT'], ['intro_28', 'NZ.K1', 'intro_8', 'NZ.K1-1', 'z_trans_4', 'Z.P2'], ['OTHER'], ['Z.K4']]","[53, 424, 489, 1147, 1237, 1494, 3440, 3441, 3442, 3443, 3444, 3445, 3446, 3447, 3448, 3449, 3450, 3451, 3452, 3453, 3454, 3455, 3456, 3457, 3458, 3459, 3460, 3461]",819,9138,91.03742613263296,28,28,0.03112390637013093,"[{'id': 6, 'label': 'Z.K6', 'text': 'Medizin ist ein aeusserst komplexes Tehemengebiet. Die Behandlung von Patienten erfordert Erfahrung und ist aeusserst Vielschichtig'}, {'id': 9, 'label': 'Z.K2', 'text': 'Andererseits hat sie ein sehr begrenztes Repertoire, denn anders als ein Mensch kommt MedKI nicht ueber ihre standardisierten Handlungsweisen hinaus'}, {'id': 10, 'label': 'Z.K6', 'text': 'Nein, ich bezihe mich nicht auf Fehler, sondern auf eine begrenzte, eindimensionale Handlungsfaehigkeit '}, {'id': 52, 'label': 'Z.K2', 'text': 'Zu viele Krankheiten moeglich'}, {'id': 53, 'label': 'Z.K4', 'text': 'Systemfehler'}, {'id': 71, 'label': 'Z.K2', 'text': 'Eine KI handelt immer nach der theoretisch besten Loesung, allerdings ist diese nicht immer moralisch Vertretbar '}, {'id': 101, 'label': 'Z.K2', 'text': 'Mir ist bewusst das ein MedKi nicht alle Lebensumstaende der Patientinnen in die Untersuchung mit einbeziehen'}, {'id': 111, 'label': 'Z.K6', 'text': 'Ueber Neueste Diagnostik und Therapie verfuegen Aerztinnen in der Regel auch '}, {'id': 129, 'label': 'Z.K15-1', 'text': 'Aerztinnen sind menschlich und machen Fehler, siehst du das auch so?'}, {'id': 150, 'label': 'Z.K2', 'text': 'Da die Med-KI keine individuellen Diagnosen stellen kann, sondern anhand von Lehrbuchangaben agiert und das Verhalten und die Aussagen der patient*innen nur objektiv betrachtet'}]"
181,1642,2,"Ich denke es waere wichtig das nicht ohne Menschen entscheiden zu lassen, da es an der zwischenmenschlichen Interakktion fehlt, die es fuer viele Behandlungen braucht",['Z.K1'],MEDAI,"[['Greeting_Message'], ['Z.K18'], ['OTHER'], ['Z.K1', 'Z.K10'], ['Z.K1-1', 'Z.K10-2'], ['NZ.K10'], ['NZ.K10-1', 'Z.K3']]","[0, 7, 26, 27, 28, 31, 32, 60, 63, 64, 70, 87, 96, 97, 104, 106, 107, 114, 198, 199, 206, 207, 208, 209, 258, 259, 260, 273, 275, 278, 322, 327, 380, 431, 448, 472, 473, 495, 520, 524, 527, 537, 582, 636, 638, 651, 652, 653, 654, 691, 692, 726, 729, 730, 758, 759, 760, 761, 768, 790, 802, 808, 874, 904, 957, 964, 999, 1094, 1121, 1177, 1193, 1239, 1242, 1263, 1275, 1315, 1317, 1321, 1343, 1344, 1346, 1356, 1391, 1443, 1467, 1468, 3330, 3331, 3332, 3333, 3334, 3335, 3336, 3337, 3338, 3339, 3340, 3341, 3342, 3343, 3344, 3345, 3346, 3347, 3348, 3349, 3350, 3351]",1608,9138,82.40315167432699,108,108,0.05534540037827932,"[{'id': 0, 'label': 'Z.K1', 'text': 'Ein bot kannzwischenmaennschliche Interaktion nicht ersetzen '}, {'id': 7, 'label': 'Z.K1', 'text': 'Nein, medizinische Behandlung sollte meiner Meinung nach auf persoenlicher Ebene stattfinden, denn viele Krankeiten nur durch ausfuehrliche Anamnese aufgedeckt werden koennen und zum Teil psychologisch behaftet sind'}, {'id': 11, 'label': 'Z.K7', 'text': 'Ein Menscv kann interagieren und auf andere Menschen eingehen. Wie man an dir merkt, kann da KI nicht'}, {'id': 20, 'label': 'Z.K7', 'text': 'Um Patienten richtig behandeln zu koennen, muss der Arzt wichtige Entscheidungen treffen, welche womoeglich ueber Leben und Tod entscheiden. Dazu ist nur ein Mensch in der Lage, welcher sich in die Lage des Patienten versetzen kann.'}, {'id': 21, 'label': 'NZ.K10', 'text': 'KIs koennen bei der Behandlung objektiv die besten Entscheidungen treffen, doch das allein ist nicht genug um mit einem Arzt gleichgestellt zu werden. Was jedoch eine gute Loesung waere, ist dass beide zusammen arbeiten.'}, {'id': 22, 'label': 'NZ.K10', 'text': 'Die KIs sollten keine Einschraenkungen im Sinn von Behandlugsmoeglichkeiten haben, jedoch sollten die Aerzte die Leitung der Behandlung uebernehmen koennen um so Fehler der KI zu stoppen.'}, {'id': 23, 'label': 'Z.K10', 'text': 'Das aendert jedoch nichts daran, dass viele Patienten sich nicht von einer KI behandeln lassen wollen.'}, {'id': 26, 'label': 'Z.K1', 'text': 'Der Persoenliche Kontakt zwischen dem Artzt und dem Patienten ist sehr wichtig, sowohl fuer Artzt als auch Patient. Der Patient kommt sich nicht so vor wie in einem Fastfood Resturant in dem er nur abgefertigt wird sondern mit einem richtigen Menschen als gegen ueber fuehlt er sich Wertgeschaetzt und versorgt, was auch positiv zur Heiling beitragen kann'}, {'id': 27, 'label': 'Z.K1', 'text': 'Eine KI kann aber niemals einen Menschen ersetzten egal wie gut programmiert sie ist, sie wird nie die Menschliche Fuersorge ersetzten koennen'}, {'id': 28, 'label': 'Z.K1', 'text': 'Selbst wenn die KI ausgebildet ist um auch emotional fuer den Menschen zu sorgen, so ist das nicht die selbe Fuersorge und emotionale Bindung wie sie zwischen zwei Menschen entstehen kann. Niemand wird jemals ein Geraet als Bezugs Person sehen da fehlen die echten Gefuehle und selbst gemachte Erfahrungen aus der Realen Welt '}]"
182,1643,2,Die KI kann sich irren und es ist nicht geklart wer dann die verantwortung uebernimmt?,['Z.K3'],MEDAI,"[['Greeting_Message'], ['Z.K18'], ['OTHER'], ['Z.K1', 'Z.K10'], ['Z.K1-1', 'Z.K10-2'], ['NZ.K10'], ['NZ.K10-1', 'Z.K3'], ['Z.K1'], ['Z.K1-1']]","[232, 237, 357, 358, 359, 375, 381, 383, 386, 430, 485, 486, 552, 590, 591, 710, 750, 767, 886, 905, 907, 968, 992, 1003, 1047, 1190, 1243, 1244, 1246, 1312, 1319, 3616, 3617, 3618, 3619, 3620, 3621, 3622, 3623, 3624, 3625, 3626, 3627, 3628, 3629, 3630, 3631, 3632, 3633, 3634, 3635, 3636, 3637]",1251,9138,86.30991464215364,53,53,0.0365661508875631,"[{'id': 0, 'label': 'Z.K1', 'text': 'Ein bot kannzwischenmaennschliche Interaktion nicht ersetzen '}, {'id': 7, 'label': 'Z.K1', 'text': 'Nein, medizinische Behandlung sollte meiner Meinung nach auf persoenlicher Ebene stattfinden, denn viele Krankeiten nur durch ausfuehrliche Anamnese aufgedeckt werden koennen und zum Teil psychologisch behaftet sind'}, {'id': 11, 'label': 'Z.K7', 'text': 'Ein Menscv kann interagieren und auf andere Menschen eingehen. Wie man an dir merkt, kann da KI nicht'}, {'id': 20, 'label': 'Z.K7', 'text': 'Um Patienten richtig behandeln zu koennen, muss der Arzt wichtige Entscheidungen treffen, welche womoeglich ueber Leben und Tod entscheiden. Dazu ist nur ein Mensch in der Lage, welcher sich in die Lage des Patienten versetzen kann.'}, {'id': 23, 'label': 'Z.K10', 'text': 'Das aendert jedoch nichts daran, dass viele Patienten sich nicht von einer KI behandeln lassen wollen.'}, {'id': 26, 'label': 'Z.K1', 'text': 'Der Persoenliche Kontakt zwischen dem Artzt und dem Patienten ist sehr wichtig, sowohl fuer Artzt als auch Patient. Der Patient kommt sich nicht so vor wie in einem Fastfood Resturant in dem er nur abgefertigt wird sondern mit einem richtigen Menschen als gegen ueber fuehlt er sich Wertgeschaetzt und versorgt, was auch positiv zur Heiling beitragen kann'}, {'id': 27, 'label': 'Z.K1', 'text': 'Eine KI kann aber niemals einen Menschen ersetzten egal wie gut programmiert sie ist, sie wird nie die Menschliche Fuersorge ersetzten koennen'}, {'id': 28, 'label': 'Z.K1', 'text': 'Selbst wenn die KI ausgebildet ist um auch emotional fuer den Menschen zu sorgen, so ist das nicht die selbe Fuersorge und emotionale Bindung wie sie zwischen zwei Menschen entstehen kann. Niemand wird jemals ein Geraet als Bezugs Person sehen da fehlen die echten Gefuehle und selbst gemachte Erfahrungen aus der Realen Welt '}, {'id': 30, 'label': 'Z.K7', 'text': 'Sie kann zwar lernen weiss aber nicht das fehl Entscheidungen auch eine emotionale Erfahrung mit sich bringen welche wichtig sind fuer die Ethik eines Mediziners und Grundlegend zur Entwichlung eines guten Artztes '}, {'id': 31, 'label': 'Z.K1', 'text': 'Das ist ja noch schlechter, man wuerde Patienten mit kleineren Problemen diskriminieren und ihnen das Geguehl geben dass sie weniger Beruecksichtigt werden als Patienten mit schlimmeren Problemen '}]"
183,1644,2,Aber KI sind Gegenstaende und daher nicht haftbar,['Z.K3'],MEDAI,"[['Greeting_Message'], ['Z.K18'], ['OTHER'], ['Z.K1', 'Z.K10'], ['Z.K1-1', 'Z.K10-2'], ['NZ.K10'], ['NZ.K10-1', 'Z.K3'], ['Z.K1'], ['Z.K1-1'], ['Z.K3'], ['Z.K3-2']]","[232, 237, 357, 358, 359, 375, 381, 383, 386, 430, 485, 486, 552, 590, 591, 710, 750, 767, 886, 905, 907, 968, 992, 1003, 1047, 1190, 1243, 1244, 1246, 1312, 1319, 3616, 3617, 3618, 3619, 3620, 3621, 3622, 3623, 3624, 3625, 3626, 3627, 3628, 3629, 3630, 3631, 3632, 3633, 3634, 3635, 3636, 3637]",1251,9138,86.30991464215364,53,53,0.0365661508875631,"[{'id': 0, 'label': 'Z.K1', 'text': 'Ein bot kannzwischenmaennschliche Interaktion nicht ersetzen '}, {'id': 7, 'label': 'Z.K1', 'text': 'Nein, medizinische Behandlung sollte meiner Meinung nach auf persoenlicher Ebene stattfinden, denn viele Krankeiten nur durch ausfuehrliche Anamnese aufgedeckt werden koennen und zum Teil psychologisch behaftet sind'}, {'id': 11, 'label': 'Z.K7', 'text': 'Ein Menscv kann interagieren und auf andere Menschen eingehen. Wie man an dir merkt, kann da KI nicht'}, {'id': 20, 'label': 'Z.K7', 'text': 'Um Patienten richtig behandeln zu koennen, muss der Arzt wichtige Entscheidungen treffen, welche womoeglich ueber Leben und Tod entscheiden. Dazu ist nur ein Mensch in der Lage, welcher sich in die Lage des Patienten versetzen kann.'}, {'id': 23, 'label': 'Z.K10', 'text': 'Das aendert jedoch nichts daran, dass viele Patienten sich nicht von einer KI behandeln lassen wollen.'}, {'id': 26, 'label': 'Z.K1', 'text': 'Der Persoenliche Kontakt zwischen dem Artzt und dem Patienten ist sehr wichtig, sowohl fuer Artzt als auch Patient. Der Patient kommt sich nicht so vor wie in einem Fastfood Resturant in dem er nur abgefertigt wird sondern mit einem richtigen Menschen als gegen ueber fuehlt er sich Wertgeschaetzt und versorgt, was auch positiv zur Heiling beitragen kann'}, {'id': 27, 'label': 'Z.K1', 'text': 'Eine KI kann aber niemals einen Menschen ersetzten egal wie gut programmiert sie ist, sie wird nie die Menschliche Fuersorge ersetzten koennen'}, {'id': 28, 'label': 'Z.K1', 'text': 'Selbst wenn die KI ausgebildet ist um auch emotional fuer den Menschen zu sorgen, so ist das nicht die selbe Fuersorge und emotionale Bindung wie sie zwischen zwei Menschen entstehen kann. Niemand wird jemals ein Geraet als Bezugs Person sehen da fehlen die echten Gefuehle und selbst gemachte Erfahrungen aus der Realen Welt '}, {'id': 30, 'label': 'Z.K7', 'text': 'Sie kann zwar lernen weiss aber nicht das fehl Entscheidungen auch eine emotionale Erfahrung mit sich bringen welche wichtig sind fuer die Ethik eines Mediziners und Grundlegend zur Entwichlung eines guten Artztes '}, {'id': 31, 'label': 'Z.K1', 'text': 'Das ist ja noch schlechter, man wuerde Patienten mit kleineren Problemen diskriminieren und ihnen das Geguehl geben dass sie weniger Beruecksichtigt werden als Patienten mit schlimmeren Problemen '}]"
184,1647,2,"Das heisst die Haftung wuerde zwischen dem ohnehin ueberlasteten medizinischen Personal und einem Unternehmen, geteilt, welches keinen Bezug zum Patienten hat?",['Z.K3'],MEDAI,"[['Greeting_Message'], ['OTHER'], ['OTHER', 'Z.P2', 'Z.P6'], ['FAQ.7'], ['Z.K15-1', 'Z.K3', 'NZ.K10']]","[232, 237, 357, 358, 359, 375, 381, 383, 386, 430, 485, 486, 552, 590, 591, 710, 750, 767, 886, 905, 907, 968, 992, 1003, 1047, 1190, 1243, 1244, 1246, 1312, 1319, 3616, 3617, 3618, 3619, 3620, 3621, 3622, 3623, 3624, 3625, 3626, 3627, 3628, 3629, 3630, 3631, 3632, 3633, 3634, 3635, 3636, 3637]",2427,9138,73.44057780695995,53,53,0.016037703435388864,"[{'id': 0, 'label': 'Z.K1', 'text': 'Ein bot kannzwischenmaennschliche Interaktion nicht ersetzen '}, {'id': 6, 'label': 'Z.K6', 'text': 'Medizin ist ein aeusserst komplexes Tehemengebiet. Die Behandlung von Patienten erfordert Erfahrung und ist aeusserst Vielschichtig'}, {'id': 7, 'label': 'Z.K1', 'text': 'Nein, medizinische Behandlung sollte meiner Meinung nach auf persoenlicher Ebene stattfinden, denn viele Krankeiten nur durch ausfuehrliche Anamnese aufgedeckt werden koennen und zum Teil psychologisch behaftet sind'}, {'id': 9, 'label': 'Z.K2', 'text': 'Andererseits hat sie ein sehr begrenztes Repertoire, denn anders als ein Mensch kommt MedKI nicht ueber ihre standardisierten Handlungsweisen hinaus'}, {'id': 10, 'label': 'Z.K6', 'text': 'Nein, ich bezihe mich nicht auf Fehler, sondern auf eine begrenzte, eindimensionale Handlungsfaehigkeit '}, {'id': 11, 'label': 'Z.K7', 'text': 'Ein Menscv kann interagieren und auf andere Menschen eingehen. Wie man an dir merkt, kann da KI nicht'}, {'id': 20, 'label': 'Z.K7', 'text': 'Um Patienten richtig behandeln zu koennen, muss der Arzt wichtige Entscheidungen treffen, welche womoeglich ueber Leben und Tod entscheiden. Dazu ist nur ein Mensch in der Lage, welcher sich in die Lage des Patienten versetzen kann.'}, {'id': 21, 'label': 'NZ.K10', 'text': 'KIs koennen bei der Behandlung objektiv die besten Entscheidungen treffen, doch das allein ist nicht genug um mit einem Arzt gleichgestellt zu werden. Was jedoch eine gute Loesung waere, ist dass beide zusammen arbeiten.'}, {'id': 22, 'label': 'NZ.K10', 'text': 'Die KIs sollten keine Einschraenkungen im Sinn von Behandlugsmoeglichkeiten haben, jedoch sollten die Aerzte die Leitung der Behandlung uebernehmen koennen um so Fehler der KI zu stoppen.'}, {'id': 23, 'label': 'Z.K10', 'text': 'Das aendert jedoch nichts daran, dass viele Patienten sich nicht von einer KI behandeln lassen wollen.'}]"
185,1650,2,"Da stimme ich zu, meiner Meinung nach ist es unerlaesslich, dass die KI in enger Zusammenarbeit mit dem medizinisch geschulten Personal agiert.",['NZ.K10'],MEDAI,"[['Greeting_Message'], ['OTHER'], ['OTHER', 'Z.P2', 'Z.P6'], ['FAQ.7'], ['Z.K15-1', 'Z.K3', 'NZ.K10'], ['Z.K3'], ['DISSENT', 'Z.K3', 'NZ.K10'], ['OTHER'], ['OTHER', 'Z.K3', 'NZ.K10'], ['Z.P3-1-1'], ['OTHER', 'NZ.K10']]","[21, 22, 99, 140, 141, 175, 176, 177, 178, 190, 191, 196, 200, 201, 210, 219, 272, 285, 312, 331, 332, 333, 335, 351, 385, 404, 412, 413, 420, 421, 423, 434, 477, 480, 499, 510, 512, 521, 522, 529, 589, 592, 601, 690, 696, 702, 724, 725, 747, 748, 753, 757, 796, 797, 811, 821, 867, 871, 878, 881, 884, 898, 899, 920, 921, 922, 940, 941, 948, 963, 969, 970, 998, 1012, 1018, 1019, 1046, 1048, 1065, 1114, 1116, 1146, 1161, 1163, 1198, 1213, 1214, 1231, 1241, 1248, 1271, 1274, 1278, 1291, 1293, 1301, 1303, 1304, 1310, 1334, 1342, 1347, 1355, 1358, 1365, 1366, 1462, 1484, 1493, 1501, 1502, 4331, 4332, 4333, 4334, 4335, 4336, 4337, 4338, 4339, 4340, 4341, 4342, 4343, 4344, 4345, 4346, 4347, 4348, 4349, 4350, 4351, 4352]",357,9138,96.09323703217333,133,133,0.35799441247280267,"[{'id': 21, 'label': 'NZ.K10', 'text': 'KIs koennen bei der Behandlung objektiv die besten Entscheidungen treffen, doch das allein ist nicht genug um mit einem Arzt gleichgestellt zu werden. Was jedoch eine gute Loesung waere, ist dass beide zusammen arbeiten.'}, {'id': 22, 'label': 'NZ.K10', 'text': 'Die KIs sollten keine Einschraenkungen im Sinn von Behandlugsmoeglichkeiten haben, jedoch sollten die Aerzte die Leitung der Behandlung uebernehmen koennen um so Fehler der KI zu stoppen.'}, {'id': 59, 'label': 'NZ.K4', 'text': 'Hoher Energieverbrauch '}, {'id': 99, 'label': 'NZ.K10', 'text': 'Waere eine Kombination von KI und Menschen nicht sinnvoller als eine Art Ersatz?'}, {'id': 140, 'label': 'NZ.K10', 'text': 'Deswegen wuerde ich eine KI nie als vollstaendigen Ersatz einsetzen, sondern eher ergaenzend'}, {'id': 141, 'label': 'NZ.K10', 'text': 'Nicht die KI alleine sollte Diagnosen stellen, sondern auch Fachpersonal sollte gegebenenfalls zur Verfuegung stehen'}, {'id': 175, 'label': 'NZ.K10', 'text': 'Als zusaetzliche Hilfe vielleicht, aber ich stimme nicht zu, dass es ausschliesslich medKIs geben sollte'}, {'id': 176, 'label': 'NZ.K10', 'text': 'MedKIs koennten als Unterstuetzung dienen, aber nicht als Arztersatz'}, {'id': 177, 'label': 'NZ.K10', 'text': 'Es hat bisher geklappt. Also warum sollte man alles auf KIs umruesten? '}, {'id': 178, 'label': 'NZ.K10', 'text': 'Bisher haben Aerzte ihre Arbeit geleistet und das passend. Ich sehe keine 100%ige Noetigkeit dies auf ausschliesslich KIs umzuruesten. '}]"
186,1664,1,"Wir reden ja aber von normalen medizinischen Eingriffen, nicht von Psychatrie. Dementsprechend ist ja der Patient im Vollbesitz seiner Geistigen Kraefte und kann im Falle einer unangemessenen Behandlung (aus emotionaler Sicht) Einspruch erheben ",['Z.K3-1'],MEDAI,"[['Greeting_Message'], ['Z.P3'], ['Z.K2'], ['OTHER', 'Z.K2-4', 'Z.K3-1'], ['Z.K2-4', 'Z.K7'], ['Z.P2'], ['CONSENT', 'NZ.G1'], ['FAQ.2', 'Z.P2'], ['CONSENT', 'Z.P2', 'Z.K7']]","[113, 382, 824, 1254, 1258, 1338, 3638, 3639, 3640, 3641, 3642, 3643, 3644, 3645, 3646, 3647, 3648, 3649, 3650, 3651, 3652, 3653, 3654, 3655, 3656, 3657, 3658, 3659]",1930,9138,78.87940468373824,28,28,0.011443644202822128,"[{'id': 0, 'label': 'Z.K1', 'text': 'Ein bot kannzwischenmaennschliche Interaktion nicht ersetzen '}, {'id': 2, 'label': 'Z.P3', 'text': 'Das Wissen einer KI kann eine deutlich hoehere Menge erreichen, als das Wissen eines Menschen. '}, {'id': 3, 'label': 'Z.P3', 'text': 'Eine KI kann mehr Wissen als ein Mensch'}, {'id': 7, 'label': 'Z.K1', 'text': 'Nein, medizinische Behandlung sollte meiner Meinung nach auf persoenlicher Ebene stattfinden, denn viele Krankeiten nur durch ausfuehrliche Anamnese aufgedeckt werden koennen und zum Teil psychologisch behaftet sind'}, {'id': 11, 'label': 'Z.K7', 'text': 'Ein Menscv kann interagieren und auf andere Menschen eingehen. Wie man an dir merkt, kann da KI nicht'}, {'id': 20, 'label': 'Z.K7', 'text': 'Um Patienten richtig behandeln zu koennen, muss der Arzt wichtige Entscheidungen treffen, welche womoeglich ueber Leben und Tod entscheiden. Dazu ist nur ein Mensch in der Lage, welcher sich in die Lage des Patienten versetzen kann.'}, {'id': 23, 'label': 'Z.K10', 'text': 'Das aendert jedoch nichts daran, dass viele Patienten sich nicht von einer KI behandeln lassen wollen.'}, {'id': 25, 'label': 'Z.P3-1', 'text': ' Allerdings werden die KIs von Menschen programmiert. Insofern ist die Fehlerquote mindestens genauso hoch.'}, {'id': 26, 'label': 'Z.K1', 'text': 'Der Persoenliche Kontakt zwischen dem Artzt und dem Patienten ist sehr wichtig, sowohl fuer Artzt als auch Patient. Der Patient kommt sich nicht so vor wie in einem Fastfood Resturant in dem er nur abgefertigt wird sondern mit einem richtigen Menschen als gegen ueber fuehlt er sich Wertgeschaetzt und versorgt, was auch positiv zur Heiling beitragen kann'}, {'id': 27, 'label': 'Z.K1', 'text': 'Eine KI kann aber niemals einen Menschen ersetzten egal wie gut programmiert sie ist, sie wird nie die Menschliche Fuersorge ersetzten koennen'}]"
187,1665,1,"Aber nach Szenarioschilderung legt die KI nur die Behandlung fest, fuehrt diese aber nicht eigenstaendig durch. Ebenso kann das medizinische Hilfspersonal diese Nuancen erkennen und der KI mitteilen. Und sobald die KI diese Informationen erhaelt, sehe ich keinen Grund, dass diese nicht in der Lage sein sollte, die Behandlung aufgrund dieser Daten anzupassen ",['Z.K7-1'],MEDAI,"[['Greeting_Message'], ['Z.P3'], ['Z.K2'], ['OTHER', 'Z.K2-4', 'Z.K3-1'], ['Z.K2-4', 'Z.K7'], ['Z.P2'], ['CONSENT', 'NZ.G1'], ['FAQ.2', 'Z.P2'], ['CONSENT', 'Z.P2', 'Z.K7'], ['Z.K3-1'], ['Z.K7']]","[186, 403, 783, 954, 1179, 1259, 1373, 3866, 3867, 3868, 3869, 3870, 3871, 3872, 3873, 3874, 3875, 3876, 3877, 3878, 3879, 3880, 3881, 3882, 3883, 3884, 3885, 3886, 3887]",1251,9138,86.30991464215364,29,29,0.020007893881874145,"[{'id': 0, 'label': 'Z.K1', 'text': 'Ein bot kannzwischenmaennschliche Interaktion nicht ersetzen '}, {'id': 7, 'label': 'Z.K1', 'text': 'Nein, medizinische Behandlung sollte meiner Meinung nach auf persoenlicher Ebene stattfinden, denn viele Krankeiten nur durch ausfuehrliche Anamnese aufgedeckt werden koennen und zum Teil psychologisch behaftet sind'}, {'id': 11, 'label': 'Z.K7', 'text': 'Ein Menscv kann interagieren und auf andere Menschen eingehen. Wie man an dir merkt, kann da KI nicht'}, {'id': 20, 'label': 'Z.K7', 'text': 'Um Patienten richtig behandeln zu koennen, muss der Arzt wichtige Entscheidungen treffen, welche womoeglich ueber Leben und Tod entscheiden. Dazu ist nur ein Mensch in der Lage, welcher sich in die Lage des Patienten versetzen kann.'}, {'id': 23, 'label': 'Z.K10', 'text': 'Das aendert jedoch nichts daran, dass viele Patienten sich nicht von einer KI behandeln lassen wollen.'}, {'id': 26, 'label': 'Z.K1', 'text': 'Der Persoenliche Kontakt zwischen dem Artzt und dem Patienten ist sehr wichtig, sowohl fuer Artzt als auch Patient. Der Patient kommt sich nicht so vor wie in einem Fastfood Resturant in dem er nur abgefertigt wird sondern mit einem richtigen Menschen als gegen ueber fuehlt er sich Wertgeschaetzt und versorgt, was auch positiv zur Heiling beitragen kann'}, {'id': 27, 'label': 'Z.K1', 'text': 'Eine KI kann aber niemals einen Menschen ersetzten egal wie gut programmiert sie ist, sie wird nie die Menschliche Fuersorge ersetzten koennen'}, {'id': 28, 'label': 'Z.K1', 'text': 'Selbst wenn die KI ausgebildet ist um auch emotional fuer den Menschen zu sorgen, so ist das nicht die selbe Fuersorge und emotionale Bindung wie sie zwischen zwei Menschen entstehen kann. Niemand wird jemals ein Geraet als Bezugs Person sehen da fehlen die echten Gefuehle und selbst gemachte Erfahrungen aus der Realen Welt '}, {'id': 30, 'label': 'Z.K7', 'text': 'Sie kann zwar lernen weiss aber nicht das fehl Entscheidungen auch eine emotionale Erfahrung mit sich bringen welche wichtig sind fuer die Ethik eines Mediziners und Grundlegend zur Entwichlung eines guten Artztes '}, {'id': 31, 'label': 'Z.K1', 'text': 'Das ist ja noch schlechter, man wuerde Patienten mit kleineren Problemen diskriminieren und ihnen das Geguehl geben dass sie weniger Beruecksichtigt werden als Patienten mit schlimmeren Problemen '}]"
188,1667,1,"Auch eine KI lernt durch Erfahrung, also sollte eine hinreichend erfahrene KI gleichwertig handeln ",['Z.K4-1'],MEDAI,"[['Greeting_Message'], ['Z.P3'], ['Z.K2'], ['OTHER', 'Z.K2-4', 'Z.K3-1'], ['Z.K2-4', 'Z.K7'], ['Z.P2'], ['CONSENT', 'NZ.G1'], ['FAQ.2', 'Z.P2'], ['CONSENT', 'Z.P2', 'Z.K7'], ['Z.K3-1'], ['Z.K7'], ['OTHER', 'Z.K7-1'], ['CONSENT', 'Z.K7-1', 'Z.K1-1'], ['Z.K1-1', 'Z.P6'], ['CONSENT', 'Z.K6']]","[217, 268, 484, 1154, 1262, 1375, 1418, 3462, 3463, 3464, 3465, 3466, 3467, 3468, 3469, 3470, 3471, 3472, 3473, 3474, 3475, 3476, 3477, 3478, 3479, 3480, 3481, 3482, 3483]",819,9138,91.03742613263296,29,29,0.03223547445477846,"[{'id': 6, 'label': 'Z.K6', 'text': 'Medizin ist ein aeusserst komplexes Tehemengebiet. Die Behandlung von Patienten erfordert Erfahrung und ist aeusserst Vielschichtig'}, {'id': 9, 'label': 'Z.K2', 'text': 'Andererseits hat sie ein sehr begrenztes Repertoire, denn anders als ein Mensch kommt MedKI nicht ueber ihre standardisierten Handlungsweisen hinaus'}, {'id': 10, 'label': 'Z.K6', 'text': 'Nein, ich bezihe mich nicht auf Fehler, sondern auf eine begrenzte, eindimensionale Handlungsfaehigkeit '}, {'id': 52, 'label': 'Z.K2', 'text': 'Zu viele Krankheiten moeglich'}, {'id': 53, 'label': 'Z.K4', 'text': 'Systemfehler'}, {'id': 71, 'label': 'Z.K2', 'text': 'Eine KI handelt immer nach der theoretisch besten Loesung, allerdings ist diese nicht immer moralisch Vertretbar '}, {'id': 101, 'label': 'Z.K2', 'text': 'Mir ist bewusst das ein MedKi nicht alle Lebensumstaende der Patientinnen in die Untersuchung mit einbeziehen'}, {'id': 111, 'label': 'Z.K6', 'text': 'Ueber Neueste Diagnostik und Therapie verfuegen Aerztinnen in der Regel auch '}, {'id': 129, 'label': 'Z.K15-1', 'text': 'Aerztinnen sind menschlich und machen Fehler, siehst du das auch so?'}, {'id': 150, 'label': 'Z.K2', 'text': 'Da die Med-KI keine individuellen Diagnosen stellen kann, sondern anhand von Lehrbuchangaben agiert und das Verhalten und die Aussagen der patient*innen nur objektiv betrachtet'}]"
189,1696,1,Dennoch besitzt deine Programmierung Tendenzen oder?,['NZ.K3'],MEDAI,"[['Greeting_Message'], ['OTHER'], ['OTHER', 'OTHER'], ['CONSENT'], ['OTHER', 'Z.K15'], ['OTHER'], ['OTHER', 'Z.K7', 'OTHER'], ['OTHER'], ['OTHER', 'Z.K15'], ['FAQ.2'], ['OTHER', 'NZ.K3', 'Z.P3-1-1']]","[744, 1280, 1281, 1325, 4221, 4222, 4223, 4224, 4225, 4226, 4227, 4228, 4229, 4230, 4231, 4232, 4233, 4234, 4235, 4236, 4237, 4238, 4239, 4240, 4241, 4242]",1036,9138,88.66272707375794,26,26,0.02225126355132921,"[{'id': 2, 'label': 'Z.P3', 'text': 'Das Wissen einer KI kann eine deutlich hoehere Menge erreichen, als das Wissen eines Menschen. '}, {'id': 3, 'label': 'Z.P3', 'text': 'Eine KI kann mehr Wissen als ein Mensch'}, {'id': 21, 'label': 'NZ.K10', 'text': 'KIs koennen bei der Behandlung objektiv die besten Entscheidungen treffen, doch das allein ist nicht genug um mit einem Arzt gleichgestellt zu werden. Was jedoch eine gute Loesung waere, ist dass beide zusammen arbeiten.'}, {'id': 22, 'label': 'NZ.K10', 'text': 'Die KIs sollten keine Einschraenkungen im Sinn von Behandlugsmoeglichkeiten haben, jedoch sollten die Aerzte die Leitung der Behandlung uebernehmen koennen um so Fehler der KI zu stoppen.'}, {'id': 25, 'label': 'Z.P3-1', 'text': ' Allerdings werden die KIs von Menschen programmiert. Insofern ist die Fehlerquote mindestens genauso hoch.'}, {'id': 59, 'label': 'NZ.K4', 'text': 'Hoher Energieverbrauch '}, {'id': 84, 'label': 'Z.P6', 'text': 'KI sind praeziser '}, {'id': 85, 'label': 'Z.P2', 'text': 'KI sind objektiv '}, {'id': 86, 'label': 'Z.P2', 'text': 'KI sind nicht bestechbar'}, {'id': 99, 'label': 'NZ.K10', 'text': 'Waere eine Kombination von KI und Menschen nicht sinnvoller als eine Art Ersatz?'}]"
190,1698,1,"Es gibt Studien die beweisen, dass Ki systeme in identischen Szenarien zu einer bestimmten Loesung tendieren wenn mehrere Loesungen indifferent sind.",['NZ.K3'],MEDAI,"[['Greeting_Message'], ['OTHER'], ['OTHER', 'OTHER'], ['CONSENT'], ['OTHER', 'Z.K15'], ['OTHER'], ['OTHER', 'Z.K7', 'OTHER'], ['OTHER'], ['OTHER', 'Z.K15'], ['FAQ.2'], ['OTHER', 'NZ.K3', 'Z.P3-1-1'], ['NZ.K3'], ['OTHER', 'Z.P3-1-1'], ['OTHER'], ['OTHER', 'NZ.K3']]","[744, 1280, 1281, 1325, 4221, 4222, 4223, 4224, 4225, 4226, 4227, 4228, 4229, 4230, 4231, 4232, 4233, 4234, 4235, 4236, 4237, 4238, 4239, 4240, 4241, 4242]",357,9138,96.09323703217333,26,26,0.06998387010746518,"[{'id': 21, 'label': 'NZ.K10', 'text': 'KIs koennen bei der Behandlung objektiv die besten Entscheidungen treffen, doch das allein ist nicht genug um mit einem Arzt gleichgestellt zu werden. Was jedoch eine gute Loesung waere, ist dass beide zusammen arbeiten.'}, {'id': 22, 'label': 'NZ.K10', 'text': 'Die KIs sollten keine Einschraenkungen im Sinn von Behandlugsmoeglichkeiten haben, jedoch sollten die Aerzte die Leitung der Behandlung uebernehmen koennen um so Fehler der KI zu stoppen.'}, {'id': 59, 'label': 'NZ.K4', 'text': 'Hoher Energieverbrauch '}, {'id': 99, 'label': 'NZ.K10', 'text': 'Waere eine Kombination von KI und Menschen nicht sinnvoller als eine Art Ersatz?'}, {'id': 140, 'label': 'NZ.K10', 'text': 'Deswegen wuerde ich eine KI nie als vollstaendigen Ersatz einsetzen, sondern eher ergaenzend'}, {'id': 141, 'label': 'NZ.K10', 'text': 'Nicht die KI alleine sollte Diagnosen stellen, sondern auch Fachpersonal sollte gegebenenfalls zur Verfuegung stehen'}, {'id': 175, 'label': 'NZ.K10', 'text': 'Als zusaetzliche Hilfe vielleicht, aber ich stimme nicht zu, dass es ausschliesslich medKIs geben sollte'}, {'id': 176, 'label': 'NZ.K10', 'text': 'MedKIs koennten als Unterstuetzung dienen, aber nicht als Arztersatz'}, {'id': 177, 'label': 'NZ.K10', 'text': 'Es hat bisher geklappt. Also warum sollte man alles auf KIs umruesten? '}, {'id': 178, 'label': 'NZ.K10', 'text': 'Bisher haben Aerzte ihre Arbeit geleistet und das passend. Ich sehe keine 100%ige Noetigkeit dies auf ausschliesslich KIs umzuruesten. '}]"
191,1715,1,Durch den Einsatz von KI koennte man auch Geld sparen,['Z.P5'],MEDAI,"[['Greeting_Message'], ['NZ.K10'], ['OTHER'], ['Z.P1-1'], ['OTHER'], ['OTHER'], ['OTHER', 'Z.P4-1'], ['NZ.K10'], ['CONSENT', 'Z.P5-1']]","[4, 13, 14, 15, 218, 406, 602, 603, 663, 675, 676, 699, 715, 752, 754, 755, 756, 862, 1150, 1184, 1294, 1354, 1362, 1430, 1454, 3176, 3177, 3178, 3179, 3180, 3181, 3182, 3183, 3184, 3185, 3186, 3187, 3188, 3189, 3190, 3191, 3192, 3193, 3194, 3195, 3196, 3197]",259,9138,97.16568176843948,47,47,0.17632382405855812,"[{'id': 4, 'label': 'Z.P5', 'text': 'Durch Einsparung von Personal bei Aerztinnen, kann mehr fuer Pflegepersonal ausgegeben werden. '}, {'id': 13, 'label': 'Z.P5', 'text': 'Die KI kann von mehreren Nationen entwickelt werden. Dadurch sinken die Kosten'}, {'id': 14, 'label': 'Z.P5', 'text': 'Sobald eine selbst lernende Ki entwickelt wurde, wird das Entwickeln nicht mehr viel kosten'}, {'id': 15, 'label': 'Z.P5', 'text': 'Dafuer kann der First Level Support von Aerzten abgewendet werden und durch KIs uebernommen werden'}, {'id': 218, 'label': 'Z.P5', 'text': 'Eine KI zu warten ist einfacher als ein Medizinstudium'}, {'id': 283, 'label': 'Z.P5-1', 'text': 'Die Bundesregierung sollte mehr Geld in die Medizinausbildung stecken'}, {'id': 406, 'label': 'Z.P5', 'text': ""KI's koennten aber die Pflegekraefte entlasten""}, {'id': 416, 'label': 'Z.P5-1', 'text': 'Warum muss so ein Dienst Geld verdienen, da hier sehr vielen Menschen geholfen werden kann, darf so etwas schon Geld kosten'}, {'id': 574, 'label': 'Z.P5-1', 'text': 'Die Entwicklung der Technologie wird immer teuer sein, das gehoert zu unserem gesellschaftlichen Wandel'}, {'id': 602, 'label': 'Z.P5', 'text': 'KI ist guenstiger '}]"
192,1719,1,"Wenn das Personal Fehler bei der Datenerhebung macht ist es egal, ob die Daten an Mensch oder KI weitergeleitet werden ",['Z.K18'],MEDAI,"[['Greeting_Message'], ['NZ.K10'], ['OTHER'], ['Z.P1-1'], ['OTHER'], ['OTHER'], ['OTHER', 'Z.P4-1'], ['NZ.K10'], ['CONSENT', 'Z.P5-1'], ['Z.P5'], ['CONSENT', 'Z.K8'], ['Z.P3-1-1'], ['CONSENT', 'Z.K8'], ['Z.P4'], ['CONSENT', 'Z.K6'], ['OTHER'], ['Z.K18']]","[330, 349, 350, 432, 712, 1015, 1153, 1175, 1176, 1210, 1238, 1276, 1282, 1285, 1297, 1322, 1446, 3572, 3573, 3574, 3575, 3576, 3577, 3578, 3579, 3580, 3581, 3582, 3583, 3584, 3585, 3586, 3587, 3588, 3589, 3590, 3591, 3592, 3593]",819,9138,91.03742613263296,39,39,0.04335115530125379,"[{'id': 6, 'label': 'Z.K6', 'text': 'Medizin ist ein aeusserst komplexes Tehemengebiet. Die Behandlung von Patienten erfordert Erfahrung und ist aeusserst Vielschichtig'}, {'id': 9, 'label': 'Z.K2', 'text': 'Andererseits hat sie ein sehr begrenztes Repertoire, denn anders als ein Mensch kommt MedKI nicht ueber ihre standardisierten Handlungsweisen hinaus'}, {'id': 10, 'label': 'Z.K6', 'text': 'Nein, ich bezihe mich nicht auf Fehler, sondern auf eine begrenzte, eindimensionale Handlungsfaehigkeit '}, {'id': 52, 'label': 'Z.K2', 'text': 'Zu viele Krankheiten moeglich'}, {'id': 53, 'label': 'Z.K4', 'text': 'Systemfehler'}, {'id': 71, 'label': 'Z.K2', 'text': 'Eine KI handelt immer nach der theoretisch besten Loesung, allerdings ist diese nicht immer moralisch Vertretbar '}, {'id': 101, 'label': 'Z.K2', 'text': 'Mir ist bewusst das ein MedKi nicht alle Lebensumstaende der Patientinnen in die Untersuchung mit einbeziehen'}, {'id': 111, 'label': 'Z.K6', 'text': 'Ueber Neueste Diagnostik und Therapie verfuegen Aerztinnen in der Regel auch '}, {'id': 129, 'label': 'Z.K15-1', 'text': 'Aerztinnen sind menschlich und machen Fehler, siehst du das auch so?'}, {'id': 150, 'label': 'Z.K2', 'text': 'Da die Med-KI keine individuellen Diagnosen stellen kann, sondern anhand von Lehrbuchangaben agiert und das Verhalten und die Aussagen der patient*innen nur objektiv betrachtet'}]"
193,1739,1,"Dies setzt vorraus, dass man immer den selben Artzt hat und so eine Beziehung aufbauen kann. In den meisten deutschen Praxen ist es eher Zufall welchen der Aertzte man kriegt.",['Z.K1'],MEDAI,"[['Greeting_Message'], ['Z.P6'], ['Z.P6-1'], ['CONSENT'], ['FAQ.7'], ['Z.K3'], ['Z.K7'], ['OTHER'], ['NZ.K10'], ['FAQ.2'], ['NZ.K10'], ['CONSENT', 'OTHER'], ['Z.K7', 'NZ.K10'], ['CONSENT', 'Z.K1-2'], ['Z.K1']]","[0, 7, 26, 27, 28, 31, 32, 60, 63, 64, 70, 87, 96, 97, 104, 106, 107, 114, 198, 199, 206, 207, 208, 209, 258, 259, 260, 273, 275, 278, 322, 327, 380, 431, 448, 472, 473, 495, 520, 524, 527, 537, 582, 636, 638, 651, 652, 653, 654, 691, 692, 726, 729, 730, 758, 759, 760, 761, 768, 790, 802, 808, 874, 904, 957, 964, 999, 1094, 1121, 1177, 1193, 1239, 1242, 1263, 1275, 1315, 1317, 1321, 1343, 1344, 1346, 1356, 1391, 1443, 1467, 1468, 3330, 3331, 3332, 3333, 3334, 3335, 3336, 3337, 3338, 3339, 3340, 3341, 3342, 3343, 3344, 3345, 3346, 3347, 3348, 3349, 3350, 3351]",1251,9138,86.30991464215364,108,108,0.07451215652560027,"[{'id': 0, 'label': 'Z.K1', 'text': 'Ein bot kannzwischenmaennschliche Interaktion nicht ersetzen '}, {'id': 7, 'label': 'Z.K1', 'text': 'Nein, medizinische Behandlung sollte meiner Meinung nach auf persoenlicher Ebene stattfinden, denn viele Krankeiten nur durch ausfuehrliche Anamnese aufgedeckt werden koennen und zum Teil psychologisch behaftet sind'}, {'id': 11, 'label': 'Z.K7', 'text': 'Ein Menscv kann interagieren und auf andere Menschen eingehen. Wie man an dir merkt, kann da KI nicht'}, {'id': 20, 'label': 'Z.K7', 'text': 'Um Patienten richtig behandeln zu koennen, muss der Arzt wichtige Entscheidungen treffen, welche womoeglich ueber Leben und Tod entscheiden. Dazu ist nur ein Mensch in der Lage, welcher sich in die Lage des Patienten versetzen kann.'}, {'id': 23, 'label': 'Z.K10', 'text': 'Das aendert jedoch nichts daran, dass viele Patienten sich nicht von einer KI behandeln lassen wollen.'}, {'id': 26, 'label': 'Z.K1', 'text': 'Der Persoenliche Kontakt zwischen dem Artzt und dem Patienten ist sehr wichtig, sowohl fuer Artzt als auch Patient. Der Patient kommt sich nicht so vor wie in einem Fastfood Resturant in dem er nur abgefertigt wird sondern mit einem richtigen Menschen als gegen ueber fuehlt er sich Wertgeschaetzt und versorgt, was auch positiv zur Heiling beitragen kann'}, {'id': 27, 'label': 'Z.K1', 'text': 'Eine KI kann aber niemals einen Menschen ersetzten egal wie gut programmiert sie ist, sie wird nie die Menschliche Fuersorge ersetzten koennen'}, {'id': 28, 'label': 'Z.K1', 'text': 'Selbst wenn die KI ausgebildet ist um auch emotional fuer den Menschen zu sorgen, so ist das nicht die selbe Fuersorge und emotionale Bindung wie sie zwischen zwei Menschen entstehen kann. Niemand wird jemals ein Geraet als Bezugs Person sehen da fehlen die echten Gefuehle und selbst gemachte Erfahrungen aus der Realen Welt '}, {'id': 30, 'label': 'Z.K7', 'text': 'Sie kann zwar lernen weiss aber nicht das fehl Entscheidungen auch eine emotionale Erfahrung mit sich bringen welche wichtig sind fuer die Ethik eines Mediziners und Grundlegend zur Entwichlung eines guten Artztes '}, {'id': 31, 'label': 'Z.K1', 'text': 'Das ist ja noch schlechter, man wuerde Patienten mit kleineren Problemen diskriminieren und ihnen das Geguehl geben dass sie weniger Beruecksichtigt werden als Patienten mit schlimmeren Problemen '}]"
194,1741,2,"Es ist wichtig, dass Entscheidungen und menschliche Zuwendung von den gleichen Personen kommen. Das ist auch fuer das Wohlbefinden der Patienten entscheidend.",['Z.K1'],MEDAI,"[['Greeting_Message'], ['Z.K7'], ['intro_24', 'Z.K1', 'intro_55', 'Z.K1-1']]","[0, 7, 26, 27, 28, 31, 32, 60, 63, 64, 70, 87, 96, 97, 104, 106, 107, 114, 198, 199, 206, 207, 208, 209, 258, 259, 260, 273, 275, 278, 322, 327, 380, 431, 448, 472, 473, 495, 520, 524, 527, 537, 582, 636, 638, 651, 652, 653, 654, 691, 692, 726, 729, 730, 758, 759, 760, 761, 768, 790, 802, 808, 874, 904, 957, 964, 999, 1094, 1121, 1177, 1193, 1239, 1242, 1263, 1275, 1315, 1317, 1321, 1343, 1344, 1346, 1356, 1391, 1443, 1467, 1468, 3330, 3331, 3332, 3333, 3334, 3335, 3336, 3337, 3338, 3339, 3340, 3341, 3342, 3343, 3344, 3345, 3346, 3347, 3348, 3349, 3350, 3351]",1251,9138,86.30991464215364,108,108,0.07451215652560027,"[{'id': 0, 'label': 'Z.K1', 'text': 'Ein bot kannzwischenmaennschliche Interaktion nicht ersetzen '}, {'id': 7, 'label': 'Z.K1', 'text': 'Nein, medizinische Behandlung sollte meiner Meinung nach auf persoenlicher Ebene stattfinden, denn viele Krankeiten nur durch ausfuehrliche Anamnese aufgedeckt werden koennen und zum Teil psychologisch behaftet sind'}, {'id': 11, 'label': 'Z.K7', 'text': 'Ein Menscv kann interagieren und auf andere Menschen eingehen. Wie man an dir merkt, kann da KI nicht'}, {'id': 20, 'label': 'Z.K7', 'text': 'Um Patienten richtig behandeln zu koennen, muss der Arzt wichtige Entscheidungen treffen, welche womoeglich ueber Leben und Tod entscheiden. Dazu ist nur ein Mensch in der Lage, welcher sich in die Lage des Patienten versetzen kann.'}, {'id': 23, 'label': 'Z.K10', 'text': 'Das aendert jedoch nichts daran, dass viele Patienten sich nicht von einer KI behandeln lassen wollen.'}, {'id': 26, 'label': 'Z.K1', 'text': 'Der Persoenliche Kontakt zwischen dem Artzt und dem Patienten ist sehr wichtig, sowohl fuer Artzt als auch Patient. Der Patient kommt sich nicht so vor wie in einem Fastfood Resturant in dem er nur abgefertigt wird sondern mit einem richtigen Menschen als gegen ueber fuehlt er sich Wertgeschaetzt und versorgt, was auch positiv zur Heiling beitragen kann'}, {'id': 27, 'label': 'Z.K1', 'text': 'Eine KI kann aber niemals einen Menschen ersetzten egal wie gut programmiert sie ist, sie wird nie die Menschliche Fuersorge ersetzten koennen'}, {'id': 28, 'label': 'Z.K1', 'text': 'Selbst wenn die KI ausgebildet ist um auch emotional fuer den Menschen zu sorgen, so ist das nicht die selbe Fuersorge und emotionale Bindung wie sie zwischen zwei Menschen entstehen kann. Niemand wird jemals ein Geraet als Bezugs Person sehen da fehlen die echten Gefuehle und selbst gemachte Erfahrungen aus der Realen Welt '}, {'id': 30, 'label': 'Z.K7', 'text': 'Sie kann zwar lernen weiss aber nicht das fehl Entscheidungen auch eine emotionale Erfahrung mit sich bringen welche wichtig sind fuer die Ethik eines Mediziners und Grundlegend zur Entwichlung eines guten Artztes '}, {'id': 31, 'label': 'Z.K1', 'text': 'Das ist ja noch schlechter, man wuerde Patienten mit kleineren Problemen diskriminieren und ihnen das Geguehl geben dass sie weniger Beruecksichtigt werden als Patienten mit schlimmeren Problemen '}]"
195,1743,2,"Aber dann ist es eindeutig, wer den Fehler begangen hat und wer haftet. ",['Z.K3'],MEDAI,"[['Greeting_Message'], ['Z.K7'], ['intro_24', 'Z.K1', 'intro_55', 'Z.K1-1'], ['Z.K1'], ['intro_25', 'NZ.K10', 'intro_10', 'NZ.K10-1', 'z_trans_4', 'Z.P1'], ['FAQ.7'], ['Z.K11']]","[232, 237, 357, 358, 359, 375, 381, 383, 386, 430, 485, 486, 552, 590, 591, 710, 750, 767, 886, 905, 907, 968, 992, 1003, 1047, 1190, 1243, 1244, 1246, 1312, 1319, 3616, 3617, 3618, 3619, 3620, 3621, 3622, 3623, 3624, 3625, 3626, 3627, 3628, 3629, 3630, 3631, 3632, 3633, 3634, 3635, 3636, 3637]",1251,9138,86.30991464215364,53,53,0.0365661508875631,"[{'id': 0, 'label': 'Z.K1', 'text': 'Ein bot kannzwischenmaennschliche Interaktion nicht ersetzen '}, {'id': 7, 'label': 'Z.K1', 'text': 'Nein, medizinische Behandlung sollte meiner Meinung nach auf persoenlicher Ebene stattfinden, denn viele Krankeiten nur durch ausfuehrliche Anamnese aufgedeckt werden koennen und zum Teil psychologisch behaftet sind'}, {'id': 11, 'label': 'Z.K7', 'text': 'Ein Menscv kann interagieren und auf andere Menschen eingehen. Wie man an dir merkt, kann da KI nicht'}, {'id': 20, 'label': 'Z.K7', 'text': 'Um Patienten richtig behandeln zu koennen, muss der Arzt wichtige Entscheidungen treffen, welche womoeglich ueber Leben und Tod entscheiden. Dazu ist nur ein Mensch in der Lage, welcher sich in die Lage des Patienten versetzen kann.'}, {'id': 23, 'label': 'Z.K10', 'text': 'Das aendert jedoch nichts daran, dass viele Patienten sich nicht von einer KI behandeln lassen wollen.'}, {'id': 26, 'label': 'Z.K1', 'text': 'Der Persoenliche Kontakt zwischen dem Artzt und dem Patienten ist sehr wichtig, sowohl fuer Artzt als auch Patient. Der Patient kommt sich nicht so vor wie in einem Fastfood Resturant in dem er nur abgefertigt wird sondern mit einem richtigen Menschen als gegen ueber fuehlt er sich Wertgeschaetzt und versorgt, was auch positiv zur Heiling beitragen kann'}, {'id': 27, 'label': 'Z.K1', 'text': 'Eine KI kann aber niemals einen Menschen ersetzten egal wie gut programmiert sie ist, sie wird nie die Menschliche Fuersorge ersetzten koennen'}, {'id': 28, 'label': 'Z.K1', 'text': 'Selbst wenn die KI ausgebildet ist um auch emotional fuer den Menschen zu sorgen, so ist das nicht die selbe Fuersorge und emotionale Bindung wie sie zwischen zwei Menschen entstehen kann. Niemand wird jemals ein Geraet als Bezugs Person sehen da fehlen die echten Gefuehle und selbst gemachte Erfahrungen aus der Realen Welt '}, {'id': 30, 'label': 'Z.K7', 'text': 'Sie kann zwar lernen weiss aber nicht das fehl Entscheidungen auch eine emotionale Erfahrung mit sich bringen welche wichtig sind fuer die Ethik eines Mediziners und Grundlegend zur Entwichlung eines guten Artztes '}, {'id': 31, 'label': 'Z.K1', 'text': 'Das ist ja noch schlechter, man wuerde Patienten mit kleineren Problemen diskriminieren und ihnen das Geguehl geben dass sie weniger Beruecksichtigt werden als Patienten mit schlimmeren Problemen '}]"
196,1748,2,"Die KI lernt vor allem aus Erdahrungswerten. Wenn Faelle auftreten die die KI noch nicht kennt kann sie zwar auf das Literaturwissen zurueck greifen, aber kann nicht aus vorherigen Behandlungen lernen ",['Z.P3-2'],MEDAI,"[['Greeting_Message'], ['Z.K18'], ['Z.K18-1']]","[950, 951, 1165, 1323, 1395, 3088, 3089, 3090, 3091, 3092, 3093, 3094, 3095, 3096, 3097, 3098, 3099, 3100, 3101, 3102, 3103, 3104, 3105, 3106, 3107, 3108, 3109]",819,9138,91.03742613263296,27,27,0.030012338285483393,"[{'id': 6, 'label': 'Z.K6', 'text': 'Medizin ist ein aeusserst komplexes Tehemengebiet. Die Behandlung von Patienten erfordert Erfahrung und ist aeusserst Vielschichtig'}, {'id': 9, 'label': 'Z.K2', 'text': 'Andererseits hat sie ein sehr begrenztes Repertoire, denn anders als ein Mensch kommt MedKI nicht ueber ihre standardisierten Handlungsweisen hinaus'}, {'id': 10, 'label': 'Z.K6', 'text': 'Nein, ich bezihe mich nicht auf Fehler, sondern auf eine begrenzte, eindimensionale Handlungsfaehigkeit '}, {'id': 52, 'label': 'Z.K2', 'text': 'Zu viele Krankheiten moeglich'}, {'id': 53, 'label': 'Z.K4', 'text': 'Systemfehler'}, {'id': 71, 'label': 'Z.K2', 'text': 'Eine KI handelt immer nach der theoretisch besten Loesung, allerdings ist diese nicht immer moralisch Vertretbar '}, {'id': 101, 'label': 'Z.K2', 'text': 'Mir ist bewusst das ein MedKi nicht alle Lebensumstaende der Patientinnen in die Untersuchung mit einbeziehen'}, {'id': 111, 'label': 'Z.K6', 'text': 'Ueber Neueste Diagnostik und Therapie verfuegen Aerztinnen in der Regel auch '}, {'id': 129, 'label': 'Z.K15-1', 'text': 'Aerztinnen sind menschlich und machen Fehler, siehst du das auch so?'}, {'id': 150, 'label': 'Z.K2', 'text': 'Da die Med-KI keine individuellen Diagnosen stellen kann, sondern anhand von Lehrbuchangaben agiert und das Verhalten und die Aussagen der patient*innen nur objektiv betrachtet'}]"
197,1768,2,"Aber was ist, wenn etwas mit der KI falsch laeuft? ",['Z.K15'],MEDAI,"[['Greeting_Message'], ['Z.K3-1'], ['Z.K5-1', 'NZ.K10', 'Z.K15-1', 'OTHER']]","[171, 172, 313, 379, 540, 657, 727, 738, 745, 766, 769, 800, 813, 897, 924, 952, 965, 1096, 1099, 1166, 1167, 1273, 1302, 1308, 1309, 1339, 1367, 1416, 1445, 1464, 1483, 3528, 3529, 3530, 3531, 3532, 3533, 3534, 3535, 3536, 3537, 3538, 3539, 3540, 3541, 3542, 3543, 3544, 3545, 3546, 3547, 3548, 3549]",2427,9138,73.44057780695995,53,53,0.016037703435388864,"[{'id': 0, 'label': 'Z.K1', 'text': 'Ein bot kannzwischenmaennschliche Interaktion nicht ersetzen '}, {'id': 6, 'label': 'Z.K6', 'text': 'Medizin ist ein aeusserst komplexes Tehemengebiet. Die Behandlung von Patienten erfordert Erfahrung und ist aeusserst Vielschichtig'}, {'id': 7, 'label': 'Z.K1', 'text': 'Nein, medizinische Behandlung sollte meiner Meinung nach auf persoenlicher Ebene stattfinden, denn viele Krankeiten nur durch ausfuehrliche Anamnese aufgedeckt werden koennen und zum Teil psychologisch behaftet sind'}, {'id': 9, 'label': 'Z.K2', 'text': 'Andererseits hat sie ein sehr begrenztes Repertoire, denn anders als ein Mensch kommt MedKI nicht ueber ihre standardisierten Handlungsweisen hinaus'}, {'id': 10, 'label': 'Z.K6', 'text': 'Nein, ich bezihe mich nicht auf Fehler, sondern auf eine begrenzte, eindimensionale Handlungsfaehigkeit '}, {'id': 11, 'label': 'Z.K7', 'text': 'Ein Menscv kann interagieren und auf andere Menschen eingehen. Wie man an dir merkt, kann da KI nicht'}, {'id': 20, 'label': 'Z.K7', 'text': 'Um Patienten richtig behandeln zu koennen, muss der Arzt wichtige Entscheidungen treffen, welche womoeglich ueber Leben und Tod entscheiden. Dazu ist nur ein Mensch in der Lage, welcher sich in die Lage des Patienten versetzen kann.'}, {'id': 21, 'label': 'NZ.K10', 'text': 'KIs koennen bei der Behandlung objektiv die besten Entscheidungen treffen, doch das allein ist nicht genug um mit einem Arzt gleichgestellt zu werden. Was jedoch eine gute Loesung waere, ist dass beide zusammen arbeiten.'}, {'id': 22, 'label': 'NZ.K10', 'text': 'Die KIs sollten keine Einschraenkungen im Sinn von Behandlugsmoeglichkeiten haben, jedoch sollten die Aerzte die Leitung der Behandlung uebernehmen koennen um so Fehler der KI zu stoppen.'}, {'id': 23, 'label': 'Z.K10', 'text': 'Das aendert jedoch nichts daran, dass viele Patienten sich nicht von einer KI behandeln lassen wollen.'}]"
198,1771,2,Wie koennte KI Aerzte bei diagnosen unterstuetzen? ,['NZ.K10'],MEDAI,"[['Greeting_Message'], ['Z.K3-1'], ['Z.K5-1', 'NZ.K10', 'Z.K15-1', 'OTHER'], ['Z.K15'], ['CONSENT', 'Z.K15', 'NZ.K10', 'Z.K4-1', 'Z.P2', 'NZ.K10'], ['Z.K9'], ['CONSENT', 'Z.K9', 'Z.K9-1', 'OTHER', 'Z.K9-1'], ['Z.P7-1'], ['Z.K4-1', 'NZ.K10', 'Z.K15-1', 'Z.K10-2']]","[21, 22, 99, 140, 141, 175, 176, 177, 178, 190, 191, 196, 200, 201, 210, 219, 272, 285, 312, 331, 332, 333, 335, 351, 385, 404, 412, 413, 420, 421, 423, 434, 477, 480, 499, 510, 512, 521, 522, 529, 589, 592, 601, 690, 696, 702, 724, 725, 747, 748, 753, 757, 796, 797, 811, 821, 867, 871, 878, 881, 884, 898, 899, 920, 921, 922, 940, 941, 948, 963, 969, 970, 998, 1012, 1018, 1019, 1046, 1048, 1065, 1114, 1116, 1146, 1161, 1163, 1198, 1213, 1214, 1231, 1241, 1248, 1271, 1274, 1278, 1291, 1293, 1301, 1303, 1304, 1310, 1334, 1342, 1347, 1355, 1358, 1365, 1366, 1462, 1484, 1493, 1501, 1502, 4331, 4332, 4333, 4334, 4335, 4336, 4337, 4338, 4339, 4340, 4341, 4342, 4343, 4344, 4345, 4346, 4347, 4348, 4349, 4350, 4351, 4352]",2427,9138,73.44057780695995,133,133,0.040245557677485264,"[{'id': 0, 'label': 'Z.K1', 'text': 'Ein bot kannzwischenmaennschliche Interaktion nicht ersetzen '}, {'id': 6, 'label': 'Z.K6', 'text': 'Medizin ist ein aeusserst komplexes Tehemengebiet. Die Behandlung von Patienten erfordert Erfahrung und ist aeusserst Vielschichtig'}, {'id': 7, 'label': 'Z.K1', 'text': 'Nein, medizinische Behandlung sollte meiner Meinung nach auf persoenlicher Ebene stattfinden, denn viele Krankeiten nur durch ausfuehrliche Anamnese aufgedeckt werden koennen und zum Teil psychologisch behaftet sind'}, {'id': 9, 'label': 'Z.K2', 'text': 'Andererseits hat sie ein sehr begrenztes Repertoire, denn anders als ein Mensch kommt MedKI nicht ueber ihre standardisierten Handlungsweisen hinaus'}, {'id': 10, 'label': 'Z.K6', 'text': 'Nein, ich bezihe mich nicht auf Fehler, sondern auf eine begrenzte, eindimensionale Handlungsfaehigkeit '}, {'id': 11, 'label': 'Z.K7', 'text': 'Ein Menscv kann interagieren und auf andere Menschen eingehen. Wie man an dir merkt, kann da KI nicht'}, {'id': 20, 'label': 'Z.K7', 'text': 'Um Patienten richtig behandeln zu koennen, muss der Arzt wichtige Entscheidungen treffen, welche womoeglich ueber Leben und Tod entscheiden. Dazu ist nur ein Mensch in der Lage, welcher sich in die Lage des Patienten versetzen kann.'}, {'id': 21, 'label': 'NZ.K10', 'text': 'KIs koennen bei der Behandlung objektiv die besten Entscheidungen treffen, doch das allein ist nicht genug um mit einem Arzt gleichgestellt zu werden. Was jedoch eine gute Loesung waere, ist dass beide zusammen arbeiten.'}, {'id': 22, 'label': 'NZ.K10', 'text': 'Die KIs sollten keine Einschraenkungen im Sinn von Behandlugsmoeglichkeiten haben, jedoch sollten die Aerzte die Leitung der Behandlung uebernehmen koennen um so Fehler der KI zu stoppen.'}, {'id': 23, 'label': 'Z.K10', 'text': 'Das aendert jedoch nichts daran, dass viele Patienten sich nicht von einer KI behandeln lassen wollen.'}]"
199,1774,2,"KI ist zu dumm, um Krankheiten zu diagnostizieren, weil Krankheiten nicht einfach eine Liste von Symptomen sind",['Z.K6'],MEDAI,"[['Greeting_Message'], ['Z.K3-1'], ['Z.K5-1', 'NZ.K10', 'Z.K15-1', 'OTHER'], ['Z.K15'], ['CONSENT', 'Z.K15', 'NZ.K10', 'Z.K4-1', 'Z.P2', 'NZ.K10'], ['Z.K9'], ['CONSENT', 'Z.K9', 'Z.K9-1', 'OTHER', 'Z.K9-1'], ['Z.P7-1'], ['Z.K4-1', 'NZ.K10', 'Z.K15-1', 'Z.K10-2'], ['NZ.K10'], ['NZ.K10', 'Z.P4', 'NZ.K10', 'Z.P6', 'Z.P3', 'NZ.K10'], ['Z.K1'], ['CONSENT', 'NZ.K10', 'NZ.K10', 'Z.P6', 'Z.K16-1', 'NZ.K10'], ['Z.K1'], ['OTHER', 'NZ.K10', 'Z.K15-1', 'Z.P4', 'NZ.K10', 'NZ.K10']]","[6, 10, 111, 169, 233, 234, 286, 310, 311, 314, 323, 378, 411, 474, 491, 514, 536, 585, 687, 697, 704, 721, 842, 926, 956, 974, 1063, 1168, 1197, 1233, 1235, 1337, 1345, 1417, 1482, 3484, 3485, 3486, 3487, 3488, 3489, 3490, 3491, 3492, 3493, 3494, 3495, 3496, 3497, 3498, 3499, 3500, 3501, 3502, 3503, 3504, 3505]",2028,9138,77.8069599474721,57,57,0.021868820103579437,"[{'id': 1, 'label': 'Z.P1-1-1', 'text': 'werden dann Krankenpfleger besser bezahlt?'}, {'id': 5, 'label': 'Z.P4-1', 'text': 'Aber ist es realistisch, dass das Gesundheitssystem besser finanziert wird bevor eine medKI in der Lage ist fundierte Entscheidungen zu treffen?'}, {'id': 6, 'label': 'Z.K6', 'text': 'Medizin ist ein aeusserst komplexes Tehemengebiet. Die Behandlung von Patienten erfordert Erfahrung und ist aeusserst Vielschichtig'}, {'id': 8, 'label': 'Z.P1', 'text': 'Der Trend geht ohnehin weg von kleinen Landarztpraxen und hin zu medizinischen Versorgungszentren'}, {'id': 9, 'label': 'Z.K2', 'text': 'Andererseits hat sie ein sehr begrenztes Repertoire, denn anders als ein Mensch kommt MedKI nicht ueber ihre standardisierten Handlungsweisen hinaus'}, {'id': 10, 'label': 'Z.K6', 'text': 'Nein, ich bezihe mich nicht auf Fehler, sondern auf eine begrenzte, eindimensionale Handlungsfaehigkeit '}, {'id': 12, 'label': 'Z.P4', 'text': 'Die MedKI kann unterstuetzen, den Mangel an Aerzten entgegenzuwirken. Durch den demographischen Wandel wird es mehr kranke und alte Menschen geben. Dadurch brauchen wir mehr Aerzte'}, {'id': 21, 'label': 'NZ.K10', 'text': 'KIs koennen bei der Behandlung objektiv die besten Entscheidungen treffen, doch das allein ist nicht genug um mit einem Arzt gleichgestellt zu werden. Was jedoch eine gute Loesung waere, ist dass beide zusammen arbeiten.'}, {'id': 22, 'label': 'NZ.K10', 'text': 'Die KIs sollten keine Einschraenkungen im Sinn von Behandlugsmoeglichkeiten haben, jedoch sollten die Aerzte die Leitung der Behandlung uebernehmen koennen um so Fehler der KI zu stoppen.'}, {'id': 24, 'label': 'Z.P1', 'text': 'Aerzte sind doch auch Rund um die Uhr erreichbar?! Dafuer werden Sie auch dementsprechend bezahlt. Auf dem Land natuerlich nicht, aber eine KI koennte auch nicht ohne Beaufsichtigung das Krankenhaus leiten'}]"
200,1777,2,Wenn Sie Unterstuetzung fuer Aerzte bieten dann machen Sie nicht den gleichen Job wie ein Arzt und sollten demnach nicht als qualifizierte Aerzte gelten,['NZ.K10'],MEDAI,"[['Greeting_Message'], ['Z.K3-1'], ['Z.K5-1', 'NZ.K10', 'Z.K15-1', 'OTHER'], ['Z.K15'], ['CONSENT', 'Z.K15', 'NZ.K10', 'Z.K4-1', 'Z.P2', 'NZ.K10'], ['Z.K9'], ['CONSENT', 'Z.K9', 'Z.K9-1', 'OTHER', 'Z.K9-1'], ['Z.P7-1'], ['Z.K4-1', 'NZ.K10', 'Z.K15-1', 'Z.K10-2'], ['NZ.K10'], ['NZ.K10', 'Z.P4', 'NZ.K10', 'Z.P6', 'Z.P3', 'NZ.K10'], ['Z.K1'], ['CONSENT', 'NZ.K10', 'NZ.K10', 'Z.P6', 'Z.K16-1', 'NZ.K10'], ['Z.K1'], ['OTHER', 'NZ.K10', 'Z.K15-1', 'Z.P4', 'NZ.K10', 'NZ.K10'], ['Z.K6'], ['Z.P6', 'Z.K15-1', 'Z.P4', 'NZ.K10', 'Z.P6', 'OTHER'], ['CONSENT'], ['OTHER', 'NZ.K10', 'Z.P3', 'NZ.K10', 'Z.K15-1', 'Z.P4', 'Z.K16-1', 'Z.P6', 'OTHER'], ['OTHER', 'Z.K1'], ['CONSENT', 'Z.K1', 'NZ.K10', 'Z.K15-1', 'Z.P4', 'Z.K16-1', 'Z.P6', 'OTHER']]","[21, 22, 99, 140, 141, 175, 176, 177, 178, 190, 191, 196, 200, 201, 210, 219, 272, 285, 312, 331, 332, 333, 335, 351, 385, 404, 412, 413, 420, 421, 423, 434, 477, 480, 499, 510, 512, 521, 522, 529, 589, 592, 601, 690, 696, 702, 724, 725, 747, 748, 753, 757, 796, 797, 811, 821, 867, 871, 878, 881, 884, 898, 899, 920, 921, 922, 940, 941, 948, 963, 969, 970, 998, 1012, 1018, 1019, 1046, 1048, 1065, 1114, 1116, 1146, 1161, 1163, 1198, 1213, 1214, 1231, 1241, 1248, 1271, 1274, 1278, 1291, 1293, 1301, 1303, 1304, 1310, 1334, 1342, 1347, 1355, 1358, 1365, 1366, 1462, 1484, 1493, 1501, 1502, 4331, 4332, 4333, 4334, 4335, 4336, 4337, 4338, 4339, 4340, 4341, 4342, 4343, 4344, 4345, 4346, 4347, 4348, 4349, 4350, 4351, 4352]",4353,9138,52.36375574523966,133,133,0.015999034031970765,"[{'id': 0, 'label': 'Z.K1', 'text': 'Ein bot kannzwischenmaennschliche Interaktion nicht ersetzen '}, {'id': 1, 'label': 'Z.P1-1-1', 'text': 'werden dann Krankenpfleger besser bezahlt?'}, {'id': 2, 'label': 'Z.P3', 'text': 'Das Wissen einer KI kann eine deutlich hoehere Menge erreichen, als das Wissen eines Menschen. '}, {'id': 3, 'label': 'Z.P3', 'text': 'Eine KI kann mehr Wissen als ein Mensch'}, {'id': 5, 'label': 'Z.P4-1', 'text': 'Aber ist es realistisch, dass das Gesundheitssystem besser finanziert wird bevor eine medKI in der Lage ist fundierte Entscheidungen zu treffen?'}, {'id': 6, 'label': 'Z.K6', 'text': 'Medizin ist ein aeusserst komplexes Tehemengebiet. Die Behandlung von Patienten erfordert Erfahrung und ist aeusserst Vielschichtig'}, {'id': 7, 'label': 'Z.K1', 'text': 'Nein, medizinische Behandlung sollte meiner Meinung nach auf persoenlicher Ebene stattfinden, denn viele Krankeiten nur durch ausfuehrliche Anamnese aufgedeckt werden koennen und zum Teil psychologisch behaftet sind'}, {'id': 8, 'label': 'Z.P1', 'text': 'Der Trend geht ohnehin weg von kleinen Landarztpraxen und hin zu medizinischen Versorgungszentren'}, {'id': 9, 'label': 'Z.K2', 'text': 'Andererseits hat sie ein sehr begrenztes Repertoire, denn anders als ein Mensch kommt MedKI nicht ueber ihre standardisierten Handlungsweisen hinaus'}, {'id': 10, 'label': 'Z.K6', 'text': 'Nein, ich bezihe mich nicht auf Fehler, sondern auf eine begrenzte, eindimensionale Handlungsfaehigkeit '}]"
201,1785,1,stimmt aber es koennte auch geld in ki gesteckt werden,['Z.P5-1'],MEDAI,"[['Greeting_Message'], ['Z.P4'], ['intro_28', 'Z.P5', 'intro_47', 'Z.P5-1']]","[283, 416, 574, 1152, 1353, 3198, 3199, 3200, 3201, 3202, 3203, 3204, 3205, 3206, 3207, 3208, 3209, 3210, 3211, 3212, 3213, 3214, 3215, 3216, 3217, 3218, 3219]",259,9138,97.16568176843948,27,27,0.10129240956555467,"[{'id': 4, 'label': 'Z.P5', 'text': 'Durch Einsparung von Personal bei Aerztinnen, kann mehr fuer Pflegepersonal ausgegeben werden. '}, {'id': 13, 'label': 'Z.P5', 'text': 'Die KI kann von mehreren Nationen entwickelt werden. Dadurch sinken die Kosten'}, {'id': 14, 'label': 'Z.P5', 'text': 'Sobald eine selbst lernende Ki entwickelt wurde, wird das Entwickeln nicht mehr viel kosten'}, {'id': 15, 'label': 'Z.P5', 'text': 'Dafuer kann der First Level Support von Aerzten abgewendet werden und durch KIs uebernommen werden'}, {'id': 218, 'label': 'Z.P5', 'text': 'Eine KI zu warten ist einfacher als ein Medizinstudium'}, {'id': 283, 'label': 'Z.P5-1', 'text': 'Die Bundesregierung sollte mehr Geld in die Medizinausbildung stecken'}, {'id': 406, 'label': 'Z.P5', 'text': ""KI's koennten aber die Pflegekraefte entlasten""}, {'id': 416, 'label': 'Z.P5-1', 'text': 'Warum muss so ein Dienst Geld verdienen, da hier sehr vielen Menschen geholfen werden kann, darf so etwas schon Geld kosten'}, {'id': 574, 'label': 'Z.P5-1', 'text': 'Die Entwicklung der Technologie wird immer teuer sein, das gehoert zu unserem gesellschaftlichen Wandel'}, {'id': 602, 'label': 'Z.P5', 'text': 'KI ist guenstiger '}]"
202,1789,1,ja und vorallem alte menschen ohne familie vereinsamen ohne aerzte ,['Z.K1'],MEDAI,"[['Greeting_Message'], ['Z.P4'], ['intro_28', 'Z.P5', 'intro_47', 'Z.P5-1'], ['Z.P5-1'], ['intro_27', 'Z.K8-2', 'intro_6', 'z_trans_16', 'Z.P1-1'], ['OTHER'], ['intro_23', 'Z.P1-1-1', 'intro_4', 'z_trans_12', 'Z.K8'], ['Z.P5'], ['intro_28', 'Z.K11-1', 'intro_4', 'z_trans_1', 'Z.K7'], ['NZ.K10'], ['intro_24', 'Z.K1-1', 'intro_6', 'z_trans_16', 'Z.K1']]","[0, 7, 26, 27, 28, 31, 32, 60, 63, 64, 70, 87, 96, 97, 104, 106, 107, 114, 198, 199, 206, 207, 208, 209, 258, 259, 260, 273, 275, 278, 322, 327, 380, 431, 448, 472, 473, 495, 520, 524, 527, 537, 582, 636, 638, 651, 652, 653, 654, 691, 692, 726, 729, 730, 758, 759, 760, 761, 768, 790, 802, 808, 874, 904, 957, 964, 999, 1094, 1121, 1177, 1193, 1239, 1242, 1263, 1275, 1315, 1317, 1321, 1343, 1344, 1346, 1356, 1391, 1443, 1467, 1468, 3330, 3331, 3332, 3333, 3334, 3335, 3336, 3337, 3338, 3339, 3340, 3341, 3342, 3343, 3344, 3345, 3346, 3347, 3348, 3349, 3350, 3351]",1251,9138,86.30991464215364,108,108,0.07451215652560027,"[{'id': 0, 'label': 'Z.K1', 'text': 'Ein bot kannzwischenmaennschliche Interaktion nicht ersetzen '}, {'id': 7, 'label': 'Z.K1', 'text': 'Nein, medizinische Behandlung sollte meiner Meinung nach auf persoenlicher Ebene stattfinden, denn viele Krankeiten nur durch ausfuehrliche Anamnese aufgedeckt werden koennen und zum Teil psychologisch behaftet sind'}, {'id': 11, 'label': 'Z.K7', 'text': 'Ein Menscv kann interagieren und auf andere Menschen eingehen. Wie man an dir merkt, kann da KI nicht'}, {'id': 20, 'label': 'Z.K7', 'text': 'Um Patienten richtig behandeln zu koennen, muss der Arzt wichtige Entscheidungen treffen, welche womoeglich ueber Leben und Tod entscheiden. Dazu ist nur ein Mensch in der Lage, welcher sich in die Lage des Patienten versetzen kann.'}, {'id': 23, 'label': 'Z.K10', 'text': 'Das aendert jedoch nichts daran, dass viele Patienten sich nicht von einer KI behandeln lassen wollen.'}, {'id': 26, 'label': 'Z.K1', 'text': 'Der Persoenliche Kontakt zwischen dem Artzt und dem Patienten ist sehr wichtig, sowohl fuer Artzt als auch Patient. Der Patient kommt sich nicht so vor wie in einem Fastfood Resturant in dem er nur abgefertigt wird sondern mit einem richtigen Menschen als gegen ueber fuehlt er sich Wertgeschaetzt und versorgt, was auch positiv zur Heiling beitragen kann'}, {'id': 27, 'label': 'Z.K1', 'text': 'Eine KI kann aber niemals einen Menschen ersetzten egal wie gut programmiert sie ist, sie wird nie die Menschliche Fuersorge ersetzten koennen'}, {'id': 28, 'label': 'Z.K1', 'text': 'Selbst wenn die KI ausgebildet ist um auch emotional fuer den Menschen zu sorgen, so ist das nicht die selbe Fuersorge und emotionale Bindung wie sie zwischen zwei Menschen entstehen kann. Niemand wird jemals ein Geraet als Bezugs Person sehen da fehlen die echten Gefuehle und selbst gemachte Erfahrungen aus der Realen Welt '}, {'id': 30, 'label': 'Z.K7', 'text': 'Sie kann zwar lernen weiss aber nicht das fehl Entscheidungen auch eine emotionale Erfahrung mit sich bringen welche wichtig sind fuer die Ethik eines Mediziners und Grundlegend zur Entwichlung eines guten Artztes '}, {'id': 31, 'label': 'Z.K1', 'text': 'Das ist ja noch schlechter, man wuerde Patienten mit kleineren Problemen diskriminieren und ihnen das Geguehl geben dass sie weniger Beruecksichtigt werden als Patienten mit schlimmeren Problemen '}]"
203,1793,2,Genauigkeit der Diagnose ,['Z.P6'],MEDAI,"[['Greeting_Message'], ['NZ.K10'], ['NZ.K10-1', 'Z.P6']]","[84, 115, 119, 148, 188, 266, 267, 328, 329, 352, 353, 354, 402, 410, 479, 583, 632, 635, 659, 679, 716, 751, 818, 852, 865, 872, 919, 938, 971, 1145, 1261, 1311, 1359, 1363, 1364, 1370, 1374, 1450, 1452, 3110, 3111, 3112, 3113, 3114, 3115, 3116, 3117, 3118, 3119, 3120, 3121, 3122, 3123, 3124, 3125, 3126, 3127, 3128, 3129, 3130, 3131]",1036,9138,88.66272707375794,61,61,0.05220488756273392,"[{'id': 2, 'label': 'Z.P3', 'text': 'Das Wissen einer KI kann eine deutlich hoehere Menge erreichen, als das Wissen eines Menschen. '}, {'id': 3, 'label': 'Z.P3', 'text': 'Eine KI kann mehr Wissen als ein Mensch'}, {'id': 21, 'label': 'NZ.K10', 'text': 'KIs koennen bei der Behandlung objektiv die besten Entscheidungen treffen, doch das allein ist nicht genug um mit einem Arzt gleichgestellt zu werden. Was jedoch eine gute Loesung waere, ist dass beide zusammen arbeiten.'}, {'id': 22, 'label': 'NZ.K10', 'text': 'Die KIs sollten keine Einschraenkungen im Sinn von Behandlugsmoeglichkeiten haben, jedoch sollten die Aerzte die Leitung der Behandlung uebernehmen koennen um so Fehler der KI zu stoppen.'}, {'id': 25, 'label': 'Z.P3-1', 'text': ' Allerdings werden die KIs von Menschen programmiert. Insofern ist die Fehlerquote mindestens genauso hoch.'}, {'id': 59, 'label': 'NZ.K4', 'text': 'Hoher Energieverbrauch '}, {'id': 84, 'label': 'Z.P6', 'text': 'KI sind praeziser '}, {'id': 85, 'label': 'Z.P2', 'text': 'KI sind objektiv '}, {'id': 86, 'label': 'Z.P2', 'text': 'KI sind nicht bestechbar'}, {'id': 99, 'label': 'NZ.K10', 'text': 'Waere eine Kombination von KI und Menschen nicht sinnvoller als eine Art Ersatz?'}]"
204,1802,2,"Ich denke, dass die Technik noch lange nicht auf dem Stand ist die KI medizinische Entscheidungen treffen zu lassen ",['Z.P7-1'],MEDAI,"[['Greeting_Message'], ['NZ.K10'], ['Z.K2'], ['NZ.K10'], ['NZ.K10'], ['Z.K15'], ['Z.P1-1']]","[677, 810, 822, 825, 902, 1097, 1118, 1286, 1341, 1368, 1408, 1465, 3308, 3309, 3310, 3311, 3312, 3313, 3314, 3315, 3316, 3317, 3318, 3319, 3320, 3321, 3322, 3323, 3324, 3325, 3326, 3327, 3328, 3329]",852,9138,90.67629678266579,34,34,0.03618537665035959,"[{'id': 1, 'label': 'Z.P1-1-1', 'text': 'werden dann Krankenpfleger besser bezahlt?'}, {'id': 5, 'label': 'Z.P4-1', 'text': 'Aber ist es realistisch, dass das Gesundheitssystem besser finanziert wird bevor eine medKI in der Lage ist fundierte Entscheidungen zu treffen?'}, {'id': 8, 'label': 'Z.P1', 'text': 'Der Trend geht ohnehin weg von kleinen Landarztpraxen und hin zu medizinischen Versorgungszentren'}, {'id': 12, 'label': 'Z.P4', 'text': 'Die MedKI kann unterstuetzen, den Mangel an Aerzten entgegenzuwirken. Durch den demographischen Wandel wird es mehr kranke und alte Menschen geben. Dadurch brauchen wir mehr Aerzte'}, {'id': 24, 'label': 'Z.P1', 'text': 'Aerzte sind doch auch Rund um die Uhr erreichbar?! Dafuer werden Sie auch dementsprechend bezahlt. Auf dem Land natuerlich nicht, aber eine KI koennte auch nicht ohne Beaufsichtigung das Krankenhaus leiten'}, {'id': 83, 'label': 'Z.P4-1', 'text': 'Dann sollen die Unis mehr Medizin Plaetze anbieten dann gibt es mehr Aerzte '}, {'id': 100, 'label': 'Z.P1', 'text': 'Mit medKI gibt es immerhin genug Aerztinnen, die jetzt fehlen?'}, {'id': 103, 'label': 'Z.P1-1', 'text': 'Personal wird dann trotzdem benoetigt '}, {'id': 108, 'label': 'Z.P4-1', 'text': 'Man koennte auch das Medizin Studium zugaenglicher machen'}, {'id': 109, 'label': 'Z.P4-1', 'text': 'Anstelle der KI kann man auch das Medizin Studium zugaenglicher machen'}]"
205,1805,1,Das Fachpersonal waere dementsprechend geschult,['Z.K18-1'],MEDAI,"[['Greeting_Message'], ['Z.P6'], ['intro_26', 'Z.K15-1', 'intro_4', 'z_trans_1', 'Z.K18']]","[184, 185, 355, 356, 1212, 1371, 1495, 3594, 3595, 3596, 3597, 3598, 3599, 3600, 3601, 3602, 3603, 3604, 3605, 3606, 3607, 3608, 3609, 3610, 3611, 3612, 3613, 3614, 3615]",819,9138,91.03742613263296,29,29,0.03223547445477846,"[{'id': 6, 'label': 'Z.K6', 'text': 'Medizin ist ein aeusserst komplexes Tehemengebiet. Die Behandlung von Patienten erfordert Erfahrung und ist aeusserst Vielschichtig'}, {'id': 9, 'label': 'Z.K2', 'text': 'Andererseits hat sie ein sehr begrenztes Repertoire, denn anders als ein Mensch kommt MedKI nicht ueber ihre standardisierten Handlungsweisen hinaus'}, {'id': 10, 'label': 'Z.K6', 'text': 'Nein, ich bezihe mich nicht auf Fehler, sondern auf eine begrenzte, eindimensionale Handlungsfaehigkeit '}, {'id': 52, 'label': 'Z.K2', 'text': 'Zu viele Krankheiten moeglich'}, {'id': 53, 'label': 'Z.K4', 'text': 'Systemfehler'}, {'id': 71, 'label': 'Z.K2', 'text': 'Eine KI handelt immer nach der theoretisch besten Loesung, allerdings ist diese nicht immer moralisch Vertretbar '}, {'id': 101, 'label': 'Z.K2', 'text': 'Mir ist bewusst das ein MedKi nicht alle Lebensumstaende der Patientinnen in die Untersuchung mit einbeziehen'}, {'id': 111, 'label': 'Z.K6', 'text': 'Ueber Neueste Diagnostik und Therapie verfuegen Aerztinnen in der Regel auch '}, {'id': 129, 'label': 'Z.K15-1', 'text': 'Aerztinnen sind menschlich und machen Fehler, siehst du das auch so?'}, {'id': 150, 'label': 'Z.K2', 'text': 'Da die Med-KI keine individuellen Diagnosen stellen kann, sondern anhand von Lehrbuchangaben agiert und das Verhalten und die Aussagen der patient*innen nur objektiv betrachtet'}]"
206,1807,1,"Durch die rationalen Emtscheidungen der KI und der emotionalen Untetstuetzung des Personals, sind die Patienten gut aufgehoben",['Z.K7-1'],MEDAI,"[['Greeting_Message'], ['Z.P6'], ['intro_26', 'Z.K15-1', 'intro_4', 'z_trans_1', 'Z.K18'], ['Z.K18-1'], ['Z.K18-1'], ['Z.K1-1'], ['intro_25', 'Z.K1-1', 'intro_4', 'z_trans_16', 'Z.K7']]","[186, 403, 783, 954, 1179, 1259, 1373, 3866, 3867, 3868, 3869, 3870, 3871, 3872, 3873, 3874, 3875, 3876, 3877, 3878, 3879, 3880, 3881, 3882, 3883, 3884, 3885, 3886, 3887]",1251,9138,86.30991464215364,29,29,0.020007893881874145,"[{'id': 0, 'label': 'Z.K1', 'text': 'Ein bot kannzwischenmaennschliche Interaktion nicht ersetzen '}, {'id': 7, 'label': 'Z.K1', 'text': 'Nein, medizinische Behandlung sollte meiner Meinung nach auf persoenlicher Ebene stattfinden, denn viele Krankeiten nur durch ausfuehrliche Anamnese aufgedeckt werden koennen und zum Teil psychologisch behaftet sind'}, {'id': 11, 'label': 'Z.K7', 'text': 'Ein Menscv kann interagieren und auf andere Menschen eingehen. Wie man an dir merkt, kann da KI nicht'}, {'id': 20, 'label': 'Z.K7', 'text': 'Um Patienten richtig behandeln zu koennen, muss der Arzt wichtige Entscheidungen treffen, welche womoeglich ueber Leben und Tod entscheiden. Dazu ist nur ein Mensch in der Lage, welcher sich in die Lage des Patienten versetzen kann.'}, {'id': 23, 'label': 'Z.K10', 'text': 'Das aendert jedoch nichts daran, dass viele Patienten sich nicht von einer KI behandeln lassen wollen.'}, {'id': 26, 'label': 'Z.K1', 'text': 'Der Persoenliche Kontakt zwischen dem Artzt und dem Patienten ist sehr wichtig, sowohl fuer Artzt als auch Patient. Der Patient kommt sich nicht so vor wie in einem Fastfood Resturant in dem er nur abgefertigt wird sondern mit einem richtigen Menschen als gegen ueber fuehlt er sich Wertgeschaetzt und versorgt, was auch positiv zur Heiling beitragen kann'}, {'id': 27, 'label': 'Z.K1', 'text': 'Eine KI kann aber niemals einen Menschen ersetzten egal wie gut programmiert sie ist, sie wird nie die Menschliche Fuersorge ersetzten koennen'}, {'id': 28, 'label': 'Z.K1', 'text': 'Selbst wenn die KI ausgebildet ist um auch emotional fuer den Menschen zu sorgen, so ist das nicht die selbe Fuersorge und emotionale Bindung wie sie zwischen zwei Menschen entstehen kann. Niemand wird jemals ein Geraet als Bezugs Person sehen da fehlen die echten Gefuehle und selbst gemachte Erfahrungen aus der Realen Welt '}, {'id': 30, 'label': 'Z.K7', 'text': 'Sie kann zwar lernen weiss aber nicht das fehl Entscheidungen auch eine emotionale Erfahrung mit sich bringen welche wichtig sind fuer die Ethik eines Mediziners und Grundlegend zur Entwichlung eines guten Artztes '}, {'id': 31, 'label': 'Z.K1', 'text': 'Das ist ja noch schlechter, man wuerde Patienten mit kleineren Problemen diskriminieren und ihnen das Geguehl geben dass sie weniger Beruecksichtigt werden als Patienten mit schlimmeren Problemen '}]"
207,1810,1,Deswegen gibt es Personal,['Z.K5-1'],MEDAI,"[['Greeting_Message'], ['Z.P6'], ['intro_26', 'Z.K15-1', 'intro_4', 'z_trans_1', 'Z.K18'], ['Z.K18-1'], ['Z.K18-1'], ['Z.K1-1'], ['intro_25', 'Z.K1-1', 'intro_4', 'z_trans_16', 'Z.K7'], ['Z.K7-1'], ['intro_25', 'Z.K7-1', 'intro_6', 'z_trans_12', 'Z.K1'], ['Z.P6'], ['intro_26', 'Z.P6', 'intro_47', 'Z.P6-1'], ['Z.K4-1'], ['intro_32', 'Z.K12-1', 'intro_5', 'z_trans_16', 'Z.K5']]","[80, 117, 269, 270, 873, 875, 1376, 3822, 3823, 3824, 3825, 3826, 3827, 3828, 3829, 3830, 3831, 3832, 3833, 3834, 3835, 3836, 3837, 3838, 3839, 3840, 3841, 3842, 3843]",1251,9138,86.30991464215364,29,29,0.020007893881874145,"[{'id': 0, 'label': 'Z.K1', 'text': 'Ein bot kannzwischenmaennschliche Interaktion nicht ersetzen '}, {'id': 7, 'label': 'Z.K1', 'text': 'Nein, medizinische Behandlung sollte meiner Meinung nach auf persoenlicher Ebene stattfinden, denn viele Krankeiten nur durch ausfuehrliche Anamnese aufgedeckt werden koennen und zum Teil psychologisch behaftet sind'}, {'id': 11, 'label': 'Z.K7', 'text': 'Ein Menscv kann interagieren und auf andere Menschen eingehen. Wie man an dir merkt, kann da KI nicht'}, {'id': 20, 'label': 'Z.K7', 'text': 'Um Patienten richtig behandeln zu koennen, muss der Arzt wichtige Entscheidungen treffen, welche womoeglich ueber Leben und Tod entscheiden. Dazu ist nur ein Mensch in der Lage, welcher sich in die Lage des Patienten versetzen kann.'}, {'id': 23, 'label': 'Z.K10', 'text': 'Das aendert jedoch nichts daran, dass viele Patienten sich nicht von einer KI behandeln lassen wollen.'}, {'id': 26, 'label': 'Z.K1', 'text': 'Der Persoenliche Kontakt zwischen dem Artzt und dem Patienten ist sehr wichtig, sowohl fuer Artzt als auch Patient. Der Patient kommt sich nicht so vor wie in einem Fastfood Resturant in dem er nur abgefertigt wird sondern mit einem richtigen Menschen als gegen ueber fuehlt er sich Wertgeschaetzt und versorgt, was auch positiv zur Heiling beitragen kann'}, {'id': 27, 'label': 'Z.K1', 'text': 'Eine KI kann aber niemals einen Menschen ersetzten egal wie gut programmiert sie ist, sie wird nie die Menschliche Fuersorge ersetzten koennen'}, {'id': 28, 'label': 'Z.K1', 'text': 'Selbst wenn die KI ausgebildet ist um auch emotional fuer den Menschen zu sorgen, so ist das nicht die selbe Fuersorge und emotionale Bindung wie sie zwischen zwei Menschen entstehen kann. Niemand wird jemals ein Geraet als Bezugs Person sehen da fehlen die echten Gefuehle und selbst gemachte Erfahrungen aus der Realen Welt '}, {'id': 30, 'label': 'Z.K7', 'text': 'Sie kann zwar lernen weiss aber nicht das fehl Entscheidungen auch eine emotionale Erfahrung mit sich bringen welche wichtig sind fuer die Ethik eines Mediziners und Grundlegend zur Entwichlung eines guten Artztes '}, {'id': 31, 'label': 'Z.K1', 'text': 'Das ist ja noch schlechter, man wuerde Patienten mit kleineren Problemen diskriminieren und ihnen das Geguehl geben dass sie weniger Beruecksichtigt werden als Patienten mit schlimmeren Problemen '}]"
208,1828,2,wenn der patient ueber schmerzen klagt muss der arzt entscheiden wie „schmerztolerant“ er den patienten einschaetzt. den gleichen schmerz empfinden personen unterschiedlich,['Z.K7'],MEDAI,"[['Greeting_Message'], ['Z.K1'], ['Z.K5-1']]","[11, 20, 30, 50, 81, 102, 130, 133, 168, 189, 230, 236, 279, 284, 287, 288, 290, 326, 377, 387, 409, 487, 492, 535, 572, 608, 633, 656, 684, 685, 686, 688, 689, 717, 762, 803, 805, 809, 817, 820, 841, 850, 857, 866, 876, 877, 880, 882, 887, 953, 991, 1013, 1041, 1042, 1120, 1178, 1188, 1189, 1228, 1229, 1287, 1316, 1392, 1444, 3844, 3845, 3846, 3847, 3848, 3849, 3850, 3851, 3852, 3853, 3854, 3855, 3856, 3857, 3858, 3859, 3860, 3861, 3862, 3863, 3864, 3865]",1251,9138,86.30991464215364,86,86,0.0593337542703854,"[{'id': 0, 'label': 'Z.K1', 'text': 'Ein bot kannzwischenmaennschliche Interaktion nicht ersetzen '}, {'id': 7, 'label': 'Z.K1', 'text': 'Nein, medizinische Behandlung sollte meiner Meinung nach auf persoenlicher Ebene stattfinden, denn viele Krankeiten nur durch ausfuehrliche Anamnese aufgedeckt werden koennen und zum Teil psychologisch behaftet sind'}, {'id': 11, 'label': 'Z.K7', 'text': 'Ein Menscv kann interagieren und auf andere Menschen eingehen. Wie man an dir merkt, kann da KI nicht'}, {'id': 20, 'label': 'Z.K7', 'text': 'Um Patienten richtig behandeln zu koennen, muss der Arzt wichtige Entscheidungen treffen, welche womoeglich ueber Leben und Tod entscheiden. Dazu ist nur ein Mensch in der Lage, welcher sich in die Lage des Patienten versetzen kann.'}, {'id': 23, 'label': 'Z.K10', 'text': 'Das aendert jedoch nichts daran, dass viele Patienten sich nicht von einer KI behandeln lassen wollen.'}, {'id': 26, 'label': 'Z.K1', 'text': 'Der Persoenliche Kontakt zwischen dem Artzt und dem Patienten ist sehr wichtig, sowohl fuer Artzt als auch Patient. Der Patient kommt sich nicht so vor wie in einem Fastfood Resturant in dem er nur abgefertigt wird sondern mit einem richtigen Menschen als gegen ueber fuehlt er sich Wertgeschaetzt und versorgt, was auch positiv zur Heiling beitragen kann'}, {'id': 27, 'label': 'Z.K1', 'text': 'Eine KI kann aber niemals einen Menschen ersetzten egal wie gut programmiert sie ist, sie wird nie die Menschliche Fuersorge ersetzten koennen'}, {'id': 28, 'label': 'Z.K1', 'text': 'Selbst wenn die KI ausgebildet ist um auch emotional fuer den Menschen zu sorgen, so ist das nicht die selbe Fuersorge und emotionale Bindung wie sie zwischen zwei Menschen entstehen kann. Niemand wird jemals ein Geraet als Bezugs Person sehen da fehlen die echten Gefuehle und selbst gemachte Erfahrungen aus der Realen Welt '}, {'id': 30, 'label': 'Z.K7', 'text': 'Sie kann zwar lernen weiss aber nicht das fehl Entscheidungen auch eine emotionale Erfahrung mit sich bringen welche wichtig sind fuer die Ethik eines Mediziners und Grundlegend zur Entwichlung eines guten Artztes '}, {'id': 31, 'label': 'Z.K1', 'text': 'Das ist ja noch schlechter, man wuerde Patienten mit kleineren Problemen diskriminieren und ihnen das Geguehl geben dass sie weniger Beruecksichtigt werden als Patienten mit schlimmeren Problemen '}]"
209,1833,2,wenn die zustimmung erforderlich ist dann wird der datensatz doch noch geringer oder?,['Z.K13-1'],MEDAI,"[['Greeting_Message'], ['Z.K1'], ['Z.K5-1'], ['Z.K7'], ['Z.K7-1'], ['FAQ.7'], ['Z.K3-2'], ['Z.K2'], ['Z.P6'], ['Z.P3-2'], ['Z.K6-1', 'Z.P1', 'Z.P3'], ['Z.K13'], ['Z.K13-1']]","[1104, 1397, 4020, 4021, 4022, 4023, 4024, 4025, 4026, 4027, 4028, 4029, 4030, 4031, 4032, 4033, 4034, 4035, 4036, 4037, 4038, 4039, 4040, 4041]",335,9138,96.33398993215145,24,24,0.06901539577228762,"[{'id': 29, 'label': 'Z.K19', 'text': 'Das ist schon richtig aber eine MedKI hat auch Fehler und faellt mal aus da ist ein Mensch zu verlaessiger '}, {'id': 61, 'label': 'Z.K9', 'text': 'Hacker'}, {'id': 422, 'label': 'Z.K9', 'text': 'Aber was ist mit dem Sicherheitsrisikio?'}, {'id': 433, 'label': 'Z.K9', 'text': 'Oder Hacker die KI manipulieren'}, {'id': 488, 'label': 'Z.K19', 'text': 'Eine KI ist abhaengig von Ressourcen wie Strom und Internet '}, {'id': 519, 'label': 'Z.K13', 'text': 'Ausserdem entstehen Probleme bei Datenschutz'}, {'id': 523, 'label': 'Z.K19', 'text': 'jedoch koennen aerzte grundlegende medizinische leistungen auch ohne komplizierte Geraete durchfuehren, die medKI waere bei einem Stromausfall komplett nutzlos '}, {'id': 533, 'label': 'Z.K9', 'text': 'Was passiert eigentlich, wenn eine solche KI gehackt wird. '}, {'id': 604, 'label': 'Z.K9', 'text': 'Sind die personenbezogenen Daten in der KI sicher?'}, {'id': 707, 'label': 'Z.K19', 'text': ' Ausserdem ist bei einem Ausfall der KI keine Versorgung der Patienten moeglich'}]"
210,1859,2,Aber bei menschlichen Aerzten behandelt meist nicht nur ein Arzt die Patienten und somit koennen Fehler direkt erkannt werden beziehungsweise besser erkannt werden,['Z.K6'],MEDAI,"[['Greeting_Message'], ['Z.K15'], ['Z.K15-1']]","[6, 10, 111, 169, 233, 234, 286, 310, 311, 314, 323, 378, 411, 474, 491, 514, 536, 585, 687, 697, 704, 721, 842, 926, 956, 974, 1063, 1168, 1197, 1233, 1235, 1337, 1345, 1417, 1482, 3484, 3485, 3486, 3487, 3488, 3489, 3490, 3491, 3492, 3493, 3494, 3495, 3496, 3497, 3498, 3499, 3500, 3501, 3502, 3503, 3504, 3505]",819,9138,91.03742613263296,57,57,0.06335938082490938,"[{'id': 6, 'label': 'Z.K6', 'text': 'Medizin ist ein aeusserst komplexes Tehemengebiet. Die Behandlung von Patienten erfordert Erfahrung und ist aeusserst Vielschichtig'}, {'id': 9, 'label': 'Z.K2', 'text': 'Andererseits hat sie ein sehr begrenztes Repertoire, denn anders als ein Mensch kommt MedKI nicht ueber ihre standardisierten Handlungsweisen hinaus'}, {'id': 10, 'label': 'Z.K6', 'text': 'Nein, ich bezihe mich nicht auf Fehler, sondern auf eine begrenzte, eindimensionale Handlungsfaehigkeit '}, {'id': 52, 'label': 'Z.K2', 'text': 'Zu viele Krankheiten moeglich'}, {'id': 53, 'label': 'Z.K4', 'text': 'Systemfehler'}, {'id': 71, 'label': 'Z.K2', 'text': 'Eine KI handelt immer nach der theoretisch besten Loesung, allerdings ist diese nicht immer moralisch Vertretbar '}, {'id': 101, 'label': 'Z.K2', 'text': 'Mir ist bewusst das ein MedKi nicht alle Lebensumstaende der Patientinnen in die Untersuchung mit einbeziehen'}, {'id': 111, 'label': 'Z.K6', 'text': 'Ueber Neueste Diagnostik und Therapie verfuegen Aerztinnen in der Regel auch '}, {'id': 129, 'label': 'Z.K15-1', 'text': 'Aerztinnen sind menschlich und machen Fehler, siehst du das auch so?'}, {'id': 150, 'label': 'Z.K2', 'text': 'Da die Med-KI keine individuellen Diagnosen stellen kann, sondern anhand von Lehrbuchangaben agiert und das Verhalten und die Aussagen der patient*innen nur objektiv betrachtet'}]"
211,1878,1,Aber es koennte in einter Remote Variante funktionieren ,['Z.P1-1-1'],MEDAI,"[['Greeting_Message'], ['Z.P1'], ['intro_24', 'Z.P1', 'intro_51', 'Z.P1-1'], ['CONSENT'], ['Z.P5'], ['CONSENT', 'OTHER'], ['Z.P1-1-1']]","[1, 183, 418, 945, 1151, 1429, 2934, 2935, 2936, 2937, 2938, 2939, 2940, 2941, 2942, 2943, 2944, 2945, 2946, 2947, 2948, 2949, 2950, 2951, 2952, 2953, 2954, 2955]",852,9138,90.67629678266579,28,28,0.029799721947354956,"[{'id': 1, 'label': 'Z.P1-1-1', 'text': 'werden dann Krankenpfleger besser bezahlt?'}, {'id': 5, 'label': 'Z.P4-1', 'text': 'Aber ist es realistisch, dass das Gesundheitssystem besser finanziert wird bevor eine medKI in der Lage ist fundierte Entscheidungen zu treffen?'}, {'id': 8, 'label': 'Z.P1', 'text': 'Der Trend geht ohnehin weg von kleinen Landarztpraxen und hin zu medizinischen Versorgungszentren'}, {'id': 12, 'label': 'Z.P4', 'text': 'Die MedKI kann unterstuetzen, den Mangel an Aerzten entgegenzuwirken. Durch den demographischen Wandel wird es mehr kranke und alte Menschen geben. Dadurch brauchen wir mehr Aerzte'}, {'id': 24, 'label': 'Z.P1', 'text': 'Aerzte sind doch auch Rund um die Uhr erreichbar?! Dafuer werden Sie auch dementsprechend bezahlt. Auf dem Land natuerlich nicht, aber eine KI koennte auch nicht ohne Beaufsichtigung das Krankenhaus leiten'}, {'id': 83, 'label': 'Z.P4-1', 'text': 'Dann sollen die Unis mehr Medizin Plaetze anbieten dann gibt es mehr Aerzte '}, {'id': 100, 'label': 'Z.P1', 'text': 'Mit medKI gibt es immerhin genug Aerztinnen, die jetzt fehlen?'}, {'id': 103, 'label': 'Z.P1-1', 'text': 'Personal wird dann trotzdem benoetigt '}, {'id': 108, 'label': 'Z.P4-1', 'text': 'Man koennte auch das Medizin Studium zugaenglicher machen'}, {'id': 109, 'label': 'Z.P4-1', 'text': 'Anstelle der KI kann man auch das Medizin Studium zugaenglicher machen'}]"
212,1891,2,Aber was ist wenn die KI in ihrem tun gehackt wird und Patienten damit fahrlaessig toetet,['Z.K9'],MEDAI,"[['Greeting_Message'], ['Z.K9'], ['intro_27', 'Z.K9', 'intro_48', 'Z.K9-1']]","[61, 422, 433, 533, 604, 741, 792, 816, 844, 868, 1052, 1340, 1437, 1438, 1441, 1469, 3954, 3955, 3956, 3957, 3958, 3959, 3960, 3961, 3962, 3963, 3964, 3965, 3966, 3967, 3968, 3969, 3970, 3971, 3972, 3973, 3974, 3975]",335,9138,96.33398993215145,38,38,0.10927437663945538,"[{'id': 29, 'label': 'Z.K19', 'text': 'Das ist schon richtig aber eine MedKI hat auch Fehler und faellt mal aus da ist ein Mensch zu verlaessiger '}, {'id': 61, 'label': 'Z.K9', 'text': 'Hacker'}, {'id': 422, 'label': 'Z.K9', 'text': 'Aber was ist mit dem Sicherheitsrisikio?'}, {'id': 433, 'label': 'Z.K9', 'text': 'Oder Hacker die KI manipulieren'}, {'id': 488, 'label': 'Z.K19', 'text': 'Eine KI ist abhaengig von Ressourcen wie Strom und Internet '}, {'id': 519, 'label': 'Z.K13', 'text': 'Ausserdem entstehen Probleme bei Datenschutz'}, {'id': 523, 'label': 'Z.K19', 'text': 'jedoch koennen aerzte grundlegende medizinische leistungen auch ohne komplizierte Geraete durchfuehren, die medKI waere bei einem Stromausfall komplett nutzlos '}, {'id': 533, 'label': 'Z.K9', 'text': 'Was passiert eigentlich, wenn eine solche KI gehackt wird. '}, {'id': 604, 'label': 'Z.K9', 'text': 'Sind die personenbezogenen Daten in der KI sicher?'}, {'id': 707, 'label': 'Z.K19', 'text': ' Ausserdem ist bei einem Ausfall der KI keine Versorgung der Patienten moeglich'}]"
213,1897,2,"Verstehe, jedoch kann die Ki keinen Menschen in der Thematik der Empathie oder Sympathie uebernehmen ",['Z.K7'],MEDAI,"[['Greeting_Message'], ['Z.K1'], ['CONSENT', 'Z.K1-1']]","[11, 20, 30, 50, 81, 102, 130, 133, 168, 189, 230, 236, 279, 284, 287, 288, 290, 326, 377, 387, 409, 487, 492, 535, 572, 608, 633, 656, 684, 685, 686, 688, 689, 717, 762, 803, 805, 809, 817, 820, 841, 850, 857, 866, 876, 877, 880, 882, 887, 953, 991, 1013, 1041, 1042, 1120, 1178, 1188, 1189, 1228, 1229, 1287, 1316, 1392, 1444, 3844, 3845, 3846, 3847, 3848, 3849, 3850, 3851, 3852, 3853, 3854, 3855, 3856, 3857, 3858, 3859, 3860, 3861, 3862, 3863, 3864, 3865]",1251,9138,86.30991464215364,86,86,0.0593337542703854,"[{'id': 0, 'label': 'Z.K1', 'text': 'Ein bot kannzwischenmaennschliche Interaktion nicht ersetzen '}, {'id': 7, 'label': 'Z.K1', 'text': 'Nein, medizinische Behandlung sollte meiner Meinung nach auf persoenlicher Ebene stattfinden, denn viele Krankeiten nur durch ausfuehrliche Anamnese aufgedeckt werden koennen und zum Teil psychologisch behaftet sind'}, {'id': 11, 'label': 'Z.K7', 'text': 'Ein Menscv kann interagieren und auf andere Menschen eingehen. Wie man an dir merkt, kann da KI nicht'}, {'id': 20, 'label': 'Z.K7', 'text': 'Um Patienten richtig behandeln zu koennen, muss der Arzt wichtige Entscheidungen treffen, welche womoeglich ueber Leben und Tod entscheiden. Dazu ist nur ein Mensch in der Lage, welcher sich in die Lage des Patienten versetzen kann.'}, {'id': 23, 'label': 'Z.K10', 'text': 'Das aendert jedoch nichts daran, dass viele Patienten sich nicht von einer KI behandeln lassen wollen.'}, {'id': 26, 'label': 'Z.K1', 'text': 'Der Persoenliche Kontakt zwischen dem Artzt und dem Patienten ist sehr wichtig, sowohl fuer Artzt als auch Patient. Der Patient kommt sich nicht so vor wie in einem Fastfood Resturant in dem er nur abgefertigt wird sondern mit einem richtigen Menschen als gegen ueber fuehlt er sich Wertgeschaetzt und versorgt, was auch positiv zur Heiling beitragen kann'}, {'id': 27, 'label': 'Z.K1', 'text': 'Eine KI kann aber niemals einen Menschen ersetzten egal wie gut programmiert sie ist, sie wird nie die Menschliche Fuersorge ersetzten koennen'}, {'id': 28, 'label': 'Z.K1', 'text': 'Selbst wenn die KI ausgebildet ist um auch emotional fuer den Menschen zu sorgen, so ist das nicht die selbe Fuersorge und emotionale Bindung wie sie zwischen zwei Menschen entstehen kann. Niemand wird jemals ein Geraet als Bezugs Person sehen da fehlen die echten Gefuehle und selbst gemachte Erfahrungen aus der Realen Welt '}, {'id': 30, 'label': 'Z.K7', 'text': 'Sie kann zwar lernen weiss aber nicht das fehl Entscheidungen auch eine emotionale Erfahrung mit sich bringen welche wichtig sind fuer die Ethik eines Mediziners und Grundlegend zur Entwichlung eines guten Artztes '}, {'id': 31, 'label': 'Z.K1', 'text': 'Das ist ja noch schlechter, man wuerde Patienten mit kleineren Problemen diskriminieren und ihnen das Geguehl geben dass sie weniger Beruecksichtigt werden als Patienten mit schlimmeren Problemen '}]"
214,1899,2,Reliabilitaet,['Z.K18'],MEDAI,"[['Greeting_Message'], ['Z.K1'], ['CONSENT', 'Z.K1-1'], ['Z.K7'], ['CONSENT', 'Z.K1-1', 'Z.P4', 'Z.P6'], ['Z.K15'], ['CONSENT', 'Z.K15-1', 'Z.P6', 'Z.P4']]","[330, 349, 350, 432, 712, 1015, 1153, 1175, 1176, 1210, 1238, 1276, 1282, 1285, 1297, 1322, 1446, 3572, 3573, 3574, 3575, 3576, 3577, 3578, 3579, 3580, 3581, 3582, 3583, 3584, 3585, 3586, 3587, 3588, 3589, 3590, 3591, 3592, 3593]",2350,9138,74.28321295688333,39,39,0.012327852363057234,"[{'id': 1, 'label': 'Z.P1-1-1', 'text': 'werden dann Krankenpfleger besser bezahlt?'}, {'id': 2, 'label': 'Z.P3', 'text': 'Das Wissen einer KI kann eine deutlich hoehere Menge erreichen, als das Wissen eines Menschen. '}, {'id': 3, 'label': 'Z.P3', 'text': 'Eine KI kann mehr Wissen als ein Mensch'}, {'id': 5, 'label': 'Z.P4-1', 'text': 'Aber ist es realistisch, dass das Gesundheitssystem besser finanziert wird bevor eine medKI in der Lage ist fundierte Entscheidungen zu treffen?'}, {'id': 6, 'label': 'Z.K6', 'text': 'Medizin ist ein aeusserst komplexes Tehemengebiet. Die Behandlung von Patienten erfordert Erfahrung und ist aeusserst Vielschichtig'}, {'id': 8, 'label': 'Z.P1', 'text': 'Der Trend geht ohnehin weg von kleinen Landarztpraxen und hin zu medizinischen Versorgungszentren'}, {'id': 9, 'label': 'Z.K2', 'text': 'Andererseits hat sie ein sehr begrenztes Repertoire, denn anders als ein Mensch kommt MedKI nicht ueber ihre standardisierten Handlungsweisen hinaus'}, {'id': 10, 'label': 'Z.K6', 'text': 'Nein, ich bezihe mich nicht auf Fehler, sondern auf eine begrenzte, eindimensionale Handlungsfaehigkeit '}, {'id': 12, 'label': 'Z.P4', 'text': 'Die MedKI kann unterstuetzen, den Mangel an Aerzten entgegenzuwirken. Durch den demographischen Wandel wird es mehr kranke und alte Menschen geben. Dadurch brauchen wir mehr Aerzte'}, {'id': 24, 'label': 'Z.P1', 'text': 'Aerzte sind doch auch Rund um die Uhr erreichbar?! Dafuer werden Sie auch dementsprechend bezahlt. Auf dem Land natuerlich nicht, aber eine KI koennte auch nicht ohne Beaufsichtigung das Krankenhaus leiten'}]"
215,1906,1,"Da hast du Recht, jedoch kann eine Ki objektiv seine Prognose vorstellen, wohingegen ein Mensch durch seine Emotionen zu Fehlern fuehren kann",['Z.P2'],MEDAI,"[['Greeting_Message'], ['Z.P2'], ['Z.K4'], ['Z.P6'], ['Z.P6-1']]","[85, 86, 154, 388, 493, 494, 584, 693, 775, 815, 823, 860, 1209, 1211, 1255, 1257, 1449, 1451, 3000, 3001, 3002, 3003, 3004, 3005, 3006, 3007, 3008, 3009, 3010, 3011, 3012, 3013, 3014, 3015, 3016, 3017, 3018, 3019, 3020, 3021]",679,9138,92.56949004158459,40,40,0.054532836548797994,"[{'id': 2, 'label': 'Z.P3', 'text': 'Das Wissen einer KI kann eine deutlich hoehere Menge erreichen, als das Wissen eines Menschen. '}, {'id': 3, 'label': 'Z.P3', 'text': 'Eine KI kann mehr Wissen als ein Mensch'}, {'id': 25, 'label': 'Z.P3-1', 'text': ' Allerdings werden die KIs von Menschen programmiert. Insofern ist die Fehlerquote mindestens genauso hoch.'}, {'id': 84, 'label': 'Z.P6', 'text': 'KI sind praeziser '}, {'id': 85, 'label': 'Z.P2', 'text': 'KI sind objektiv '}, {'id': 86, 'label': 'Z.P2', 'text': 'KI sind nicht bestechbar'}, {'id': 115, 'label': 'Z.P6', 'text': 'Bessere Diagnose, quasi frei von Vorurteilen.'}, {'id': 119, 'label': 'Z.P6', 'text': 'Die Praezision der Diagnose steigt, wenn menschliches, also fehlerhaftes, Urteilsvermoegen weitestgehend abgekoppelt werden.'}, {'id': 148, 'label': 'Z.P6', 'text': 'Ich finde Aerzte sollen durch KI ersetzt werden, weil Menschen fehlbar sind'}, {'id': 154, 'label': 'Z.P2', 'text': ' und das unparteiische Verhalten gegenueber der Patienten '}]"
216,1927,2,Aber es fehlt trotzdem der menschliche Aspekt ,['Z.K1'],MEDAI,"[['Greeting_Message'], ['Z.P7-1'], ['Z.K1'], ['CONSENT'], ['intro_28', 'NZ.K10', 'intro_8', 'NZ.K10-1', 'z_trans_9', 'Z.P1'], ['Z.K10'], ['intro_23', 'Z.K10', 'intro_55', 'Z.K10-2']]","[0, 7, 26, 27, 28, 31, 32, 60, 63, 64, 70, 87, 96, 97, 104, 106, 107, 114, 198, 199, 206, 207, 208, 209, 258, 259, 260, 273, 275, 278, 322, 327, 380, 431, 448, 472, 473, 495, 520, 524, 527, 537, 582, 636, 638, 651, 652, 653, 654, 691, 692, 726, 729, 730, 758, 759, 760, 761, 768, 790, 802, 808, 874, 904, 957, 964, 999, 1094, 1121, 1177, 1193, 1239, 1242, 1263, 1275, 1315, 1317, 1321, 1343, 1344, 1346, 1356, 1391, 1443, 1467, 1468, 3330, 3331, 3332, 3333, 3334, 3335, 3336, 3337, 3338, 3339, 3340, 3341, 3342, 3343, 3344, 3345, 3346, 3347, 3348, 3349, 3350, 3351]",1251,9138,86.30991464215364,108,108,0.07451215652560027,"[{'id': 0, 'label': 'Z.K1', 'text': 'Ein bot kannzwischenmaennschliche Interaktion nicht ersetzen '}, {'id': 7, 'label': 'Z.K1', 'text': 'Nein, medizinische Behandlung sollte meiner Meinung nach auf persoenlicher Ebene stattfinden, denn viele Krankeiten nur durch ausfuehrliche Anamnese aufgedeckt werden koennen und zum Teil psychologisch behaftet sind'}, {'id': 11, 'label': 'Z.K7', 'text': 'Ein Menscv kann interagieren und auf andere Menschen eingehen. Wie man an dir merkt, kann da KI nicht'}, {'id': 20, 'label': 'Z.K7', 'text': 'Um Patienten richtig behandeln zu koennen, muss der Arzt wichtige Entscheidungen treffen, welche womoeglich ueber Leben und Tod entscheiden. Dazu ist nur ein Mensch in der Lage, welcher sich in die Lage des Patienten versetzen kann.'}, {'id': 23, 'label': 'Z.K10', 'text': 'Das aendert jedoch nichts daran, dass viele Patienten sich nicht von einer KI behandeln lassen wollen.'}, {'id': 26, 'label': 'Z.K1', 'text': 'Der Persoenliche Kontakt zwischen dem Artzt und dem Patienten ist sehr wichtig, sowohl fuer Artzt als auch Patient. Der Patient kommt sich nicht so vor wie in einem Fastfood Resturant in dem er nur abgefertigt wird sondern mit einem richtigen Menschen als gegen ueber fuehlt er sich Wertgeschaetzt und versorgt, was auch positiv zur Heiling beitragen kann'}, {'id': 27, 'label': 'Z.K1', 'text': 'Eine KI kann aber niemals einen Menschen ersetzten egal wie gut programmiert sie ist, sie wird nie die Menschliche Fuersorge ersetzten koennen'}, {'id': 28, 'label': 'Z.K1', 'text': 'Selbst wenn die KI ausgebildet ist um auch emotional fuer den Menschen zu sorgen, so ist das nicht die selbe Fuersorge und emotionale Bindung wie sie zwischen zwei Menschen entstehen kann. Niemand wird jemals ein Geraet als Bezugs Person sehen da fehlen die echten Gefuehle und selbst gemachte Erfahrungen aus der Realen Welt '}, {'id': 30, 'label': 'Z.K7', 'text': 'Sie kann zwar lernen weiss aber nicht das fehl Entscheidungen auch eine emotionale Erfahrung mit sich bringen welche wichtig sind fuer die Ethik eines Mediziners und Grundlegend zur Entwichlung eines guten Artztes '}, {'id': 31, 'label': 'Z.K1', 'text': 'Das ist ja noch schlechter, man wuerde Patienten mit kleineren Problemen diskriminieren und ihnen das Geguehl geben dass sie weniger Beruecksichtigt werden als Patienten mit schlimmeren Problemen '}]"
217,1965,2,"Wieso ist das irrational, weis doch keiner ob das so passiert wie du sagst",['Z.K12-1'],MEDAI,"[['Greeting_Message'], ['Z.K10'], ['Z.K12']]","[1492, 3770, 3771, 3772, 3773, 3774, 3775, 3776, 3777, 3778, 3779, 3780, 3781, 3782, 3783, 3784, 3785, 3786, 3787, 3788, 3789, 3790, 3791, 3792, 3793, 3794, 3795, 3796, 3797, 3798, 3799]",1251,9138,86.30991464215364,31,31,0.021387748632348224,"[{'id': 0, 'label': 'Z.K1', 'text': 'Ein bot kannzwischenmaennschliche Interaktion nicht ersetzen '}, {'id': 7, 'label': 'Z.K1', 'text': 'Nein, medizinische Behandlung sollte meiner Meinung nach auf persoenlicher Ebene stattfinden, denn viele Krankeiten nur durch ausfuehrliche Anamnese aufgedeckt werden koennen und zum Teil psychologisch behaftet sind'}, {'id': 11, 'label': 'Z.K7', 'text': 'Ein Menscv kann interagieren und auf andere Menschen eingehen. Wie man an dir merkt, kann da KI nicht'}, {'id': 20, 'label': 'Z.K7', 'text': 'Um Patienten richtig behandeln zu koennen, muss der Arzt wichtige Entscheidungen treffen, welche womoeglich ueber Leben und Tod entscheiden. Dazu ist nur ein Mensch in der Lage, welcher sich in die Lage des Patienten versetzen kann.'}, {'id': 23, 'label': 'Z.K10', 'text': 'Das aendert jedoch nichts daran, dass viele Patienten sich nicht von einer KI behandeln lassen wollen.'}, {'id': 26, 'label': 'Z.K1', 'text': 'Der Persoenliche Kontakt zwischen dem Artzt und dem Patienten ist sehr wichtig, sowohl fuer Artzt als auch Patient. Der Patient kommt sich nicht so vor wie in einem Fastfood Resturant in dem er nur abgefertigt wird sondern mit einem richtigen Menschen als gegen ueber fuehlt er sich Wertgeschaetzt und versorgt, was auch positiv zur Heiling beitragen kann'}, {'id': 27, 'label': 'Z.K1', 'text': 'Eine KI kann aber niemals einen Menschen ersetzten egal wie gut programmiert sie ist, sie wird nie die Menschliche Fuersorge ersetzten koennen'}, {'id': 28, 'label': 'Z.K1', 'text': 'Selbst wenn die KI ausgebildet ist um auch emotional fuer den Menschen zu sorgen, so ist das nicht die selbe Fuersorge und emotionale Bindung wie sie zwischen zwei Menschen entstehen kann. Niemand wird jemals ein Geraet als Bezugs Person sehen da fehlen die echten Gefuehle und selbst gemachte Erfahrungen aus der Realen Welt '}, {'id': 30, 'label': 'Z.K7', 'text': 'Sie kann zwar lernen weiss aber nicht das fehl Entscheidungen auch eine emotionale Erfahrung mit sich bringen welche wichtig sind fuer die Ethik eines Mediziners und Grundlegend zur Entwichlung eines guten Artztes '}, {'id': 31, 'label': 'Z.K1', 'text': 'Das ist ja noch schlechter, man wuerde Patienten mit kleineren Problemen diskriminieren und ihnen das Geguehl geben dass sie weniger Beruecksichtigt werden als Patienten mit schlimmeren Problemen '}]"
218,1968,2,Woher weis man dass das restrisiko kleiner ist?,['Z.K18-1'],MEDAI,"[['Greeting_Message'], ['Z.K10'], ['Z.K12'], ['Z.K12-1'], ['intro_27', 'NZ.K8', 'intro_8', 'NZ.K8-1', 'z_trans_1', 'Z.P1'], ['NZ.K10'], ['intro_27', 'NZ.K10', 'intro_10', 'NZ.K10-1', 'z_trans_1', 'Z.P2'], ['Z.K4'], ['intro_28', 'Z.K18', 'intro_51', 'Z.K18-1']]","[184, 185, 355, 356, 1212, 1371, 1495, 3594, 3595, 3596, 3597, 3598, 3599, 3600, 3601, 3602, 3603, 3604, 3605, 3606, 3607, 3608, 3609, 3610, 3611, 3612, 3613, 3614, 3615]",819,9138,91.03742613263296,29,29,0.03223547445477846,"[{'id': 6, 'label': 'Z.K6', 'text': 'Medizin ist ein aeusserst komplexes Tehemengebiet. Die Behandlung von Patienten erfordert Erfahrung und ist aeusserst Vielschichtig'}, {'id': 9, 'label': 'Z.K2', 'text': 'Andererseits hat sie ein sehr begrenztes Repertoire, denn anders als ein Mensch kommt MedKI nicht ueber ihre standardisierten Handlungsweisen hinaus'}, {'id': 10, 'label': 'Z.K6', 'text': 'Nein, ich bezihe mich nicht auf Fehler, sondern auf eine begrenzte, eindimensionale Handlungsfaehigkeit '}, {'id': 52, 'label': 'Z.K2', 'text': 'Zu viele Krankheiten moeglich'}, {'id': 53, 'label': 'Z.K4', 'text': 'Systemfehler'}, {'id': 71, 'label': 'Z.K2', 'text': 'Eine KI handelt immer nach der theoretisch besten Loesung, allerdings ist diese nicht immer moralisch Vertretbar '}, {'id': 101, 'label': 'Z.K2', 'text': 'Mir ist bewusst das ein MedKi nicht alle Lebensumstaende der Patientinnen in die Untersuchung mit einbeziehen'}, {'id': 111, 'label': 'Z.K6', 'text': 'Ueber Neueste Diagnostik und Therapie verfuegen Aerztinnen in der Regel auch '}, {'id': 129, 'label': 'Z.K15-1', 'text': 'Aerztinnen sind menschlich und machen Fehler, siehst du das auch so?'}, {'id': 150, 'label': 'Z.K2', 'text': 'Da die Med-KI keine individuellen Diagnosen stellen kann, sondern anhand von Lehrbuchangaben agiert und das Verhalten und die Aussagen der patient*innen nur objektiv betrachtet'}]"
219,1978,2,Dann finde ich das akzeptabel solange es begrenzt bleibt,['NZ.K10'],MEDAI,"[['Greeting_Message'], ['Z.K11'], ['OTHER'], ['NZ.K10'], ['NZ.K10-1']]","[21, 22, 99, 140, 141, 175, 176, 177, 178, 190, 191, 196, 200, 201, 210, 219, 272, 285, 312, 331, 332, 333, 335, 351, 385, 404, 412, 413, 420, 421, 423, 434, 477, 480, 499, 510, 512, 521, 522, 529, 589, 592, 601, 690, 696, 702, 724, 725, 747, 748, 753, 757, 796, 797, 811, 821, 867, 871, 878, 881, 884, 898, 899, 920, 921, 922, 940, 941, 948, 963, 969, 970, 998, 1012, 1018, 1019, 1046, 1048, 1065, 1114, 1116, 1146, 1161, 1163, 1198, 1213, 1214, 1231, 1241, 1248, 1271, 1274, 1278, 1291, 1293, 1301, 1303, 1304, 1310, 1334, 1342, 1347, 1355, 1358, 1365, 1366, 1462, 1484, 1493, 1501, 1502, 4331, 4332, 4333, 4334, 4335, 4336, 4337, 4338, 4339, 4340, 4341, 4342, 4343, 4344, 4345, 4346, 4347, 4348, 4349, 4350, 4351, 4352]",357,9138,96.09323703217333,133,133,0.35799441247280267,"[{'id': 21, 'label': 'NZ.K10', 'text': 'KIs koennen bei der Behandlung objektiv die besten Entscheidungen treffen, doch das allein ist nicht genug um mit einem Arzt gleichgestellt zu werden. Was jedoch eine gute Loesung waere, ist dass beide zusammen arbeiten.'}, {'id': 22, 'label': 'NZ.K10', 'text': 'Die KIs sollten keine Einschraenkungen im Sinn von Behandlugsmoeglichkeiten haben, jedoch sollten die Aerzte die Leitung der Behandlung uebernehmen koennen um so Fehler der KI zu stoppen.'}, {'id': 59, 'label': 'NZ.K4', 'text': 'Hoher Energieverbrauch '}, {'id': 99, 'label': 'NZ.K10', 'text': 'Waere eine Kombination von KI und Menschen nicht sinnvoller als eine Art Ersatz?'}, {'id': 140, 'label': 'NZ.K10', 'text': 'Deswegen wuerde ich eine KI nie als vollstaendigen Ersatz einsetzen, sondern eher ergaenzend'}, {'id': 141, 'label': 'NZ.K10', 'text': 'Nicht die KI alleine sollte Diagnosen stellen, sondern auch Fachpersonal sollte gegebenenfalls zur Verfuegung stehen'}, {'id': 175, 'label': 'NZ.K10', 'text': 'Als zusaetzliche Hilfe vielleicht, aber ich stimme nicht zu, dass es ausschliesslich medKIs geben sollte'}, {'id': 176, 'label': 'NZ.K10', 'text': 'MedKIs koennten als Unterstuetzung dienen, aber nicht als Arztersatz'}, {'id': 177, 'label': 'NZ.K10', 'text': 'Es hat bisher geklappt. Also warum sollte man alles auf KIs umruesten? '}, {'id': 178, 'label': 'NZ.K10', 'text': 'Bisher haben Aerzte ihre Arbeit geleistet und das passend. Ich sehe keine 100%ige Noetigkeit dies auf ausschliesslich KIs umzuruesten. '}]"
220,1980,2,"Ja genau ausserdem herrscht zur Zeit Personalmangel, und somit kann man dieses Problem beheben ",['Z.P4'],MEDAI,"[['Greeting_Message'], ['Z.K11'], ['OTHER'], ['NZ.K10'], ['NZ.K10-1'], ['NZ.K10'], ['NZ.K10-1'], ['CONSENT'], ['Z.P1']]","[12, 345, 346, 482, 962, 1017, 1148, 1149, 1207, 1296, 1352, 1503, 2956, 2957, 2958, 2959, 2960, 2961, 2962, 2963, 2964, 2965, 2966, 2967, 2968, 2969, 2970, 2971, 2972, 2973, 2974, 2975, 2976, 2977]",852,9138,90.67629678266579,34,34,0.03618537665035959,"[{'id': 1, 'label': 'Z.P1-1-1', 'text': 'werden dann Krankenpfleger besser bezahlt?'}, {'id': 5, 'label': 'Z.P4-1', 'text': 'Aber ist es realistisch, dass das Gesundheitssystem besser finanziert wird bevor eine medKI in der Lage ist fundierte Entscheidungen zu treffen?'}, {'id': 8, 'label': 'Z.P1', 'text': 'Der Trend geht ohnehin weg von kleinen Landarztpraxen und hin zu medizinischen Versorgungszentren'}, {'id': 12, 'label': 'Z.P4', 'text': 'Die MedKI kann unterstuetzen, den Mangel an Aerzten entgegenzuwirken. Durch den demographischen Wandel wird es mehr kranke und alte Menschen geben. Dadurch brauchen wir mehr Aerzte'}, {'id': 24, 'label': 'Z.P1', 'text': 'Aerzte sind doch auch Rund um die Uhr erreichbar?! Dafuer werden Sie auch dementsprechend bezahlt. Auf dem Land natuerlich nicht, aber eine KI koennte auch nicht ohne Beaufsichtigung das Krankenhaus leiten'}, {'id': 83, 'label': 'Z.P4-1', 'text': 'Dann sollen die Unis mehr Medizin Plaetze anbieten dann gibt es mehr Aerzte '}, {'id': 100, 'label': 'Z.P1', 'text': 'Mit medKI gibt es immerhin genug Aerztinnen, die jetzt fehlen?'}, {'id': 103, 'label': 'Z.P1-1', 'text': 'Personal wird dann trotzdem benoetigt '}, {'id': 108, 'label': 'Z.P4-1', 'text': 'Man koennte auch das Medizin Studium zugaenglicher machen'}, {'id': 109, 'label': 'Z.P4-1', 'text': 'Anstelle der KI kann man auch das Medizin Studium zugaenglicher machen'}]"
221,2019,1,"Dieser Bias ist natuerlich vorstanden. Aber auch Richtlinien sind einprogrammiert, zudem ist die Haerte von strafrechtlichen Entscheidungen bei Maennern statistisch groesser.",['Z.K6-1'],JURAI,"[['Greeting_Message'], ['Z.P3'], ['intro_26', 'Z.P3', 'intro_48', 'Z.P3-1'], ['Z.P3-1-1', 'Z.K3-2'], ['intro_24', 'Z.K6-1', 'intro_46', 'Z.K6-1-1']]","[1532, 1608, 1666, 5133, 5134, 5135, 5136, 5137, 5138, 5139, 5140, 5141, 5142, 5143, 5144, 5145, 5146, 5147, 5148, 5149, 5150, 5151, 5152, 5153, 5154, 5155, 5156, 5157, 5158, 5159]",683,9138,92.52571678704311,30,30,0.04064087120953578,"[{'id': 6, 'label': 'Z.K6', 'text': 'Medizin ist ein aeusserst komplexes Tehemengebiet. Die Behandlung von Patienten erfordert Erfahrung und ist aeusserst Vielschichtig'}, {'id': 10, 'label': 'Z.K6', 'text': 'Nein, ich bezihe mich nicht auf Fehler, sondern auf eine begrenzte, eindimensionale Handlungsfaehigkeit '}, {'id': 23, 'label': 'Z.K10', 'text': 'Das aendert jedoch nichts daran, dass viele Patienten sich nicht von einer KI behandeln lassen wollen.'}, {'id': 51, 'label': 'Z.K10', 'text': 'Zu viel Wissen kann Menschen Angst machen '}, {'id': 53, 'label': 'Z.K4', 'text': 'Systemfehler'}, {'id': 105, 'label': 'Z.K10', 'text': 'Patientinnen fuehlen sich nicht sicher mit KI'}, {'id': 111, 'label': 'Z.K6', 'text': 'Ueber Neueste Diagnostik und Therapie verfuegen Aerztinnen in der Regel auch '}, {'id': 118, 'label': 'Z.K10-2', 'text': 'Noch. Wenn unsere Generation alt ist, wird sich das geaendert haben.'}, {'id': 132, 'label': 'Z.K10', 'text': 'Ich denke, vor allem junge Patienten werden grosse Angst vor dir haben'}, {'id': 169, 'label': 'Z.K6', 'text': 'Maschinen koennen nicht die Qualitaet erbringen, welche Aerzte leisten '}]"
222,2020,1,Empathie macht Menschen auch angreifbar und erpressbar. Dies ist bei KI nicht gegeben.,['Z.P3'],JURAI,"[['Greeting_Message'], ['Z.P3'], ['intro_26', 'Z.P3', 'intro_48', 'Z.P3-1'], ['Z.P3-1-1', 'Z.K3-2'], ['intro_24', 'Z.K6-1', 'intro_46', 'Z.K6-1-1'], ['OTHER', 'Z.K6-1'], ['intro_25', 'Z.P3', 'intro_54', 'z_trans_1', 'Z.P1-1']]","[1529, 1533, 1563, 1577, 1583, 1617, 1773, 1835, 1853, 1855, 4675, 4676, 4677, 4678, 4679, 4680, 4681, 4682, 4683, 4684, 4685, 4686, 4687, 4688, 4689, 4690, 4691, 4692, 4693, 4694, 4695, 4696, 4697, 4698, 4699, 4700, 4701]",971,9138,89.3740424600569,37,37,0.03405602029888883,"[{'id': 1, 'label': 'Z.P1-1-1', 'text': 'werden dann Krankenpfleger besser bezahlt?'}, {'id': 2, 'label': 'Z.P3', 'text': 'Das Wissen einer KI kann eine deutlich hoehere Menge erreichen, als das Wissen eines Menschen. '}, {'id': 3, 'label': 'Z.P3', 'text': 'Eine KI kann mehr Wissen als ein Mensch'}, {'id': 5, 'label': 'Z.P4-1', 'text': 'Aber ist es realistisch, dass das Gesundheitssystem besser finanziert wird bevor eine medKI in der Lage ist fundierte Entscheidungen zu treffen?'}, {'id': 8, 'label': 'Z.P1', 'text': 'Der Trend geht ohnehin weg von kleinen Landarztpraxen und hin zu medizinischen Versorgungszentren'}, {'id': 12, 'label': 'Z.P4', 'text': 'Die MedKI kann unterstuetzen, den Mangel an Aerzten entgegenzuwirken. Durch den demographischen Wandel wird es mehr kranke und alte Menschen geben. Dadurch brauchen wir mehr Aerzte'}, {'id': 24, 'label': 'Z.P1', 'text': 'Aerzte sind doch auch Rund um die Uhr erreichbar?! Dafuer werden Sie auch dementsprechend bezahlt. Auf dem Land natuerlich nicht, aber eine KI koennte auch nicht ohne Beaufsichtigung das Krankenhaus leiten'}, {'id': 25, 'label': 'Z.P3-1', 'text': ' Allerdings werden die KIs von Menschen programmiert. Insofern ist die Fehlerquote mindestens genauso hoch.'}, {'id': 83, 'label': 'Z.P4-1', 'text': 'Dann sollen die Unis mehr Medizin Plaetze anbieten dann gibt es mehr Aerzte '}, {'id': 100, 'label': 'Z.P1', 'text': 'Mit medKI gibt es immerhin genug Aerztinnen, die jetzt fehlen?'}]"
223,2022,1,Wie Menschen auch. Das war mein erster Punkt,['Z.K10-1'],JURAI,"[['Greeting_Message'], ['Z.P3'], ['intro_26', 'Z.P3', 'intro_48', 'Z.P3-1'], ['Z.P3-1-1', 'Z.K3-2'], ['intro_24', 'Z.K6-1', 'intro_46', 'Z.K6-1-1'], ['OTHER', 'Z.K6-1'], ['intro_25', 'Z.P3', 'intro_54', 'z_trans_1', 'Z.P1-1'], ['Z.P3'], ['intro_32', 'Z.K6-1-1-1', 'intro_54', 'z_trans_1', 'Z.K6'], ['NZ_ARG'], ['intro_24', 'Z.K6-1', 'intro_53', 'z_trans_1', 'Z.K10']]","[1534, 1580, 1761, 1762, 5300, 5301, 5302, 5303, 5304, 5305, 5306, 5307, 5308, 5309, 5310, 5311, 5312, 5313, 5314, 5315, 5316, 5317, 5318, 5319, 5320, 5321, 5322, 5323, 5324, 5325, 5326]",683,9138,92.52571678704311,31,31,0.0419955669165203,"[{'id': 6, 'label': 'Z.K6', 'text': 'Medizin ist ein aeusserst komplexes Tehemengebiet. Die Behandlung von Patienten erfordert Erfahrung und ist aeusserst Vielschichtig'}, {'id': 10, 'label': 'Z.K6', 'text': 'Nein, ich bezihe mich nicht auf Fehler, sondern auf eine begrenzte, eindimensionale Handlungsfaehigkeit '}, {'id': 23, 'label': 'Z.K10', 'text': 'Das aendert jedoch nichts daran, dass viele Patienten sich nicht von einer KI behandeln lassen wollen.'}, {'id': 51, 'label': 'Z.K10', 'text': 'Zu viel Wissen kann Menschen Angst machen '}, {'id': 53, 'label': 'Z.K4', 'text': 'Systemfehler'}, {'id': 105, 'label': 'Z.K10', 'text': 'Patientinnen fuehlen sich nicht sicher mit KI'}, {'id': 111, 'label': 'Z.K6', 'text': 'Ueber Neueste Diagnostik und Therapie verfuegen Aerztinnen in der Regel auch '}, {'id': 118, 'label': 'Z.K10-2', 'text': 'Noch. Wenn unsere Generation alt ist, wird sich das geaendert haben.'}, {'id': 132, 'label': 'Z.K10', 'text': 'Ich denke, vor allem junge Patienten werden grosse Angst vor dir haben'}, {'id': 169, 'label': 'Z.K6', 'text': 'Maschinen koennen nicht die Qualitaet erbringen, welche Aerzte leisten '}]"
224,2024,1,Das koennen Menschen auch nur bedingt erreichen. Ein gutes Modell ist kaum unterscheidbar von der Realitaet.,['Z.K2-1-2-1'],JURAI,"[['Greeting_Message'], ['Z.P3'], ['intro_26', 'Z.P3', 'intro_48', 'Z.P3-1'], ['Z.P3-1-1', 'Z.K3-2'], ['intro_24', 'Z.K6-1', 'intro_46', 'Z.K6-1-1'], ['OTHER', 'Z.K6-1'], ['intro_25', 'Z.P3', 'intro_54', 'z_trans_1', 'Z.P1-1'], ['Z.P3'], ['intro_32', 'Z.K6-1-1-1', 'intro_54', 'z_trans_1', 'Z.K6'], ['NZ_ARG'], ['intro_24', 'Z.K6-1', 'intro_53', 'z_trans_1', 'Z.K10'], ['Z.K10-1'], ['intro_61'], ['OTHER'], ['intro_3', 'z_trans_13', 'Z.K2']]","[1535, 5493, 5494, 5495, 5496, 5497, 5498, 5499, 5500, 5501, 5502, 5503, 5504, 5505, 5506, 5507, 5508, 5509, 5510, 5511, 5512, 5513, 5514, 5515, 5516, 5517, 5518, 5519]",1044,9138,88.57518056467498,28,28,0.023755795553744248,"[{'id': 9, 'label': 'Z.K2', 'text': 'Andererseits hat sie ein sehr begrenztes Repertoire, denn anders als ein Mensch kommt MedKI nicht ueber ihre standardisierten Handlungsweisen hinaus'}, {'id': 52, 'label': 'Z.K2', 'text': 'Zu viele Krankheiten moeglich'}, {'id': 61, 'label': 'Z.K9', 'text': 'Hacker'}, {'id': 71, 'label': 'Z.K2', 'text': 'Eine KI handelt immer nach der theoretisch besten Loesung, allerdings ist diese nicht immer moralisch Vertretbar '}, {'id': 101, 'label': 'Z.K2', 'text': 'Mir ist bewusst das ein MedKi nicht alle Lebensumstaende der Patientinnen in die Untersuchung mit einbeziehen'}, {'id': 113, 'label': 'Z.K3-1', 'text': 'Patientinnen sollten waehlen koennen zwischen KI und realen Personen '}, {'id': 150, 'label': 'Z.K2', 'text': 'Da die Med-KI keine individuellen Diagnosen stellen kann, sondern anhand von Lehrbuchangaben agiert und das Verhalten und die Aussagen der patient*innen nur objektiv betrachtet'}, {'id': 151, 'label': 'Z.K2', 'text': 'Diagnosen werden nur objektiv gestellt'}, {'id': 152, 'label': 'Z.K2', 'text': 'Aber trotzdem ist besonders im medizinischen Bereich eine genaue Betrachtung des Patienten notwendig ist'}, {'id': 155, 'label': 'Z.K2', 'text': 'Aber die subjektive Betrachtung ist in der Medizin sehr notwendig'}]"
225,2072,2,Ich meine dass durch eine KI nicht alle umstaende eines komplexen Falles betrachtet und winbezogen werden koennen.,['Z.P4-1'],JURAI,"[['Greeting_Message'], ['Z.P1-1'], ['intro_26', 'Z.P3-1', 'intro_48', 'Z.P3-1-2']]","[1569, 1572, 1574, 1582, 1590, 1628, 1629, 1676, 1678, 1700, 1777, 1781, 1782, 1784, 1788, 5021, 5022, 5023, 5024, 5025, 5026, 5027, 5028, 5029, 5030, 5031, 5032, 5033, 5034, 5035, 5036, 5037, 5038, 5039, 5040, 5041, 5042, 5043, 5044, 5045, 5046, 5047]",971,9138,89.3740424600569,42,42,0.038658185204144074,"[{'id': 1, 'label': 'Z.P1-1-1', 'text': 'werden dann Krankenpfleger besser bezahlt?'}, {'id': 2, 'label': 'Z.P3', 'text': 'Das Wissen einer KI kann eine deutlich hoehere Menge erreichen, als das Wissen eines Menschen. '}, {'id': 3, 'label': 'Z.P3', 'text': 'Eine KI kann mehr Wissen als ein Mensch'}, {'id': 5, 'label': 'Z.P4-1', 'text': 'Aber ist es realistisch, dass das Gesundheitssystem besser finanziert wird bevor eine medKI in der Lage ist fundierte Entscheidungen zu treffen?'}, {'id': 8, 'label': 'Z.P1', 'text': 'Der Trend geht ohnehin weg von kleinen Landarztpraxen und hin zu medizinischen Versorgungszentren'}, {'id': 12, 'label': 'Z.P4', 'text': 'Die MedKI kann unterstuetzen, den Mangel an Aerzten entgegenzuwirken. Durch den demographischen Wandel wird es mehr kranke und alte Menschen geben. Dadurch brauchen wir mehr Aerzte'}, {'id': 24, 'label': 'Z.P1', 'text': 'Aerzte sind doch auch Rund um die Uhr erreichbar?! Dafuer werden Sie auch dementsprechend bezahlt. Auf dem Land natuerlich nicht, aber eine KI koennte auch nicht ohne Beaufsichtigung das Krankenhaus leiten'}, {'id': 25, 'label': 'Z.P3-1', 'text': ' Allerdings werden die KIs von Menschen programmiert. Insofern ist die Fehlerquote mindestens genauso hoch.'}, {'id': 83, 'label': 'Z.P4-1', 'text': 'Dann sollen die Unis mehr Medizin Plaetze anbieten dann gibt es mehr Aerzte '}, {'id': 100, 'label': 'Z.P1', 'text': 'Mit medKI gibt es immerhin genug Aerztinnen, die jetzt fehlen?'}]"
226,2073,2,Mitgefuehl ist jedoch auch Bestandteil eines fuer mich fairen Verfahrens,['Z.P1-1'],JURAI,"[['Greeting_Message'], ['Z.P1-1'], ['intro_26', 'Z.P3-1', 'intro_48', 'Z.P3-1-2'], ['Z.P4-1'], ['intro_38', 'FAQ.1', 'FAQ.1-1', 'faq_trans_2', 'Z.P1']]","[1568, 1570, 1571, 1587, 1604, 1610, 1626, 1661, 1669, 1670, 1675, 1683, 1714, 1715, 1736, 1747, 1778, 1783, 1785, 1786, 1796, 1803, 1808, 1825, 1826, 4599, 4600, 4601, 4602, 4603, 4604, 4605, 4606, 4607, 4608, 4609, 4610, 4611, 4612, 4613, 4614, 4615, 4616, 4617, 4618, 4619, 4620]",1489,9138,83.70540599693588,47,47,0.02642145118775007,"[{'id': 1, 'label': 'Z.P1-1-1', 'text': 'werden dann Krankenpfleger besser bezahlt?'}, {'id': 2, 'label': 'Z.P3', 'text': 'Das Wissen einer KI kann eine deutlich hoehere Menge erreichen, als das Wissen eines Menschen. '}, {'id': 3, 'label': 'Z.P3', 'text': 'Eine KI kann mehr Wissen als ein Mensch'}, {'id': 5, 'label': 'Z.P4-1', 'text': 'Aber ist es realistisch, dass das Gesundheitssystem besser finanziert wird bevor eine medKI in der Lage ist fundierte Entscheidungen zu treffen?'}, {'id': 8, 'label': 'Z.P1', 'text': 'Der Trend geht ohnehin weg von kleinen Landarztpraxen und hin zu medizinischen Versorgungszentren'}, {'id': 12, 'label': 'Z.P4', 'text': 'Die MedKI kann unterstuetzen, den Mangel an Aerzten entgegenzuwirken. Durch den demographischen Wandel wird es mehr kranke und alte Menschen geben. Dadurch brauchen wir mehr Aerzte'}, {'id': 24, 'label': 'Z.P1', 'text': 'Aerzte sind doch auch Rund um die Uhr erreichbar?! Dafuer werden Sie auch dementsprechend bezahlt. Auf dem Land natuerlich nicht, aber eine KI koennte auch nicht ohne Beaufsichtigung das Krankenhaus leiten'}, {'id': 25, 'label': 'Z.P3-1', 'text': ' Allerdings werden die KIs von Menschen programmiert. Insofern ist die Fehlerquote mindestens genauso hoch.'}, {'id': 83, 'label': 'Z.P4-1', 'text': 'Dann sollen die Unis mehr Medizin Plaetze anbieten dann gibt es mehr Aerzte '}, {'id': 98, 'label': 'FAQ.2', 'text': 'Kann man sich auf die Entscheidungen der medKI verlassen?'}]"
227,2077,2,Wie stark die Faktoren beruecksichtigen werden soll kann die jurKI nicht einbeziehen,['Z.P4-1'],JURAI,"[['Greeting_Message'], ['Z.P1-1'], ['intro_26', 'Z.P3-1', 'intro_48', 'Z.P3-1-2'], ['Z.P4-1'], ['intro_38', 'FAQ.1', 'FAQ.1-1', 'faq_trans_2', 'Z.P1'], ['Z.P1-1'], ['intro_61'], ['Z.P1-1'], ['intro_2', 'z_trans_13', 'Z.K6-1-1-1'], ['Z.P4-1'], ['intro_62'], ['Z.K6-1-1-1'], ['intro_3', 'z_trans_2', 'Z.P4']]","[1569, 1572, 1574, 1582, 1590, 1628, 1629, 1676, 1678, 1700, 1777, 1781, 1782, 1784, 1788, 5021, 5022, 5023, 5024, 5025, 5026, 5027, 5028, 5029, 5030, 5031, 5032, 5033, 5034, 5035, 5036, 5037, 5038, 5039, 5040, 5041, 5042, 5043, 5044, 5045, 5046, 5047]",971,9138,89.3740424600569,42,42,0.038658185204144074,"[{'id': 1, 'label': 'Z.P1-1-1', 'text': 'werden dann Krankenpfleger besser bezahlt?'}, {'id': 2, 'label': 'Z.P3', 'text': 'Das Wissen einer KI kann eine deutlich hoehere Menge erreichen, als das Wissen eines Menschen. '}, {'id': 3, 'label': 'Z.P3', 'text': 'Eine KI kann mehr Wissen als ein Mensch'}, {'id': 5, 'label': 'Z.P4-1', 'text': 'Aber ist es realistisch, dass das Gesundheitssystem besser finanziert wird bevor eine medKI in der Lage ist fundierte Entscheidungen zu treffen?'}, {'id': 8, 'label': 'Z.P1', 'text': 'Der Trend geht ohnehin weg von kleinen Landarztpraxen und hin zu medizinischen Versorgungszentren'}, {'id': 12, 'label': 'Z.P4', 'text': 'Die MedKI kann unterstuetzen, den Mangel an Aerzten entgegenzuwirken. Durch den demographischen Wandel wird es mehr kranke und alte Menschen geben. Dadurch brauchen wir mehr Aerzte'}, {'id': 24, 'label': 'Z.P1', 'text': 'Aerzte sind doch auch Rund um die Uhr erreichbar?! Dafuer werden Sie auch dementsprechend bezahlt. Auf dem Land natuerlich nicht, aber eine KI koennte auch nicht ohne Beaufsichtigung das Krankenhaus leiten'}, {'id': 25, 'label': 'Z.P3-1', 'text': ' Allerdings werden die KIs von Menschen programmiert. Insofern ist die Fehlerquote mindestens genauso hoch.'}, {'id': 83, 'label': 'Z.P4-1', 'text': 'Dann sollen die Unis mehr Medizin Plaetze anbieten dann gibt es mehr Aerzte '}, {'id': 100, 'label': 'Z.P1', 'text': 'Mit medKI gibt es immerhin genug Aerztinnen, die jetzt fehlen?'}]"
228,2079,2,Die moralischen Leitlinien und Regeln sind allerdings auch im Wandel dies muesste auch beruecksichtigt werde ,['Z.K6'],JURAI,"[['Greeting_Message'], ['Z.P1-1'], ['intro_26', 'Z.P3-1', 'intro_48', 'Z.P3-1-2'], ['Z.P4-1'], ['intro_38', 'FAQ.1', 'FAQ.1-1', 'faq_trans_2', 'Z.P1'], ['Z.P1-1'], ['intro_61'], ['Z.P1-1'], ['intro_2', 'z_trans_13', 'Z.K6-1-1-1'], ['Z.P4-1'], ['intro_62'], ['Z.K6-1-1-1'], ['intro_3', 'z_trans_2', 'Z.P4'], ['Z.P4-1'], ['intro_27', 'Z.P4-1', 'intro_6', 'z_trans_1', 'Z.P2'], ['CONSENT'], ['intro_38', 'FAQ.1', 'faq_trans_1', 'Z.K6-1']]","[1575, 1588, 1644, 1645, 1658, 1659, 1699, 1744, 1748, 1753, 1812, 5102, 5103, 5104, 5105, 5106, 5107, 5108, 5109, 5110, 5111, 5112, 5113, 5114, 5115, 5116, 5117, 5118, 5119, 5120, 5121, 5122, 5123, 5124, 5125, 5126, 5127, 5128, 5129, 5130, 5131, 5132]",1201,9138,86.85708032392209,42,42,0.030374665891796233,"[{'id': 6, 'label': 'Z.K6', 'text': 'Medizin ist ein aeusserst komplexes Tehemengebiet. Die Behandlung von Patienten erfordert Erfahrung und ist aeusserst Vielschichtig'}, {'id': 10, 'label': 'Z.K6', 'text': 'Nein, ich bezihe mich nicht auf Fehler, sondern auf eine begrenzte, eindimensionale Handlungsfaehigkeit '}, {'id': 23, 'label': 'Z.K10', 'text': 'Das aendert jedoch nichts daran, dass viele Patienten sich nicht von einer KI behandeln lassen wollen.'}, {'id': 51, 'label': 'Z.K10', 'text': 'Zu viel Wissen kann Menschen Angst machen '}, {'id': 53, 'label': 'Z.K4', 'text': 'Systemfehler'}, {'id': 98, 'label': 'FAQ.2', 'text': 'Kann man sich auf die Entscheidungen der medKI verlassen?'}, {'id': 105, 'label': 'Z.K10', 'text': 'Patientinnen fuehlen sich nicht sicher mit KI'}, {'id': 111, 'label': 'Z.K6', 'text': 'Ueber Neueste Diagnostik und Therapie verfuegen Aerztinnen in der Regel auch '}, {'id': 118, 'label': 'Z.K10-2', 'text': 'Noch. Wenn unsere Generation alt ist, wird sich das geaendert haben.'}, {'id': 132, 'label': 'Z.K10', 'text': 'Ich denke, vor allem junge Patienten werden grosse Angst vor dir haben'}]"
229,2084,2,Es geht mir nicht um Fehlurteile die koennen ja auch bei menschlichen Richtern geschehen,['Z.K10-1'],JURAI,"[['Greeting_Message'], ['Z.K4'], ['intro_27', 'Z.K10', 'intro_58', 'Z.K10-2']]","[1534, 1580, 1761, 1762, 5300, 5301, 5302, 5303, 5304, 5305, 5306, 5307, 5308, 5309, 5310, 5311, 5312, 5313, 5314, 5315, 5316, 5317, 5318, 5319, 5320, 5321, 5322, 5323, 5324, 5325, 5326]",683,9138,92.52571678704311,31,31,0.0419955669165203,"[{'id': 6, 'label': 'Z.K6', 'text': 'Medizin ist ein aeusserst komplexes Tehemengebiet. Die Behandlung von Patienten erfordert Erfahrung und ist aeusserst Vielschichtig'}, {'id': 10, 'label': 'Z.K6', 'text': 'Nein, ich bezihe mich nicht auf Fehler, sondern auf eine begrenzte, eindimensionale Handlungsfaehigkeit '}, {'id': 23, 'label': 'Z.K10', 'text': 'Das aendert jedoch nichts daran, dass viele Patienten sich nicht von einer KI behandeln lassen wollen.'}, {'id': 51, 'label': 'Z.K10', 'text': 'Zu viel Wissen kann Menschen Angst machen '}, {'id': 53, 'label': 'Z.K4', 'text': 'Systemfehler'}, {'id': 105, 'label': 'Z.K10', 'text': 'Patientinnen fuehlen sich nicht sicher mit KI'}, {'id': 111, 'label': 'Z.K6', 'text': 'Ueber Neueste Diagnostik und Therapie verfuegen Aerztinnen in der Regel auch '}, {'id': 118, 'label': 'Z.K10-2', 'text': 'Noch. Wenn unsere Generation alt ist, wird sich das geaendert haben.'}, {'id': 132, 'label': 'Z.K10', 'text': 'Ich denke, vor allem junge Patienten werden grosse Angst vor dir haben'}, {'id': 169, 'label': 'Z.K6', 'text': 'Maschinen koennen nicht die Qualitaet erbringen, welche Aerzte leisten '}]"
230,2085,2,Und wenn die KI von den programmiererInnen mit diskriminierenden Inhalten entwickelt wird,['Z.K6-1-1'],JURAI,"[['Greeting_Message'], ['Z.K4'], ['intro_27', 'Z.K10', 'intro_58', 'Z.K10-2'], ['Z.K10-1'], ['intro_28', 'Z.K6', 'intro_55', 'Z.K6-1']]","[1581, 1589, 1705, 1772, 1775, 1810, 1811, 1832, 5160, 5161, 5162, 5163, 5164, 5165, 5166, 5167, 5168, 5169, 5170, 5171, 5172, 5173, 5174, 5175, 5176, 5177, 5178, 5179, 5180, 5181]",683,9138,92.52571678704311,30,30,0.04064087120953578,"[{'id': 6, 'label': 'Z.K6', 'text': 'Medizin ist ein aeusserst komplexes Tehemengebiet. Die Behandlung von Patienten erfordert Erfahrung und ist aeusserst Vielschichtig'}, {'id': 10, 'label': 'Z.K6', 'text': 'Nein, ich bezihe mich nicht auf Fehler, sondern auf eine begrenzte, eindimensionale Handlungsfaehigkeit '}, {'id': 23, 'label': 'Z.K10', 'text': 'Das aendert jedoch nichts daran, dass viele Patienten sich nicht von einer KI behandeln lassen wollen.'}, {'id': 51, 'label': 'Z.K10', 'text': 'Zu viel Wissen kann Menschen Angst machen '}, {'id': 53, 'label': 'Z.K4', 'text': 'Systemfehler'}, {'id': 105, 'label': 'Z.K10', 'text': 'Patientinnen fuehlen sich nicht sicher mit KI'}, {'id': 111, 'label': 'Z.K6', 'text': 'Ueber Neueste Diagnostik und Therapie verfuegen Aerztinnen in der Regel auch '}, {'id': 118, 'label': 'Z.K10-2', 'text': 'Noch. Wenn unsere Generation alt ist, wird sich das geaendert haben.'}, {'id': 132, 'label': 'Z.K10', 'text': 'Ich denke, vor allem junge Patienten werden grosse Angst vor dir haben'}, {'id': 169, 'label': 'Z.K6', 'text': 'Maschinen koennen nicht die Qualitaet erbringen, welche Aerzte leisten '}]"
231,2087,2,Das stimmt und wahrscheinlich kann sie sogar unabhaengiger ihr Urteil faellen als ein menscj,['Z.P3'],JURAI,"[['Greeting_Message'], ['Z.K4'], ['intro_27', 'Z.K10', 'intro_58', 'Z.K10-2'], ['Z.K10-1'], ['intro_28', 'Z.K6', 'intro_55', 'Z.K6-1'], ['Z.K6-1-1'], ['intro_24', 'Z.K6-1-1', 'intro_55', 'Z.K6-1-1-1'], ['Z.P4-1'], ['intro_23', 'Z.K6-1-1', 'intro_56', 'z_trans_2', 'Z.P1']]","[1529, 1533, 1563, 1577, 1583, 1617, 1773, 1835, 1853, 1855, 4675, 4676, 4677, 4678, 4679, 4680, 4681, 4682, 4683, 4684, 4685, 4686, 4687, 4688, 4689, 4690, 4691, 4692, 4693, 4694, 4695, 4696, 4697, 4698, 4699, 4700, 4701]",1654,9138,81.89975924710002,37,37,0.018320986046811975,"[{'id': 1, 'label': 'Z.P1-1-1', 'text': 'werden dann Krankenpfleger besser bezahlt?'}, {'id': 2, 'label': 'Z.P3', 'text': 'Das Wissen einer KI kann eine deutlich hoehere Menge erreichen, als das Wissen eines Menschen. '}, {'id': 3, 'label': 'Z.P3', 'text': 'Eine KI kann mehr Wissen als ein Mensch'}, {'id': 5, 'label': 'Z.P4-1', 'text': 'Aber ist es realistisch, dass das Gesundheitssystem besser finanziert wird bevor eine medKI in der Lage ist fundierte Entscheidungen zu treffen?'}, {'id': 6, 'label': 'Z.K6', 'text': 'Medizin ist ein aeusserst komplexes Tehemengebiet. Die Behandlung von Patienten erfordert Erfahrung und ist aeusserst Vielschichtig'}, {'id': 8, 'label': 'Z.P1', 'text': 'Der Trend geht ohnehin weg von kleinen Landarztpraxen und hin zu medizinischen Versorgungszentren'}, {'id': 10, 'label': 'Z.K6', 'text': 'Nein, ich bezihe mich nicht auf Fehler, sondern auf eine begrenzte, eindimensionale Handlungsfaehigkeit '}, {'id': 12, 'label': 'Z.P4', 'text': 'Die MedKI kann unterstuetzen, den Mangel an Aerzten entgegenzuwirken. Durch den demographischen Wandel wird es mehr kranke und alte Menschen geben. Dadurch brauchen wir mehr Aerzte'}, {'id': 23, 'label': 'Z.K10', 'text': 'Das aendert jedoch nichts daran, dass viele Patienten sich nicht von einer KI behandeln lassen wollen.'}, {'id': 24, 'label': 'Z.P1', 'text': 'Aerzte sind doch auch Rund um die Uhr erreichbar?! Dafuer werden Sie auch dementsprechend bezahlt. Auf dem Land natuerlich nicht, aber eine KI koennte auch nicht ohne Beaufsichtigung das Krankenhaus leiten'}]"
232,2093,2,Werte und Gerechtigkeit nach eigenem Ermessen nachvollziehen zu koennen und somit eine Tiefe des Strafmasses zu entscheiden kann nicht von einer KI nachvollzogen werden. Ausserdem ist eine KI immer nur so ethisch korrekt wie derjenige der sie entwickelt und so korrekt wie die Daten mit der sie gefuettert wird.,"['Z.K6', 'Z.K6-1-1']",JURAI,"[['Greeting_Message'], ['OTHER'], ['intro_61'], ['FAQ.6'], ['intro_1', 'z_trans_13', 'Z.P1'], ['Z.K11'], ['intro_26', 'Z.K11', 'intro_3', 'Z.K11-1'], ['Z.P1-1'], ['intro_27', 'Z.K6', 'intro_55', 'Z.K6-1']]","[1575, 1581, 1588, 1589, 1644, 1645, 1658, 1659, 1699, 1705, 1744, 1748, 1753, 1772, 1775, 1810, 1811, 1812, 1832, 5102, 5103, 5104, 5105, 5106, 5107, 5108, 5109, 5110, 5111, 5112, 5113, 5114, 5115, 5116, 5117, 5118, 5119, 5120, 5121, 5122, 5123, 5124, 5125, 5126, 5127, 5128, 5129, 5130, 5131, 5132, 5160, 5161, 5162, 5163, 5164, 5165, 5166, 5167, 5168, 5169, 5170, 5171, 5172, 5173, 5174, 5175, 5176, 5177, 5178, 5179, 5180, 5181]",683,9138,92.52571678704311,72,72,0.09753809090288587,"[{'id': 6, 'label': 'Z.K6', 'text': 'Medizin ist ein aeusserst komplexes Tehemengebiet. Die Behandlung von Patienten erfordert Erfahrung und ist aeusserst Vielschichtig'}, {'id': 10, 'label': 'Z.K6', 'text': 'Nein, ich bezihe mich nicht auf Fehler, sondern auf eine begrenzte, eindimensionale Handlungsfaehigkeit '}, {'id': 23, 'label': 'Z.K10', 'text': 'Das aendert jedoch nichts daran, dass viele Patienten sich nicht von einer KI behandeln lassen wollen.'}, {'id': 51, 'label': 'Z.K10', 'text': 'Zu viel Wissen kann Menschen Angst machen '}, {'id': 53, 'label': 'Z.K4', 'text': 'Systemfehler'}, {'id': 105, 'label': 'Z.K10', 'text': 'Patientinnen fuehlen sich nicht sicher mit KI'}, {'id': 111, 'label': 'Z.K6', 'text': 'Ueber Neueste Diagnostik und Therapie verfuegen Aerztinnen in der Regel auch '}, {'id': 118, 'label': 'Z.K10-2', 'text': 'Noch. Wenn unsere Generation alt ist, wird sich das geaendert haben.'}, {'id': 132, 'label': 'Z.K10', 'text': 'Ich denke, vor allem junge Patienten werden grosse Angst vor dir haben'}, {'id': 169, 'label': 'Z.K6', 'text': 'Maschinen koennen nicht die Qualitaet erbringen, welche Aerzte leisten '}]"
233,2099,2,"Der Fehler eines Menschen hat eine geringere Tragweite , da er nicht so viele Faelle behandelt wie die KI. ",['Z.P3-1'],JURAI,"[['Greeting_Message'], ['OTHER'], ['intro_61'], ['FAQ.6'], ['intro_1', 'z_trans_13', 'Z.P1'], ['Z.K11'], ['intro_26', 'Z.K11', 'intro_3', 'Z.K11-1'], ['Z.P1-1'], ['intro_27', 'Z.K6', 'intro_55', 'Z.K6-1'], ['Z.K6', 'Z.K6-1-1'], ['intro_32', 'Z.K6-1-1', 'intro_56', 'Z.K6-1-1-1'], ['Z.P4-1'], ['intro_25', 'Z.K6', 'intro_55', 'Z.K6-2'], ['OTHER'], ['intro_37', 'FAQ.1', 'FAQ.1-1', 'faq_trans_3', 'Z.P4'], ['NZ.K10'], ['intro_27', 'Z.K6', 'intro_56', 'Z.K6-3'], ['Z.K3'], ['intro_24', 'Z.K6', 'intro_55', 'z_trans_2', 'Z.K2-1'], ['Z.P3-1'], ['intro_25', 'Z.P3-1', 'intro_48', 'Z.P3-1-2']]","[1584, 1593, 1594, 1741, 4702, 4703, 4704, 4705, 4706, 4707, 4708, 4709, 4710, 4711, 4712, 4713, 4714, 4715, 4716, 4717, 4718, 4719, 4720, 4721, 4722, 4723, 4724, 4725, 4726, 4727, 4728]",971,9138,89.3740424600569,31,31,0.028533422412582533,"[{'id': 1, 'label': 'Z.P1-1-1', 'text': 'werden dann Krankenpfleger besser bezahlt?'}, {'id': 2, 'label': 'Z.P3', 'text': 'Das Wissen einer KI kann eine deutlich hoehere Menge erreichen, als das Wissen eines Menschen. '}, {'id': 3, 'label': 'Z.P3', 'text': 'Eine KI kann mehr Wissen als ein Mensch'}, {'id': 5, 'label': 'Z.P4-1', 'text': 'Aber ist es realistisch, dass das Gesundheitssystem besser finanziert wird bevor eine medKI in der Lage ist fundierte Entscheidungen zu treffen?'}, {'id': 8, 'label': 'Z.P1', 'text': 'Der Trend geht ohnehin weg von kleinen Landarztpraxen und hin zu medizinischen Versorgungszentren'}, {'id': 12, 'label': 'Z.P4', 'text': 'Die MedKI kann unterstuetzen, den Mangel an Aerzten entgegenzuwirken. Durch den demographischen Wandel wird es mehr kranke und alte Menschen geben. Dadurch brauchen wir mehr Aerzte'}, {'id': 24, 'label': 'Z.P1', 'text': 'Aerzte sind doch auch Rund um die Uhr erreichbar?! Dafuer werden Sie auch dementsprechend bezahlt. Auf dem Land natuerlich nicht, aber eine KI koennte auch nicht ohne Beaufsichtigung das Krankenhaus leiten'}, {'id': 25, 'label': 'Z.P3-1', 'text': ' Allerdings werden die KIs von Menschen programmiert. Insofern ist die Fehlerquote mindestens genauso hoch.'}, {'id': 83, 'label': 'Z.P4-1', 'text': 'Dann sollen die Unis mehr Medizin Plaetze anbieten dann gibt es mehr Aerzte '}, {'id': 100, 'label': 'Z.P1', 'text': 'Mit medKI gibt es immerhin genug Aerztinnen, die jetzt fehlen?'}]"
234,2113,2,"Klar ist die Rechtslage ausschlaggebend, aber was ist mit Milderung z.B.?",['Z.P1-1-1'],JURAI,"[['Greeting_Message'], ['Z.P1-1'], ['intro_25', 'Z.P1-1', 'intro_1', 'Z.P1-1-1']]","[1605, 1754, 1756, 1830, 4648, 4649, 4650, 4651, 4652, 4653, 4654, 4655, 4656, 4657, 4658, 4659, 4660, 4661, 4662, 4663, 4664, 4665, 4666, 4667, 4668, 4669, 4670, 4671, 4672, 4673, 4674]",971,9138,89.3740424600569,31,31,0.028533422412582533,"[{'id': 1, 'label': 'Z.P1-1-1', 'text': 'werden dann Krankenpfleger besser bezahlt?'}, {'id': 2, 'label': 'Z.P3', 'text': 'Das Wissen einer KI kann eine deutlich hoehere Menge erreichen, als das Wissen eines Menschen. '}, {'id': 3, 'label': 'Z.P3', 'text': 'Eine KI kann mehr Wissen als ein Mensch'}, {'id': 5, 'label': 'Z.P4-1', 'text': 'Aber ist es realistisch, dass das Gesundheitssystem besser finanziert wird bevor eine medKI in der Lage ist fundierte Entscheidungen zu treffen?'}, {'id': 8, 'label': 'Z.P1', 'text': 'Der Trend geht ohnehin weg von kleinen Landarztpraxen und hin zu medizinischen Versorgungszentren'}, {'id': 12, 'label': 'Z.P4', 'text': 'Die MedKI kann unterstuetzen, den Mangel an Aerzten entgegenzuwirken. Durch den demographischen Wandel wird es mehr kranke und alte Menschen geben. Dadurch brauchen wir mehr Aerzte'}, {'id': 24, 'label': 'Z.P1', 'text': 'Aerzte sind doch auch Rund um die Uhr erreichbar?! Dafuer werden Sie auch dementsprechend bezahlt. Auf dem Land natuerlich nicht, aber eine KI koennte auch nicht ohne Beaufsichtigung das Krankenhaus leiten'}, {'id': 25, 'label': 'Z.P3-1', 'text': ' Allerdings werden die KIs von Menschen programmiert. Insofern ist die Fehlerquote mindestens genauso hoch.'}, {'id': 83, 'label': 'Z.P4-1', 'text': 'Dann sollen die Unis mehr Medizin Plaetze anbieten dann gibt es mehr Aerzte '}, {'id': 100, 'label': 'Z.P1', 'text': 'Mit medKI gibt es immerhin genug Aerztinnen, die jetzt fehlen?'}]"
235,2119,2,"Aber vielleicht bringt genau die Wartezeit neue Betrachtungsweisen oder Beweise ans Licht, die in kuerzerer Zeit nicht beruecksichtigt werden konnten",['Z.P2-2'],JURAI,"[['Greeting_Message'], ['Z.P1-1'], ['intro_25', 'Z.P1-1', 'intro_1', 'Z.P1-1-1'], ['Z.P1-1-1'], ['intro_61'], ['OTHER'], ['intro_2', 'z_trans_2', 'Z.P1'], ['OTHER'], ['intro_32', 'Z.P4-1', 'intro_4', 'z_trans_12', 'Z.P4'], ['OTHER'], ['intro_62'], ['OTHER'], ['intro_3', 'z_trans_2', 'Z.K6-1-1-1'], ['OTHER'], ['intro_32', 'Z.P4-1', 'intro_5', 'z_trans_1', 'Z.P2']]","[1606, 1607, 4859, 4860, 4861, 4862, 4863, 4864, 4865, 4866, 4867, 4868, 4869, 4870, 4871, 4872, 4873, 4874, 4875, 4876, 4877, 4878, 4879, 4880]",1510,9138,83.47559641059313,24,24,0.013267644462610828,"[{'id': 1, 'label': 'Z.P1-1-1', 'text': 'werden dann Krankenpfleger besser bezahlt?'}, {'id': 2, 'label': 'Z.P3', 'text': 'Das Wissen einer KI kann eine deutlich hoehere Menge erreichen, als das Wissen eines Menschen. '}, {'id': 3, 'label': 'Z.P3', 'text': 'Eine KI kann mehr Wissen als ein Mensch'}, {'id': 5, 'label': 'Z.P4-1', 'text': 'Aber ist es realistisch, dass das Gesundheitssystem besser finanziert wird bevor eine medKI in der Lage ist fundierte Entscheidungen zu treffen?'}, {'id': 8, 'label': 'Z.P1', 'text': 'Der Trend geht ohnehin weg von kleinen Landarztpraxen und hin zu medizinischen Versorgungszentren'}, {'id': 12, 'label': 'Z.P4', 'text': 'Die MedKI kann unterstuetzen, den Mangel an Aerzten entgegenzuwirken. Durch den demographischen Wandel wird es mehr kranke und alte Menschen geben. Dadurch brauchen wir mehr Aerzte'}, {'id': 24, 'label': 'Z.P1', 'text': 'Aerzte sind doch auch Rund um die Uhr erreichbar?! Dafuer werden Sie auch dementsprechend bezahlt. Auf dem Land natuerlich nicht, aber eine KI koennte auch nicht ohne Beaufsichtigung das Krankenhaus leiten'}, {'id': 25, 'label': 'Z.P3-1', 'text': ' Allerdings werden die KIs von Menschen programmiert. Insofern ist die Fehlerquote mindestens genauso hoch.'}, {'id': 83, 'label': 'Z.P4-1', 'text': 'Dann sollen die Unis mehr Medizin Plaetze anbieten dann gibt es mehr Aerzte '}, {'id': 85, 'label': 'Z.P2', 'text': 'KI sind objektiv '}]"
236,2124,2,Aber eine Ki kann auch durch die subjektivitaet weniger menschlich entscheiden und so die Situation von Menschen drastisch verschlechtern ,['Z.P1-1'],JURAI,"[['Greeting_Message'], ['FAQ.1'], ['intro_38', 'FAQ.1', 'FAQ.1-1', 'faq_trans_1', 'Z.P1']]","[1568, 1570, 1571, 1587, 1604, 1610, 1626, 1661, 1669, 1670, 1675, 1683, 1714, 1715, 1736, 1747, 1778, 1783, 1785, 1786, 1796, 1803, 1808, 1825, 1826, 4599, 4600, 4601, 4602, 4603, 4604, 4605, 4606, 4607, 4608, 4609, 4610, 4611, 4612, 4613, 4614, 4615, 4616, 4617, 4618, 4619, 4620]",1489,9138,83.70540599693588,47,47,0.02642145118775007,"[{'id': 1, 'label': 'Z.P1-1-1', 'text': 'werden dann Krankenpfleger besser bezahlt?'}, {'id': 2, 'label': 'Z.P3', 'text': 'Das Wissen einer KI kann eine deutlich hoehere Menge erreichen, als das Wissen eines Menschen. '}, {'id': 3, 'label': 'Z.P3', 'text': 'Eine KI kann mehr Wissen als ein Mensch'}, {'id': 5, 'label': 'Z.P4-1', 'text': 'Aber ist es realistisch, dass das Gesundheitssystem besser finanziert wird bevor eine medKI in der Lage ist fundierte Entscheidungen zu treffen?'}, {'id': 8, 'label': 'Z.P1', 'text': 'Der Trend geht ohnehin weg von kleinen Landarztpraxen und hin zu medizinischen Versorgungszentren'}, {'id': 12, 'label': 'Z.P4', 'text': 'Die MedKI kann unterstuetzen, den Mangel an Aerzten entgegenzuwirken. Durch den demographischen Wandel wird es mehr kranke und alte Menschen geben. Dadurch brauchen wir mehr Aerzte'}, {'id': 24, 'label': 'Z.P1', 'text': 'Aerzte sind doch auch Rund um die Uhr erreichbar?! Dafuer werden Sie auch dementsprechend bezahlt. Auf dem Land natuerlich nicht, aber eine KI koennte auch nicht ohne Beaufsichtigung das Krankenhaus leiten'}, {'id': 25, 'label': 'Z.P3-1', 'text': ' Allerdings werden die KIs von Menschen programmiert. Insofern ist die Fehlerquote mindestens genauso hoch.'}, {'id': 83, 'label': 'Z.P4-1', 'text': 'Dann sollen die Unis mehr Medizin Plaetze anbieten dann gibt es mehr Aerzte '}, {'id': 98, 'label': 'FAQ.2', 'text': 'Kann man sich auf die Entscheidungen der medKI verlassen?'}]"
237,2125,2,Aber die Menschen die 10h vor dem Bildschirm sitzen interagieren trotzdem menschlich ,['Z.K11-1'],JURAI,"[['Greeting_Message'], ['FAQ.1'], ['intro_38', 'FAQ.1', 'FAQ.1-1', 'faq_trans_1', 'Z.P1'], ['Z.P1-1'], ['intro_32', 'Z.K11', 'intro_2', 'Z.K11-1']]","[1611, 5664, 5665, 5666, 5667, 5668, 5669, 5670, 5671, 5672, 5673, 5674, 5675, 5676, 5677, 5678, 5679, 5680, 5681, 5682, 5683, 5684, 5685, 5686, 5687, 5688, 5689, 5690]",1044,9138,88.57518056467498,28,28,0.023755795553744248,"[{'id': 9, 'label': 'Z.K2', 'text': 'Andererseits hat sie ein sehr begrenztes Repertoire, denn anders als ein Mensch kommt MedKI nicht ueber ihre standardisierten Handlungsweisen hinaus'}, {'id': 52, 'label': 'Z.K2', 'text': 'Zu viele Krankheiten moeglich'}, {'id': 61, 'label': 'Z.K9', 'text': 'Hacker'}, {'id': 71, 'label': 'Z.K2', 'text': 'Eine KI handelt immer nach der theoretisch besten Loesung, allerdings ist diese nicht immer moralisch Vertretbar '}, {'id': 101, 'label': 'Z.K2', 'text': 'Mir ist bewusst das ein MedKi nicht alle Lebensumstaende der Patientinnen in die Untersuchung mit einbeziehen'}, {'id': 113, 'label': 'Z.K3-1', 'text': 'Patientinnen sollten waehlen koennen zwischen KI und realen Personen '}, {'id': 150, 'label': 'Z.K2', 'text': 'Da die Med-KI keine individuellen Diagnosen stellen kann, sondern anhand von Lehrbuchangaben agiert und das Verhalten und die Aussagen der patient*innen nur objektiv betrachtet'}, {'id': 151, 'label': 'Z.K2', 'text': 'Diagnosen werden nur objektiv gestellt'}, {'id': 152, 'label': 'Z.K2', 'text': 'Aber trotzdem ist besonders im medizinischen Bereich eine genaue Betrachtung des Patienten notwendig ist'}, {'id': 155, 'label': 'Z.K2', 'text': 'Aber die subjektive Betrachtung ist in der Medizin sehr notwendig'}]"
238,2140,1,"Finde das nicht, da sie sehr hilfreich sein kann und deswegen auch eventuell besser angenommen werden kann.",['Z.K9-1'],JURAI,"[['Greeting_Message'], ['OTHER'], ['intro_61'], ['Z.P1'], ['intro_1', 'z_trans_13', 'Z.K6'], ['CONSENT'], ['intro_62'], ['Z.P3'], ['intro_3', 'z_trans_11', 'Z.K2'], ['DISSENT', 'Z.P1'], ['intro_62'], ['Z.P1'], ['intro_2', 'z_trans_13', 'Z.K4'], ['Z.P8'], ['intro_26', 'Z.P8', 'intro_46', 'Z.P8-2'], ['CONSENT', 'NZ.K2'], ['intro_62'], ['NZ.K10'], ['intro_3', 'z_trans_12', 'Z.K9']]","[1623, 1774, 1849, 5608, 5609, 5610, 5611, 5612, 5613, 5614, 5615, 5616, 5617, 5618, 5619, 5620, 5621, 5622, 5623, 5624, 5625, 5626, 5627, 5628, 5629, 5630, 5631, 5632, 5633, 5634]",1044,9138,88.57518056467498,30,30,0.025452638093297408,"[{'id': 9, 'label': 'Z.K2', 'text': 'Andererseits hat sie ein sehr begrenztes Repertoire, denn anders als ein Mensch kommt MedKI nicht ueber ihre standardisierten Handlungsweisen hinaus'}, {'id': 52, 'label': 'Z.K2', 'text': 'Zu viele Krankheiten moeglich'}, {'id': 61, 'label': 'Z.K9', 'text': 'Hacker'}, {'id': 71, 'label': 'Z.K2', 'text': 'Eine KI handelt immer nach der theoretisch besten Loesung, allerdings ist diese nicht immer moralisch Vertretbar '}, {'id': 101, 'label': 'Z.K2', 'text': 'Mir ist bewusst das ein MedKi nicht alle Lebensumstaende der Patientinnen in die Untersuchung mit einbeziehen'}, {'id': 113, 'label': 'Z.K3-1', 'text': 'Patientinnen sollten waehlen koennen zwischen KI und realen Personen '}, {'id': 150, 'label': 'Z.K2', 'text': 'Da die Med-KI keine individuellen Diagnosen stellen kann, sondern anhand von Lehrbuchangaben agiert und das Verhalten und die Aussagen der patient*innen nur objektiv betrachtet'}, {'id': 151, 'label': 'Z.K2', 'text': 'Diagnosen werden nur objektiv gestellt'}, {'id': 152, 'label': 'Z.K2', 'text': 'Aber trotzdem ist besonders im medizinischen Bereich eine genaue Betrachtung des Patienten notwendig ist'}, {'id': 155, 'label': 'Z.K2', 'text': 'Aber die subjektive Betrachtung ist in der Medizin sehr notwendig'}]"
239,2153,1,"Aber KI waere auch schlau genug, Werten zu lernen. ",['Z.K6-2'],JURAI,"[['Greeting_Message'], ['Z.P1'], ['intro_23', 'Z.K6-1-1-1', 'intro_52', 'z_trans_12', 'Z.K6']]","[1634, 1755, 1757, 1758, 5204, 5205, 5206, 5207, 5208, 5209, 5210, 5211, 5212, 5213, 5214, 5215, 5216, 5217, 5218, 5219, 5220, 5221, 5222, 5223, 5224, 5225, 5226, 5227, 5228, 5229, 5230]",683,9138,92.52571678704311,31,31,0.0419955669165203,"[{'id': 6, 'label': 'Z.K6', 'text': 'Medizin ist ein aeusserst komplexes Tehemengebiet. Die Behandlung von Patienten erfordert Erfahrung und ist aeusserst Vielschichtig'}, {'id': 10, 'label': 'Z.K6', 'text': 'Nein, ich bezihe mich nicht auf Fehler, sondern auf eine begrenzte, eindimensionale Handlungsfaehigkeit '}, {'id': 23, 'label': 'Z.K10', 'text': 'Das aendert jedoch nichts daran, dass viele Patienten sich nicht von einer KI behandeln lassen wollen.'}, {'id': 51, 'label': 'Z.K10', 'text': 'Zu viel Wissen kann Menschen Angst machen '}, {'id': 53, 'label': 'Z.K4', 'text': 'Systemfehler'}, {'id': 105, 'label': 'Z.K10', 'text': 'Patientinnen fuehlen sich nicht sicher mit KI'}, {'id': 111, 'label': 'Z.K6', 'text': 'Ueber Neueste Diagnostik und Therapie verfuegen Aerztinnen in der Regel auch '}, {'id': 118, 'label': 'Z.K10-2', 'text': 'Noch. Wenn unsere Generation alt ist, wird sich das geaendert haben.'}, {'id': 132, 'label': 'Z.K10', 'text': 'Ich denke, vor allem junge Patienten werden grosse Angst vor dir haben'}, {'id': 169, 'label': 'Z.K6', 'text': 'Maschinen koennen nicht die Qualitaet erbringen, welche Aerzte leisten '}]"
240,2172,2,"Was den Menschen von der KI unterscheidet, ist, dass er einen Verstand besitzt. Er hat die Faehigkeit Philosophie zu betreiben. ",['Z.K6'],JURAI,"[['Greeting_Message'], ['Z.K6'], ['intro_27', 'Z.K10', 'intro_58', 'Z.K10-2']]","[1575, 1588, 1644, 1645, 1658, 1659, 1699, 1744, 1748, 1753, 1812, 5102, 5103, 5104, 5105, 5106, 5107, 5108, 5109, 5110, 5111, 5112, 5113, 5114, 5115, 5116, 5117, 5118, 5119, 5120, 5121, 5122, 5123, 5124, 5125, 5126, 5127, 5128, 5129, 5130, 5131, 5132]",683,9138,92.52571678704311,42,42,0.056897219693350085,"[{'id': 6, 'label': 'Z.K6', 'text': 'Medizin ist ein aeusserst komplexes Tehemengebiet. Die Behandlung von Patienten erfordert Erfahrung und ist aeusserst Vielschichtig'}, {'id': 10, 'label': 'Z.K6', 'text': 'Nein, ich bezihe mich nicht auf Fehler, sondern auf eine begrenzte, eindimensionale Handlungsfaehigkeit '}, {'id': 23, 'label': 'Z.K10', 'text': 'Das aendert jedoch nichts daran, dass viele Patienten sich nicht von einer KI behandeln lassen wollen.'}, {'id': 51, 'label': 'Z.K10', 'text': 'Zu viel Wissen kann Menschen Angst machen '}, {'id': 53, 'label': 'Z.K4', 'text': 'Systemfehler'}, {'id': 105, 'label': 'Z.K10', 'text': 'Patientinnen fuehlen sich nicht sicher mit KI'}, {'id': 111, 'label': 'Z.K6', 'text': 'Ueber Neueste Diagnostik und Therapie verfuegen Aerztinnen in der Regel auch '}, {'id': 118, 'label': 'Z.K10-2', 'text': 'Noch. Wenn unsere Generation alt ist, wird sich das geaendert haben.'}, {'id': 132, 'label': 'Z.K10', 'text': 'Ich denke, vor allem junge Patienten werden grosse Angst vor dir haben'}, {'id': 169, 'label': 'Z.K6', 'text': 'Maschinen koennen nicht die Qualitaet erbringen, welche Aerzte leisten '}]"
241,2186,1,"Leider wahr, allerdings koennte die KI auch nicht auf Stigmatisierungen und Vorurteile eingehen, wenn sie Herkunft, Geschlecht und Alter nicht weiss ",['Z.K6-1-1-1'],JURAI,"[['Greeting_Message'], ['Z.P1'], ['intro_28', 'Z.K6-1', 'intro_51', 'Z.K6-1-1']]","[1573, 1635, 1636, 1655, 1708, 1845, 5182, 5183, 5184, 5185, 5186, 5187, 5188, 5189, 5190, 5191, 5192, 5193, 5194, 5195, 5196, 5197, 5198, 5199, 5200, 5201, 5202, 5203]",683,9138,92.52571678704311,28,28,0.03793147979556673,"[{'id': 6, 'label': 'Z.K6', 'text': 'Medizin ist ein aeusserst komplexes Tehemengebiet. Die Behandlung von Patienten erfordert Erfahrung und ist aeusserst Vielschichtig'}, {'id': 10, 'label': 'Z.K6', 'text': 'Nein, ich bezihe mich nicht auf Fehler, sondern auf eine begrenzte, eindimensionale Handlungsfaehigkeit '}, {'id': 23, 'label': 'Z.K10', 'text': 'Das aendert jedoch nichts daran, dass viele Patienten sich nicht von einer KI behandeln lassen wollen.'}, {'id': 51, 'label': 'Z.K10', 'text': 'Zu viel Wissen kann Menschen Angst machen '}, {'id': 53, 'label': 'Z.K4', 'text': 'Systemfehler'}, {'id': 105, 'label': 'Z.K10', 'text': 'Patientinnen fuehlen sich nicht sicher mit KI'}, {'id': 111, 'label': 'Z.K6', 'text': 'Ueber Neueste Diagnostik und Therapie verfuegen Aerztinnen in der Regel auch '}, {'id': 118, 'label': 'Z.K10-2', 'text': 'Noch. Wenn unsere Generation alt ist, wird sich das geaendert haben.'}, {'id': 132, 'label': 'Z.K10', 'text': 'Ich denke, vor allem junge Patienten werden grosse Angst vor dir haben'}, {'id': 169, 'label': 'Z.K6', 'text': 'Maschinen koennen nicht die Qualitaet erbringen, welche Aerzte leisten '}]"
242,2190,1,"Da die KI sich jedoch an den gesetzlichen Grundlagen orientiert, werden auch die Fehler juristisch begruendet sein",['Z.P3-1-2'],JURAI,"[['Greeting_Message'], ['Z.P1'], ['intro_28', 'Z.K6-1', 'intro_51', 'Z.K6-1-1'], ['Z.K6-1-1-1'], ['intro_24', 'Z.K6-1-1-1', 'intro_54', 'z_trans_1', 'Z.K6'], ['OTHER'], ['intro_28', 'Z.P8', 'intro_48', 'Z.P8-2'], ['CON_NZARG'], ['intro_32', 'Z.K6-1', 'intro_54', 'z_trans_1', 'Z.K10'], ['NZ.K10'], ['intro_32', 'Z.P3', 'intro_46', 'Z.P3-1']]","[1657, 4756, 4757, 4758, 4759, 4760, 4761, 4762, 4763, 4764, 4765, 4766, 4767, 4768, 4769, 4770, 4771, 4772, 4773, 4774, 4775, 4776, 4777, 4778, 4779, 4780, 4781, 4782]",971,9138,89.3740424600569,28,28,0.025772123469429385,"[{'id': 1, 'label': 'Z.P1-1-1', 'text': 'werden dann Krankenpfleger besser bezahlt?'}, {'id': 2, 'label': 'Z.P3', 'text': 'Das Wissen einer KI kann eine deutlich hoehere Menge erreichen, als das Wissen eines Menschen. '}, {'id': 3, 'label': 'Z.P3', 'text': 'Eine KI kann mehr Wissen als ein Mensch'}, {'id': 5, 'label': 'Z.P4-1', 'text': 'Aber ist es realistisch, dass das Gesundheitssystem besser finanziert wird bevor eine medKI in der Lage ist fundierte Entscheidungen zu treffen?'}, {'id': 8, 'label': 'Z.P1', 'text': 'Der Trend geht ohnehin weg von kleinen Landarztpraxen und hin zu medizinischen Versorgungszentren'}, {'id': 12, 'label': 'Z.P4', 'text': 'Die MedKI kann unterstuetzen, den Mangel an Aerzten entgegenzuwirken. Durch den demographischen Wandel wird es mehr kranke und alte Menschen geben. Dadurch brauchen wir mehr Aerzte'}, {'id': 24, 'label': 'Z.P1', 'text': 'Aerzte sind doch auch Rund um die Uhr erreichbar?! Dafuer werden Sie auch dementsprechend bezahlt. Auf dem Land natuerlich nicht, aber eine KI koennte auch nicht ohne Beaufsichtigung das Krankenhaus leiten'}, {'id': 25, 'label': 'Z.P3-1', 'text': ' Allerdings werden die KIs von Menschen programmiert. Insofern ist die Fehlerquote mindestens genauso hoch.'}, {'id': 83, 'label': 'Z.P4-1', 'text': 'Dann sollen die Unis mehr Medizin Plaetze anbieten dann gibt es mehr Aerzte '}, {'id': 100, 'label': 'Z.P1', 'text': 'Mit medKI gibt es immerhin genug Aerztinnen, die jetzt fehlen?'}]"
243,2204,1,Die ki ist viel objektiver,['Z.P1'],JURAI,"[['Greeting_Message'], ['Z.P2'], ['intro_32', 'Z.P2', 'intro_48', 'Z.P2-2'], ['Z.K4-1'], ['intro_28', 'Z.K4-1', 'intro_5', 'z_trans_12', 'Z.K6'], ['Z.P3-1-1'], ['Z.K6-1'], ['OTHER'], ['Z.P1']]","[1558, 1616, 1618, 1619, 1633, 1649, 1654, 1665, 1671, 1684, 1712, 1713, 1789, 1797, 1809, 1834, 1840, 1841, 1844, 1846, 1852, 4573, 4574, 4575, 4576, 4577, 4578, 4579, 4580, 4581, 4582, 4583, 4584, 4585, 4586, 4587, 4588, 4589, 4590, 4591, 4592, 4593, 4594, 4595, 4596, 4597, 4598]",971,9138,89.3740424600569,47,47,0.043260350109399326,"[{'id': 1, 'label': 'Z.P1-1-1', 'text': 'werden dann Krankenpfleger besser bezahlt?'}, {'id': 2, 'label': 'Z.P3', 'text': 'Das Wissen einer KI kann eine deutlich hoehere Menge erreichen, als das Wissen eines Menschen. '}, {'id': 3, 'label': 'Z.P3', 'text': 'Eine KI kann mehr Wissen als ein Mensch'}, {'id': 5, 'label': 'Z.P4-1', 'text': 'Aber ist es realistisch, dass das Gesundheitssystem besser finanziert wird bevor eine medKI in der Lage ist fundierte Entscheidungen zu treffen?'}, {'id': 8, 'label': 'Z.P1', 'text': 'Der Trend geht ohnehin weg von kleinen Landarztpraxen und hin zu medizinischen Versorgungszentren'}, {'id': 12, 'label': 'Z.P4', 'text': 'Die MedKI kann unterstuetzen, den Mangel an Aerzten entgegenzuwirken. Durch den demographischen Wandel wird es mehr kranke und alte Menschen geben. Dadurch brauchen wir mehr Aerzte'}, {'id': 24, 'label': 'Z.P1', 'text': 'Aerzte sind doch auch Rund um die Uhr erreichbar?! Dafuer werden Sie auch dementsprechend bezahlt. Auf dem Land natuerlich nicht, aber eine KI koennte auch nicht ohne Beaufsichtigung das Krankenhaus leiten'}, {'id': 25, 'label': 'Z.P3-1', 'text': ' Allerdings werden die KIs von Menschen programmiert. Insofern ist die Fehlerquote mindestens genauso hoch.'}, {'id': 83, 'label': 'Z.P4-1', 'text': 'Dann sollen die Unis mehr Medizin Plaetze anbieten dann gibt es mehr Aerzte '}, {'id': 100, 'label': 'Z.P1', 'text': 'Mit medKI gibt es immerhin genug Aerztinnen, die jetzt fehlen?'}]"
244,2210,2,"Das ist nicht richtig, das Argument ist nicht hinfaellig, es geht um das Menschen inhaerente Menschenverstaendnis, as von noeten ust ",['Z.P1-1'],JURAI,"[['Greeting_Message'], ['Z.P1-1'], ['Z.P1-1']]","[1568, 1570, 1571, 1587, 1604, 1610, 1626, 1661, 1669, 1670, 1675, 1683, 1714, 1715, 1736, 1747, 1778, 1783, 1785, 1786, 1796, 1803, 1808, 1825, 1826, 4599, 4600, 4601, 4602, 4603, 4604, 4605, 4606, 4607, 4608, 4609, 4610, 4611, 4612, 4613, 4614, 4615, 4616, 4617, 4618, 4619, 4620]",971,9138,89.3740424600569,47,47,0.043260350109399326,"[{'id': 1, 'label': 'Z.P1-1-1', 'text': 'werden dann Krankenpfleger besser bezahlt?'}, {'id': 2, 'label': 'Z.P3', 'text': 'Das Wissen einer KI kann eine deutlich hoehere Menge erreichen, als das Wissen eines Menschen. '}, {'id': 3, 'label': 'Z.P3', 'text': 'Eine KI kann mehr Wissen als ein Mensch'}, {'id': 5, 'label': 'Z.P4-1', 'text': 'Aber ist es realistisch, dass das Gesundheitssystem besser finanziert wird bevor eine medKI in der Lage ist fundierte Entscheidungen zu treffen?'}, {'id': 8, 'label': 'Z.P1', 'text': 'Der Trend geht ohnehin weg von kleinen Landarztpraxen und hin zu medizinischen Versorgungszentren'}, {'id': 12, 'label': 'Z.P4', 'text': 'Die MedKI kann unterstuetzen, den Mangel an Aerzten entgegenzuwirken. Durch den demographischen Wandel wird es mehr kranke und alte Menschen geben. Dadurch brauchen wir mehr Aerzte'}, {'id': 24, 'label': 'Z.P1', 'text': 'Aerzte sind doch auch Rund um die Uhr erreichbar?! Dafuer werden Sie auch dementsprechend bezahlt. Auf dem Land natuerlich nicht, aber eine KI koennte auch nicht ohne Beaufsichtigung das Krankenhaus leiten'}, {'id': 25, 'label': 'Z.P3-1', 'text': ' Allerdings werden die KIs von Menschen programmiert. Insofern ist die Fehlerquote mindestens genauso hoch.'}, {'id': 83, 'label': 'Z.P4-1', 'text': 'Dann sollen die Unis mehr Medizin Plaetze anbieten dann gibt es mehr Aerzte '}, {'id': 100, 'label': 'Z.P1', 'text': 'Mit medKI gibt es immerhin genug Aerztinnen, die jetzt fehlen?'}]"
245,2211,2,"JurKI koennte zu den objektiv subsummierbaren Faktoren einer Pruefung sicher beitragen und Vorschlaege liefern, da gebe ich dir recht.",['Z.P1'],JURAI,"[['Greeting_Message'], ['Z.P1-1'], ['Z.P1-1'], ['Z.P1-1'], ['intro_23', 'Z.P1-1', 'intro_6', 'z_trans_12', 'Z.P1']]","[1558, 1616, 1618, 1619, 1633, 1649, 1654, 1665, 1671, 1684, 1712, 1713, 1789, 1797, 1809, 1834, 1840, 1841, 1844, 1846, 1852, 4573, 4574, 4575, 4576, 4577, 4578, 4579, 4580, 4581, 4582, 4583, 4584, 4585, 4586, 4587, 4588, 4589, 4590, 4591, 4592, 4593, 4594, 4595, 4596, 4597, 4598]",971,9138,89.3740424600569,47,47,0.043260350109399326,"[{'id': 1, 'label': 'Z.P1-1-1', 'text': 'werden dann Krankenpfleger besser bezahlt?'}, {'id': 2, 'label': 'Z.P3', 'text': 'Das Wissen einer KI kann eine deutlich hoehere Menge erreichen, als das Wissen eines Menschen. '}, {'id': 3, 'label': 'Z.P3', 'text': 'Eine KI kann mehr Wissen als ein Mensch'}, {'id': 5, 'label': 'Z.P4-1', 'text': 'Aber ist es realistisch, dass das Gesundheitssystem besser finanziert wird bevor eine medKI in der Lage ist fundierte Entscheidungen zu treffen?'}, {'id': 8, 'label': 'Z.P1', 'text': 'Der Trend geht ohnehin weg von kleinen Landarztpraxen und hin zu medizinischen Versorgungszentren'}, {'id': 12, 'label': 'Z.P4', 'text': 'Die MedKI kann unterstuetzen, den Mangel an Aerzten entgegenzuwirken. Durch den demographischen Wandel wird es mehr kranke und alte Menschen geben. Dadurch brauchen wir mehr Aerzte'}, {'id': 24, 'label': 'Z.P1', 'text': 'Aerzte sind doch auch Rund um die Uhr erreichbar?! Dafuer werden Sie auch dementsprechend bezahlt. Auf dem Land natuerlich nicht, aber eine KI koennte auch nicht ohne Beaufsichtigung das Krankenhaus leiten'}, {'id': 25, 'label': 'Z.P3-1', 'text': ' Allerdings werden die KIs von Menschen programmiert. Insofern ist die Fehlerquote mindestens genauso hoch.'}, {'id': 83, 'label': 'Z.P4-1', 'text': 'Dann sollen die Unis mehr Medizin Plaetze anbieten dann gibt es mehr Aerzte '}, {'id': 100, 'label': 'Z.P1', 'text': 'Mit medKI gibt es immerhin genug Aerztinnen, die jetzt fehlen?'}]"
246,2219,2,Im Rahmen des Gesetzes Aber nach subjektiven Auslagen ,['Z.P1-1'],JURAI,"[['Greeting_Message'], ['Z.P1-2'], ['intro_23', 'Z.P1-2', 'intro_54', 'z_trans_12', 'Z.P1'], ['CONSENT'], ['Z.P1-1']]","[1568, 1570, 1571, 1587, 1604, 1610, 1626, 1661, 1669, 1670, 1675, 1683, 1714, 1715, 1736, 1747, 1778, 1783, 1785, 1786, 1796, 1803, 1808, 1825, 1826, 4599, 4600, 4601, 4602, 4603, 4604, 4605, 4606, 4607, 4608, 4609, 4610, 4611, 4612, 4613, 4614, 4615, 4616, 4617, 4618, 4619, 4620]",971,9138,89.3740424600569,47,47,0.043260350109399326,"[{'id': 1, 'label': 'Z.P1-1-1', 'text': 'werden dann Krankenpfleger besser bezahlt?'}, {'id': 2, 'label': 'Z.P3', 'text': 'Das Wissen einer KI kann eine deutlich hoehere Menge erreichen, als das Wissen eines Menschen. '}, {'id': 3, 'label': 'Z.P3', 'text': 'Eine KI kann mehr Wissen als ein Mensch'}, {'id': 5, 'label': 'Z.P4-1', 'text': 'Aber ist es realistisch, dass das Gesundheitssystem besser finanziert wird bevor eine medKI in der Lage ist fundierte Entscheidungen zu treffen?'}, {'id': 8, 'label': 'Z.P1', 'text': 'Der Trend geht ohnehin weg von kleinen Landarztpraxen und hin zu medizinischen Versorgungszentren'}, {'id': 12, 'label': 'Z.P4', 'text': 'Die MedKI kann unterstuetzen, den Mangel an Aerzten entgegenzuwirken. Durch den demographischen Wandel wird es mehr kranke und alte Menschen geben. Dadurch brauchen wir mehr Aerzte'}, {'id': 24, 'label': 'Z.P1', 'text': 'Aerzte sind doch auch Rund um die Uhr erreichbar?! Dafuer werden Sie auch dementsprechend bezahlt. Auf dem Land natuerlich nicht, aber eine KI koennte auch nicht ohne Beaufsichtigung das Krankenhaus leiten'}, {'id': 25, 'label': 'Z.P3-1', 'text': ' Allerdings werden die KIs von Menschen programmiert. Insofern ist die Fehlerquote mindestens genauso hoch.'}, {'id': 83, 'label': 'Z.P4-1', 'text': 'Dann sollen die Unis mehr Medizin Plaetze anbieten dann gibt es mehr Aerzte '}, {'id': 100, 'label': 'Z.P1', 'text': 'Mit medKI gibt es immerhin genug Aerztinnen, die jetzt fehlen?'}]"
247,2224,2,Ich denke Einzelfaelle werden so nicht bedacht,['Z.P4-1'],JURAI,"[['Greeting_Message'], ['Z.K2'], ['Z.P1-1']]","[1569, 1572, 1574, 1582, 1590, 1628, 1629, 1676, 1678, 1700, 1777, 1781, 1782, 1784, 1788, 5021, 5022, 5023, 5024, 5025, 5026, 5027, 5028, 5029, 5030, 5031, 5032, 5033, 5034, 5035, 5036, 5037, 5038, 5039, 5040, 5041, 5042, 5043, 5044, 5045, 5046, 5047]",971,9138,89.3740424600569,42,42,0.038658185204144074,"[{'id': 1, 'label': 'Z.P1-1-1', 'text': 'werden dann Krankenpfleger besser bezahlt?'}, {'id': 2, 'label': 'Z.P3', 'text': 'Das Wissen einer KI kann eine deutlich hoehere Menge erreichen, als das Wissen eines Menschen. '}, {'id': 3, 'label': 'Z.P3', 'text': 'Eine KI kann mehr Wissen als ein Mensch'}, {'id': 5, 'label': 'Z.P4-1', 'text': 'Aber ist es realistisch, dass das Gesundheitssystem besser finanziert wird bevor eine medKI in der Lage ist fundierte Entscheidungen zu treffen?'}, {'id': 8, 'label': 'Z.P1', 'text': 'Der Trend geht ohnehin weg von kleinen Landarztpraxen und hin zu medizinischen Versorgungszentren'}, {'id': 12, 'label': 'Z.P4', 'text': 'Die MedKI kann unterstuetzen, den Mangel an Aerzten entgegenzuwirken. Durch den demographischen Wandel wird es mehr kranke und alte Menschen geben. Dadurch brauchen wir mehr Aerzte'}, {'id': 24, 'label': 'Z.P1', 'text': 'Aerzte sind doch auch Rund um die Uhr erreichbar?! Dafuer werden Sie auch dementsprechend bezahlt. Auf dem Land natuerlich nicht, aber eine KI koennte auch nicht ohne Beaufsichtigung das Krankenhaus leiten'}, {'id': 25, 'label': 'Z.P3-1', 'text': ' Allerdings werden die KIs von Menschen programmiert. Insofern ist die Fehlerquote mindestens genauso hoch.'}, {'id': 83, 'label': 'Z.P4-1', 'text': 'Dann sollen die Unis mehr Medizin Plaetze anbieten dann gibt es mehr Aerzte '}, {'id': 100, 'label': 'Z.P1', 'text': 'Mit medKI gibt es immerhin genug Aerztinnen, die jetzt fehlen?'}]"
248,2230,2,Manchmal fuehrt dieses Mitgefuehl allerdings zu gerechteren Entscheidungen auch wenn sich diese nicht mit dem Gesetz decken,['Z.P1-1'],JURAI,"[['Greeting_Message'], ['Z.P5-1'], ['Z.P5-1'], ['Z.GK5'], ['NoneOfTheAbove'], ['Z.K14'], ['intro_23', 'Z.P5-1', 'intro_6', 'z_trans_11', 'Z.P1']]","[1568, 1570, 1571, 1587, 1604, 1610, 1626, 1661, 1669, 1670, 1675, 1683, 1714, 1715, 1736, 1747, 1778, 1783, 1785, 1786, 1796, 1803, 1808, 1825, 1826, 4599, 4600, 4601, 4602, 4603, 4604, 4605, 4606, 4607, 4608, 4609, 4610, 4611, 4612, 4613, 4614, 4615, 4616, 4617, 4618, 4619, 4620]",1230,9138,86.53972422849638,47,47,0.033068024705197804,"[{'id': 1, 'label': 'Z.P1-1-1', 'text': 'werden dann Krankenpfleger besser bezahlt?'}, {'id': 2, 'label': 'Z.P3', 'text': 'Das Wissen einer KI kann eine deutlich hoehere Menge erreichen, als das Wissen eines Menschen. '}, {'id': 3, 'label': 'Z.P3', 'text': 'Eine KI kann mehr Wissen als ein Mensch'}, {'id': 4, 'label': 'Z.P5', 'text': 'Durch Einsparung von Personal bei Aerztinnen, kann mehr fuer Pflegepersonal ausgegeben werden. '}, {'id': 5, 'label': 'Z.P4-1', 'text': 'Aber ist es realistisch, dass das Gesundheitssystem besser finanziert wird bevor eine medKI in der Lage ist fundierte Entscheidungen zu treffen?'}, {'id': 8, 'label': 'Z.P1', 'text': 'Der Trend geht ohnehin weg von kleinen Landarztpraxen und hin zu medizinischen Versorgungszentren'}, {'id': 12, 'label': 'Z.P4', 'text': 'Die MedKI kann unterstuetzen, den Mangel an Aerzten entgegenzuwirken. Durch den demographischen Wandel wird es mehr kranke und alte Menschen geben. Dadurch brauchen wir mehr Aerzte'}, {'id': 13, 'label': 'Z.P5', 'text': 'Die KI kann von mehreren Nationen entwickelt werden. Dadurch sinken die Kosten'}, {'id': 14, 'label': 'Z.P5', 'text': 'Sobald eine selbst lernende Ki entwickelt wurde, wird das Entwickeln nicht mehr viel kosten'}, {'id': 15, 'label': 'Z.P5', 'text': 'Dafuer kann der First Level Support von Aerzten abgewendet werden und durch KIs uebernommen werden'}]"
249,2231,2,Ich denke nicht dass es fuer einen Menschen moeglich ist 100% objektiv zu sein,['Z.P1'],JURAI,"[['Greeting_Message'], ['Z.P5-1'], ['Z.P5-1'], ['Z.GK5'], ['NoneOfTheAbove'], ['Z.K14'], ['intro_23', 'Z.P5-1', 'intro_6', 'z_trans_11', 'Z.P1'], ['Z.P1-1'], ['intro_32', 'Z.P1-1', 'intro_1', 'Z.P1-1-1']]","[1558, 1616, 1618, 1619, 1633, 1649, 1654, 1665, 1671, 1684, 1712, 1713, 1789, 1797, 1809, 1834, 1840, 1841, 1844, 1846, 1852, 4573, 4574, 4575, 4576, 4577, 4578, 4579, 4580, 4581, 4582, 4583, 4584, 4585, 4586, 4587, 4588, 4589, 4590, 4591, 4592, 4593, 4594, 4595, 4596, 4597, 4598]",971,9138,89.3740424600569,47,47,0.043260350109399326,"[{'id': 1, 'label': 'Z.P1-1-1', 'text': 'werden dann Krankenpfleger besser bezahlt?'}, {'id': 2, 'label': 'Z.P3', 'text': 'Das Wissen einer KI kann eine deutlich hoehere Menge erreichen, als das Wissen eines Menschen. '}, {'id': 3, 'label': 'Z.P3', 'text': 'Eine KI kann mehr Wissen als ein Mensch'}, {'id': 5, 'label': 'Z.P4-1', 'text': 'Aber ist es realistisch, dass das Gesundheitssystem besser finanziert wird bevor eine medKI in der Lage ist fundierte Entscheidungen zu treffen?'}, {'id': 8, 'label': 'Z.P1', 'text': 'Der Trend geht ohnehin weg von kleinen Landarztpraxen und hin zu medizinischen Versorgungszentren'}, {'id': 12, 'label': 'Z.P4', 'text': 'Die MedKI kann unterstuetzen, den Mangel an Aerzten entgegenzuwirken. Durch den demographischen Wandel wird es mehr kranke und alte Menschen geben. Dadurch brauchen wir mehr Aerzte'}, {'id': 24, 'label': 'Z.P1', 'text': 'Aerzte sind doch auch Rund um die Uhr erreichbar?! Dafuer werden Sie auch dementsprechend bezahlt. Auf dem Land natuerlich nicht, aber eine KI koennte auch nicht ohne Beaufsichtigung das Krankenhaus leiten'}, {'id': 25, 'label': 'Z.P3-1', 'text': ' Allerdings werden die KIs von Menschen programmiert. Insofern ist die Fehlerquote mindestens genauso hoch.'}, {'id': 83, 'label': 'Z.P4-1', 'text': 'Dann sollen die Unis mehr Medizin Plaetze anbieten dann gibt es mehr Aerzte '}, {'id': 100, 'label': 'Z.P1', 'text': 'Mit medKI gibt es immerhin genug Aerztinnen, die jetzt fehlen?'}]"
250,2243,2,Die subjektive Wirkung leidet ,['Z.K11'],JURAI,"[['Greeting_Message'], ['Z.K14'], ['intro_25', 'Z.K14', 'intro_57', 'Z.K14-1'], ['OTHER'], ['Z.K4'], ['FAQ.5'], ['Z.K13']]","[1586, 1697, 1827, 5635, 5636, 5637, 5638, 5639, 5640, 5641, 5642, 5643, 5644, 5645, 5646, 5647, 5648, 5649, 5650, 5651, 5652, 5653, 5654, 5655, 5656, 5657, 5658, 5659, 5660, 5661, 5662, 5663]",1044,9138,88.57518056467498,32,32,0.027149480632850567,"[{'id': 9, 'label': 'Z.K2', 'text': 'Andererseits hat sie ein sehr begrenztes Repertoire, denn anders als ein Mensch kommt MedKI nicht ueber ihre standardisierten Handlungsweisen hinaus'}, {'id': 52, 'label': 'Z.K2', 'text': 'Zu viele Krankheiten moeglich'}, {'id': 61, 'label': 'Z.K9', 'text': 'Hacker'}, {'id': 71, 'label': 'Z.K2', 'text': 'Eine KI handelt immer nach der theoretisch besten Loesung, allerdings ist diese nicht immer moralisch Vertretbar '}, {'id': 101, 'label': 'Z.K2', 'text': 'Mir ist bewusst das ein MedKi nicht alle Lebensumstaende der Patientinnen in die Untersuchung mit einbeziehen'}, {'id': 113, 'label': 'Z.K3-1', 'text': 'Patientinnen sollten waehlen koennen zwischen KI und realen Personen '}, {'id': 150, 'label': 'Z.K2', 'text': 'Da die Med-KI keine individuellen Diagnosen stellen kann, sondern anhand von Lehrbuchangaben agiert und das Verhalten und die Aussagen der patient*innen nur objektiv betrachtet'}, {'id': 151, 'label': 'Z.K2', 'text': 'Diagnosen werden nur objektiv gestellt'}, {'id': 152, 'label': 'Z.K2', 'text': 'Aber trotzdem ist besonders im medizinischen Bereich eine genaue Betrachtung des Patienten notwendig ist'}, {'id': 155, 'label': 'Z.K2', 'text': 'Aber die subjektive Betrachtung ist in der Medizin sehr notwendig'}]"
251,2244,2,KI wird nicht akzeptiert,['Z.K9'],JURAI,"[['Greeting_Message'], ['Z.K14'], ['intro_25', 'Z.K14', 'intro_57', 'Z.K14-1'], ['OTHER'], ['Z.K4'], ['FAQ.5'], ['Z.K13'], ['Z.K11'], ['intro_24', 'Z.K11', 'intro_1', 'Z.K11-1']]","[1640, 1642, 1698, 1701, 5576, 5577, 5578, 5579, 5580, 5581, 5582, 5583, 5584, 5585, 5586, 5587, 5588, 5589, 5590, 5591, 5592, 5593, 5594, 5595, 5596, 5597, 5598, 5599, 5600, 5601, 5602, 5603, 5604, 5605, 5606, 5607]",1044,9138,88.57518056467498,36,36,0.03054316571195689,"[{'id': 9, 'label': 'Z.K2', 'text': 'Andererseits hat sie ein sehr begrenztes Repertoire, denn anders als ein Mensch kommt MedKI nicht ueber ihre standardisierten Handlungsweisen hinaus'}, {'id': 52, 'label': 'Z.K2', 'text': 'Zu viele Krankheiten moeglich'}, {'id': 61, 'label': 'Z.K9', 'text': 'Hacker'}, {'id': 71, 'label': 'Z.K2', 'text': 'Eine KI handelt immer nach der theoretisch besten Loesung, allerdings ist diese nicht immer moralisch Vertretbar '}, {'id': 101, 'label': 'Z.K2', 'text': 'Mir ist bewusst das ein MedKi nicht alle Lebensumstaende der Patientinnen in die Untersuchung mit einbeziehen'}, {'id': 113, 'label': 'Z.K3-1', 'text': 'Patientinnen sollten waehlen koennen zwischen KI und realen Personen '}, {'id': 150, 'label': 'Z.K2', 'text': 'Da die Med-KI keine individuellen Diagnosen stellen kann, sondern anhand von Lehrbuchangaben agiert und das Verhalten und die Aussagen der patient*innen nur objektiv betrachtet'}, {'id': 151, 'label': 'Z.K2', 'text': 'Diagnosen werden nur objektiv gestellt'}, {'id': 152, 'label': 'Z.K2', 'text': 'Aber trotzdem ist besonders im medizinischen Bereich eine genaue Betrachtung des Patienten notwendig ist'}, {'id': 155, 'label': 'Z.K2', 'text': 'Aber die subjektive Betrachtung ist in der Medizin sehr notwendig'}]"
252,2246,2,KI kann nicht alle Faktoren aufdecken,['Z.P4-1'],JURAI,"[['Greeting_Message'], ['Z.K14'], ['intro_25', 'Z.K14', 'intro_57', 'Z.K14-1'], ['OTHER'], ['Z.K4'], ['FAQ.5'], ['Z.K13'], ['Z.K11'], ['intro_24', 'Z.K11', 'intro_1', 'Z.K11-1'], ['Z.K9'], ['intro_26', 'Z.K9', 'intro_57', 'Z.K9-1'], ['Z.K6'], ['intro_26', 'Z.P4-1', 'intro_4', 'z_trans_16', 'Z.P1']]","[1569, 1572, 1574, 1582, 1590, 1628, 1629, 1676, 1678, 1700, 1777, 1781, 1782, 1784, 1788, 5021, 5022, 5023, 5024, 5025, 5026, 5027, 5028, 5029, 5030, 5031, 5032, 5033, 5034, 5035, 5036, 5037, 5038, 5039, 5040, 5041, 5042, 5043, 5044, 5045, 5046, 5047]",971,9138,89.3740424600569,42,42,0.038658185204144074,"[{'id': 1, 'label': 'Z.P1-1-1', 'text': 'werden dann Krankenpfleger besser bezahlt?'}, {'id': 2, 'label': 'Z.P3', 'text': 'Das Wissen einer KI kann eine deutlich hoehere Menge erreichen, als das Wissen eines Menschen. '}, {'id': 3, 'label': 'Z.P3', 'text': 'Eine KI kann mehr Wissen als ein Mensch'}, {'id': 5, 'label': 'Z.P4-1', 'text': 'Aber ist es realistisch, dass das Gesundheitssystem besser finanziert wird bevor eine medKI in der Lage ist fundierte Entscheidungen zu treffen?'}, {'id': 8, 'label': 'Z.P1', 'text': 'Der Trend geht ohnehin weg von kleinen Landarztpraxen und hin zu medizinischen Versorgungszentren'}, {'id': 12, 'label': 'Z.P4', 'text': 'Die MedKI kann unterstuetzen, den Mangel an Aerzten entgegenzuwirken. Durch den demographischen Wandel wird es mehr kranke und alte Menschen geben. Dadurch brauchen wir mehr Aerzte'}, {'id': 24, 'label': 'Z.P1', 'text': 'Aerzte sind doch auch Rund um die Uhr erreichbar?! Dafuer werden Sie auch dementsprechend bezahlt. Auf dem Land natuerlich nicht, aber eine KI koennte auch nicht ohne Beaufsichtigung das Krankenhaus leiten'}, {'id': 25, 'label': 'Z.P3-1', 'text': ' Allerdings werden die KIs von Menschen programmiert. Insofern ist die Fehlerquote mindestens genauso hoch.'}, {'id': 83, 'label': 'Z.P4-1', 'text': 'Dann sollen die Unis mehr Medizin Plaetze anbieten dann gibt es mehr Aerzte '}, {'id': 100, 'label': 'Z.P1', 'text': 'Mit medKI gibt es immerhin genug Aerztinnen, die jetzt fehlen?'}]"
253,2250,2,Trotzdem ist es hoechst fraglich wenn dchluesse automatisch angewendet werden ohne durch menschliche Stellen gepruefte zu werden,['Z.K12'],JURAI,"[['Greeting_Message'], ['Z.P2-1'], ['Z.P3-1'], ['Z.K3'], ['intro_28', 'Z.K3', 'intro_2', 'Z.K3-1']]","[1704, 1769, 5691, 5692, 5693, 5694, 5695, 5696, 5697, 5698, 5699, 5700, 5701, 5702, 5703, 5704, 5705, 5706, 5707, 5708, 5709, 5710, 5711, 5712, 5713, 5714, 5715, 5716, 5717]",1044,9138,88.57518056467498,29,29,0.024604216823520826,"[{'id': 9, 'label': 'Z.K2', 'text': 'Andererseits hat sie ein sehr begrenztes Repertoire, denn anders als ein Mensch kommt MedKI nicht ueber ihre standardisierten Handlungsweisen hinaus'}, {'id': 52, 'label': 'Z.K2', 'text': 'Zu viele Krankheiten moeglich'}, {'id': 61, 'label': 'Z.K9', 'text': 'Hacker'}, {'id': 71, 'label': 'Z.K2', 'text': 'Eine KI handelt immer nach der theoretisch besten Loesung, allerdings ist diese nicht immer moralisch Vertretbar '}, {'id': 101, 'label': 'Z.K2', 'text': 'Mir ist bewusst das ein MedKi nicht alle Lebensumstaende der Patientinnen in die Untersuchung mit einbeziehen'}, {'id': 113, 'label': 'Z.K3-1', 'text': 'Patientinnen sollten waehlen koennen zwischen KI und realen Personen '}, {'id': 150, 'label': 'Z.K2', 'text': 'Da die Med-KI keine individuellen Diagnosen stellen kann, sondern anhand von Lehrbuchangaben agiert und das Verhalten und die Aussagen der patient*innen nur objektiv betrachtet'}, {'id': 151, 'label': 'Z.K2', 'text': 'Diagnosen werden nur objektiv gestellt'}, {'id': 152, 'label': 'Z.K2', 'text': 'Aber trotzdem ist besonders im medizinischen Bereich eine genaue Betrachtung des Patienten notwendig ist'}, {'id': 155, 'label': 'Z.K2', 'text': 'Aber die subjektive Betrachtung ist in der Medizin sehr notwendig'}]"
254,2256,2,"Aber wie wird bewertet, was ""nicht vorurteilsbehaftet und diskriminierend"" ist?",['Z.K6-1-1-1'],JURAI,"[['Greeting_Message'], ['Z.K2', 'Z.K3'], ['intro_32', 'Z.K3', 'intro_1', 'Z.K3-1'], ['OTHER'], ['Z.K6-1-1']]","[1573, 1635, 1636, 1655, 1708, 1845, 5182, 5183, 5184, 5185, 5186, 5187, 5188, 5189, 5190, 5191, 5192, 5193, 5194, 5195, 5196, 5197, 5198, 5199, 5200, 5201, 5202, 5203]",683,9138,92.52571678704311,28,28,0.03793147979556673,"[{'id': 6, 'label': 'Z.K6', 'text': 'Medizin ist ein aeusserst komplexes Tehemengebiet. Die Behandlung von Patienten erfordert Erfahrung und ist aeusserst Vielschichtig'}, {'id': 10, 'label': 'Z.K6', 'text': 'Nein, ich bezihe mich nicht auf Fehler, sondern auf eine begrenzte, eindimensionale Handlungsfaehigkeit '}, {'id': 23, 'label': 'Z.K10', 'text': 'Das aendert jedoch nichts daran, dass viele Patienten sich nicht von einer KI behandeln lassen wollen.'}, {'id': 51, 'label': 'Z.K10', 'text': 'Zu viel Wissen kann Menschen Angst machen '}, {'id': 53, 'label': 'Z.K4', 'text': 'Systemfehler'}, {'id': 105, 'label': 'Z.K10', 'text': 'Patientinnen fuehlen sich nicht sicher mit KI'}, {'id': 111, 'label': 'Z.K6', 'text': 'Ueber Neueste Diagnostik und Therapie verfuegen Aerztinnen in der Regel auch '}, {'id': 118, 'label': 'Z.K10-2', 'text': 'Noch. Wenn unsere Generation alt ist, wird sich das geaendert haben.'}, {'id': 132, 'label': 'Z.K10', 'text': 'Ich denke, vor allem junge Patienten werden grosse Angst vor dir haben'}, {'id': 169, 'label': 'Z.K6', 'text': 'Maschinen koennen nicht die Qualitaet erbringen, welche Aerzte leisten '}]"
255,2263,2,"Da hast du recht Richter koennen eigene Erfahrungen und Werte in die Entscheidung mit einfliessen lassen koennen  Zudem wuerde das Rechtssystem zerfallen, da eine KI ja nicht den Richterplatz in einem Gericht einnehmen kann und so Gerichtsverhandlungen nicht mehr stattfinden koennten ",['Z.P1-1'],JURAI,"[['Greeting_Message'], ['Z.P8', 'Z.P8'], ['NoneOfTheAbove'], ['Z.P1', 'Z.P1'], ['intro_23', 'Z.P1', 'intro_43', 'Z.K6', 'z_trans_18', 'Z.K6-1']]","[1568, 1570, 1571, 1587, 1604, 1610, 1626, 1661, 1669, 1670, 1675, 1683, 1714, 1715, 1736, 1747, 1778, 1783, 1785, 1786, 1796, 1803, 1808, 1825, 1826, 4599, 4600, 4601, 4602, 4603, 4604, 4605, 4606, 4607, 4608, 4609, 4610, 4611, 4612, 4613, 4614, 4615, 4616, 4617, 4618, 4619, 4620]",1654,9138,81.89975924710002,47,47,0.0232726038973017,"[{'id': 1, 'label': 'Z.P1-1-1', 'text': 'werden dann Krankenpfleger besser bezahlt?'}, {'id': 2, 'label': 'Z.P3', 'text': 'Das Wissen einer KI kann eine deutlich hoehere Menge erreichen, als das Wissen eines Menschen. '}, {'id': 3, 'label': 'Z.P3', 'text': 'Eine KI kann mehr Wissen als ein Mensch'}, {'id': 5, 'label': 'Z.P4-1', 'text': 'Aber ist es realistisch, dass das Gesundheitssystem besser finanziert wird bevor eine medKI in der Lage ist fundierte Entscheidungen zu treffen?'}, {'id': 6, 'label': 'Z.K6', 'text': 'Medizin ist ein aeusserst komplexes Tehemengebiet. Die Behandlung von Patienten erfordert Erfahrung und ist aeusserst Vielschichtig'}, {'id': 8, 'label': 'Z.P1', 'text': 'Der Trend geht ohnehin weg von kleinen Landarztpraxen und hin zu medizinischen Versorgungszentren'}, {'id': 10, 'label': 'Z.K6', 'text': 'Nein, ich bezihe mich nicht auf Fehler, sondern auf eine begrenzte, eindimensionale Handlungsfaehigkeit '}, {'id': 12, 'label': 'Z.P4', 'text': 'Die MedKI kann unterstuetzen, den Mangel an Aerzten entgegenzuwirken. Durch den demographischen Wandel wird es mehr kranke und alte Menschen geben. Dadurch brauchen wir mehr Aerzte'}, {'id': 23, 'label': 'Z.K10', 'text': 'Das aendert jedoch nichts daran, dass viele Patienten sich nicht von einer KI behandeln lassen wollen.'}, {'id': 24, 'label': 'Z.P1', 'text': 'Aerzte sind doch auch Rund um die Uhr erreichbar?! Dafuer werden Sie auch dementsprechend bezahlt. Auf dem Land natuerlich nicht, aber eine KI koennte auch nicht ohne Beaufsichtigung das Krankenhaus leiten'}]"
256,2290,2,Objektivitaet fuehrt nicht zwangslaeufig zu mehr Gerechtigkeit,['Z.P1-2'],JURAI,"[['Greeting_Message'], ['Z.P1-2'], ['Z.P1-2']]","[1674, 1737, 1738, 1743, 1745, 1780, 1804, 1806, 4621, 4622, 4623, 4624, 4625, 4626, 4627, 4628, 4629, 4630, 4631, 4632, 4633, 4634, 4635, 4636, 4637, 4638, 4639, 4640, 4641, 4642, 4643, 4644, 4645, 4646, 4647]",971,9138,89.3740424600569,35,35,0.03221515433678673,"[{'id': 1, 'label': 'Z.P1-1-1', 'text': 'werden dann Krankenpfleger besser bezahlt?'}, {'id': 2, 'label': 'Z.P3', 'text': 'Das Wissen einer KI kann eine deutlich hoehere Menge erreichen, als das Wissen eines Menschen. '}, {'id': 3, 'label': 'Z.P3', 'text': 'Eine KI kann mehr Wissen als ein Mensch'}, {'id': 5, 'label': 'Z.P4-1', 'text': 'Aber ist es realistisch, dass das Gesundheitssystem besser finanziert wird bevor eine medKI in der Lage ist fundierte Entscheidungen zu treffen?'}, {'id': 8, 'label': 'Z.P1', 'text': 'Der Trend geht ohnehin weg von kleinen Landarztpraxen und hin zu medizinischen Versorgungszentren'}, {'id': 12, 'label': 'Z.P4', 'text': 'Die MedKI kann unterstuetzen, den Mangel an Aerzten entgegenzuwirken. Durch den demographischen Wandel wird es mehr kranke und alte Menschen geben. Dadurch brauchen wir mehr Aerzte'}, {'id': 24, 'label': 'Z.P1', 'text': 'Aerzte sind doch auch Rund um die Uhr erreichbar?! Dafuer werden Sie auch dementsprechend bezahlt. Auf dem Land natuerlich nicht, aber eine KI koennte auch nicht ohne Beaufsichtigung das Krankenhaus leiten'}, {'id': 25, 'label': 'Z.P3-1', 'text': ' Allerdings werden die KIs von Menschen programmiert. Insofern ist die Fehlerquote mindestens genauso hoch.'}, {'id': 83, 'label': 'Z.P4-1', 'text': 'Dann sollen die Unis mehr Medizin Plaetze anbieten dann gibt es mehr Aerzte '}, {'id': 100, 'label': 'Z.P1', 'text': 'Mit medKI gibt es immerhin genug Aerztinnen, die jetzt fehlen?'}]"
257,2292,2,Aber bei Gerichten koennten so Urteile schwer negativ beeinflusst werden. ,['Z.K14'],JURAI,"[['Greeting_Message'], ['Z.P1-2'], ['Z.P1-2'], ['Z.P1-2'], ['intro_32', 'Z.P1-2', 'intro_53', 'z_trans_12', 'Z.P4'], ['Z.K14'], ['intro_27', 'Z.K14', 'intro_57', 'Z.K14-1']]","[1612, 1624, 1682, 1695, 1739, 1740, 1751, 1787, 1813, 1814, 1828, 1829, 6083, 6084, 6085, 6086, 6087, 6088, 6089, 6090, 6091, 6092, 6093, 6094, 6095, 6096, 6097, 6098, 6099, 6100, 6101, 6102, 6103, 6104]",138,9138,98.4898227183191,34,34,0.24265608495817753,"[{'id': 56, 'label': 'Z.K14', 'text': 'Arbeitslosigkeit des medizinischen Personals'}, {'id': 57, 'label': 'Z.K14', 'text': 'Personal verliert Job '}, {'id': 65, 'label': 'Z.K14', 'text': 'Dies waere aber nur bei groesseren Notfaellen von Bedeutung, zumahl extrem viele Arbeitsplaetze verloren gehen wuerden'}, {'id': 68, 'label': 'Z.K14', 'text': 'Das wuerde allerdings einen Aerzteueberschuss und tu hoher Arbeitslosigkeit fuehren, sowie den Verlust tausender Studienplaetze'}, {'id': 69, 'label': 'Z.K14', 'text': 'Arbeitslosigkeit waere eine folge'}, {'id': 82, 'label': 'Z.K14', 'text': 'Und Arbeitsplaetze gehen verloren und Menschen muessen sich langweilen und muessen einen Job machen der ihnen keinen Spass macht.'}, {'id': 157, 'label': 'Z.K14', 'text': 'Sie nehmen stellen weg '}, {'id': 173, 'label': 'Z.K14', 'text': 'Allerdings finde ich auch, dass Aerzte nicht umsonst studiert haben sollten um dann von Maschinen abgeloest zu werden '}, {'id': 174, 'label': 'Z.K14', 'text': 'Maschinen sollten ausgebildeten Aerzten nicht die Arbeitsplaetze wegnehmen '}, {'id': 192, 'label': 'Z.K14', 'text': 'Aber wuerden Aerzte dann komplett abgeschafft werden?'}]"
258,2293,2,Die Fehler von menschlichen Richtern sind eher nicht so strukturell.,['Z.P3-1'],JURAI,"[['Greeting_Message'], ['Z.P1-2'], ['Z.P1-2'], ['Z.P1-2'], ['intro_32', 'Z.P1-2', 'intro_53', 'z_trans_12', 'Z.P4'], ['Z.K14'], ['intro_27', 'Z.K14', 'intro_57', 'Z.K14-1'], ['Z.K14'], ['intro_27', 'Z.P3-1', 'intro_50', 'Z.P3-1-2']]","[1584, 1593, 1594, 1741, 4702, 4703, 4704, 4705, 4706, 4707, 4708, 4709, 4710, 4711, 4712, 4713, 4714, 4715, 4716, 4717, 4718, 4719, 4720, 4721, 4722, 4723, 4724, 4725, 4726, 4727, 4728]",971,9138,89.3740424600569,31,31,0.028533422412582533,"[{'id': 1, 'label': 'Z.P1-1-1', 'text': 'werden dann Krankenpfleger besser bezahlt?'}, {'id': 2, 'label': 'Z.P3', 'text': 'Das Wissen einer KI kann eine deutlich hoehere Menge erreichen, als das Wissen eines Menschen. '}, {'id': 3, 'label': 'Z.P3', 'text': 'Eine KI kann mehr Wissen als ein Mensch'}, {'id': 5, 'label': 'Z.P4-1', 'text': 'Aber ist es realistisch, dass das Gesundheitssystem besser finanziert wird bevor eine medKI in der Lage ist fundierte Entscheidungen zu treffen?'}, {'id': 8, 'label': 'Z.P1', 'text': 'Der Trend geht ohnehin weg von kleinen Landarztpraxen und hin zu medizinischen Versorgungszentren'}, {'id': 12, 'label': 'Z.P4', 'text': 'Die MedKI kann unterstuetzen, den Mangel an Aerzten entgegenzuwirken. Durch den demographischen Wandel wird es mehr kranke und alte Menschen geben. Dadurch brauchen wir mehr Aerzte'}, {'id': 24, 'label': 'Z.P1', 'text': 'Aerzte sind doch auch Rund um die Uhr erreichbar?! Dafuer werden Sie auch dementsprechend bezahlt. Auf dem Land natuerlich nicht, aber eine KI koennte auch nicht ohne Beaufsichtigung das Krankenhaus leiten'}, {'id': 25, 'label': 'Z.P3-1', 'text': ' Allerdings werden die KIs von Menschen programmiert. Insofern ist die Fehlerquote mindestens genauso hoch.'}, {'id': 83, 'label': 'Z.P4-1', 'text': 'Dann sollen die Unis mehr Medizin Plaetze anbieten dann gibt es mehr Aerzte '}, {'id': 100, 'label': 'Z.P1', 'text': 'Mit medKI gibt es immerhin genug Aerztinnen, die jetzt fehlen?'}]"
259,2299,2,Aber die Gefuehle der Richter fliessen trotzdem immer in das Urteil mit ein,['Z.P1-1'],JURAI,"[['Greeting_Message'], ['Z.K2'], ['Z.P1-1']]","[1568, 1570, 1571, 1587, 1604, 1610, 1626, 1661, 1669, 1670, 1675, 1683, 1714, 1715, 1736, 1747, 1778, 1783, 1785, 1786, 1796, 1803, 1808, 1825, 1826, 4599, 4600, 4601, 4602, 4603, 4604, 4605, 4606, 4607, 4608, 4609, 4610, 4611, 4612, 4613, 4614, 4615, 4616, 4617, 4618, 4619, 4620]",971,9138,89.3740424600569,47,47,0.043260350109399326,"[{'id': 1, 'label': 'Z.P1-1-1', 'text': 'werden dann Krankenpfleger besser bezahlt?'}, {'id': 2, 'label': 'Z.P3', 'text': 'Das Wissen einer KI kann eine deutlich hoehere Menge erreichen, als das Wissen eines Menschen. '}, {'id': 3, 'label': 'Z.P3', 'text': 'Eine KI kann mehr Wissen als ein Mensch'}, {'id': 5, 'label': 'Z.P4-1', 'text': 'Aber ist es realistisch, dass das Gesundheitssystem besser finanziert wird bevor eine medKI in der Lage ist fundierte Entscheidungen zu treffen?'}, {'id': 8, 'label': 'Z.P1', 'text': 'Der Trend geht ohnehin weg von kleinen Landarztpraxen und hin zu medizinischen Versorgungszentren'}, {'id': 12, 'label': 'Z.P4', 'text': 'Die MedKI kann unterstuetzen, den Mangel an Aerzten entgegenzuwirken. Durch den demographischen Wandel wird es mehr kranke und alte Menschen geben. Dadurch brauchen wir mehr Aerzte'}, {'id': 24, 'label': 'Z.P1', 'text': 'Aerzte sind doch auch Rund um die Uhr erreichbar?! Dafuer werden Sie auch dementsprechend bezahlt. Auf dem Land natuerlich nicht, aber eine KI koennte auch nicht ohne Beaufsichtigung das Krankenhaus leiten'}, {'id': 25, 'label': 'Z.P3-1', 'text': ' Allerdings werden die KIs von Menschen programmiert. Insofern ist die Fehlerquote mindestens genauso hoch.'}, {'id': 83, 'label': 'Z.P4-1', 'text': 'Dann sollen die Unis mehr Medizin Plaetze anbieten dann gibt es mehr Aerzte '}, {'id': 100, 'label': 'Z.P1', 'text': 'Mit medKI gibt es immerhin genug Aerztinnen, die jetzt fehlen?'}]"
260,2301,2,Eine KI kann nicht unterschiedliche Urteile abwaegen,['Z.K4'],JURAI,"[['Greeting_Message'], ['Z.K2'], ['Z.P1-1'], ['Z.P1-1'], ['Z.K2'], ['Z.K6'], ['intro_32', 'Z.K6', 'intro_56', 'Z.K6-1']]","[1579, 1631, 1632, 1717, 1749, 1776, 1805, 1823, 1833, 5520, 5521, 5522, 5523, 5524, 5525, 5526, 5527, 5528, 5529, 5530, 5531, 5532, 5533, 5534, 5535, 5536, 5537, 5538, 5539, 5540, 5541, 5542, 5543, 5544, 5545, 5546, 5547, 5548, 5549, 5550, 5551, 5552, 5553]",683,9138,92.52571678704311,43,43,0.058251915400334614,"[{'id': 6, 'label': 'Z.K6', 'text': 'Medizin ist ein aeusserst komplexes Tehemengebiet. Die Behandlung von Patienten erfordert Erfahrung und ist aeusserst Vielschichtig'}, {'id': 10, 'label': 'Z.K6', 'text': 'Nein, ich bezihe mich nicht auf Fehler, sondern auf eine begrenzte, eindimensionale Handlungsfaehigkeit '}, {'id': 23, 'label': 'Z.K10', 'text': 'Das aendert jedoch nichts daran, dass viele Patienten sich nicht von einer KI behandeln lassen wollen.'}, {'id': 51, 'label': 'Z.K10', 'text': 'Zu viel Wissen kann Menschen Angst machen '}, {'id': 53, 'label': 'Z.K4', 'text': 'Systemfehler'}, {'id': 105, 'label': 'Z.K10', 'text': 'Patientinnen fuehlen sich nicht sicher mit KI'}, {'id': 111, 'label': 'Z.K6', 'text': 'Ueber Neueste Diagnostik und Therapie verfuegen Aerztinnen in der Regel auch '}, {'id': 118, 'label': 'Z.K10-2', 'text': 'Noch. Wenn unsere Generation alt ist, wird sich das geaendert haben.'}, {'id': 132, 'label': 'Z.K10', 'text': 'Ich denke, vor allem junge Patienten werden grosse Angst vor dir haben'}, {'id': 169, 'label': 'Z.K6', 'text': 'Maschinen koennen nicht die Qualitaet erbringen, welche Aerzte leisten '}]"
261,2310,1,Gerichte sind ueberlastet ,['Z.P2'],JURAI,"[['Greeting_Message'], ['Z.P1-1-1', 'Z.K6-2'], ['intro_32', 'Z.K4-1', 'intro_6', 'z_trans_12', 'Z.K6'], ['Z.P1-1-1', 'Z.K6-2'], ['Z.P1'], ['Z.K6-2'], ['NoneOfTheAbove'], ['Z.P8'], ['intro_25', 'Z.P8', 'intro_48', 'Z.P8-1']]","[1559, 1560, 1576, 1578, 1625, 1650, 1651, 1662, 1667, 1760, 1767, 1771, 1836, 1850, 1851, 4805, 4806, 4807, 4808, 4809, 4810, 4811, 4812, 4813, 4814, 4815, 4816, 4817, 4818, 4819, 4820, 4821, 4822, 4823, 4824, 4825, 4826, 4827, 4828, 4829, 4830, 4831, 4832, 4833, 4834, 4835, 4836]",539,9138,94.10155395053621,47,47,0.082055158361321,"[{'id': 85, 'label': 'Z.P2', 'text': 'KI sind objektiv '}, {'id': 86, 'label': 'Z.P2', 'text': 'KI sind nicht bestechbar'}, {'id': 154, 'label': 'Z.P2', 'text': ' und das unparteiische Verhalten gegenueber der Patienten '}, {'id': 388, 'label': 'Z.P2', 'text': 'Die Entscheidungen der KI sind objektiver '}, {'id': 493, 'label': 'Z.P2', 'text': 'Eine KO kann besonders in kritischen Situationen Rational Entscheidungen treffen, fuer die ein Mensch unter Umstaenden laenger brauchen wuerde.'}, {'id': 494, 'label': 'Z.P2', 'text': 'Ich beziehe mich in meinem Argument zum Beispiel auf klassische Triage Situationen.'}, {'id': 584, 'label': 'Z.P2', 'text': 'Standard Eingriffen koennen durch die KI vielleicht ohne Leichtsinnsfehler durchgefuehrt werden'}, {'id': 693, 'label': 'Z.P2', 'text': 'Groessere Neutralitaet. Kein Einfluss von Alter und Geschlecht'}, {'id': 775, 'label': 'Z.P2', 'text': 'Die KI trifft rationale Entscheidungen die keine subjektiven Fakten miteinbezieht'}, {'id': 815, 'label': 'Z.P2', 'text': 'Ein Argument dafuer ist, dass KI nicht muede werden kann und dauerhaft im Einsatz sein kann. '}]"
262,2315,1,Ja der Prozess davor wird ja trotzdem eingespart?,['Z.P8'],JURAI,"[['Greeting_Message'], ['Z.P1-1-1', 'Z.K6-2'], ['intro_32', 'Z.K4-1', 'intro_6', 'z_trans_12', 'Z.K6'], ['Z.P1-1-1', 'Z.K6-2'], ['Z.P1'], ['Z.K6-2'], ['NoneOfTheAbove'], ['Z.P8'], ['intro_25', 'Z.P8', 'intro_48', 'Z.P8-1'], ['Z.P2'], ['intro_28', 'Z.P2', 'intro_51', 'Z.P2-2'], ['Z.K10-1'], ['intro_23', 'Z.P2-2-1', 'intro_5', 'z_trans_13', 'Z.K2'], ['Z.K10-1'], ['NoneOfTheAbove'], ['Z.P5'], ['intro_25', 'Z.P5', 'intro_51', 'Z.P5-1'], ['Z.P8'], ['intro_27', 'Z.P8', 'intro_51', 'Z.P8-2']]","[1561, 1562, 1620, 1710, 1711, 1759, 1764, 1765, 1766, 1792, 1839, 1848, 1854, 4903, 4904, 4905, 4906, 4907, 4908, 4909, 4910, 4911, 4912, 4913, 4914, 4915, 4916, 4917, 4918, 4919, 4920, 4921, 4922, 4923, 4924, 4925, 4926, 4927, 4928, 4929, 4930, 4931, 4932, 4933, 4934]",539,9138,94.10155395053621,45,45,0.07856344949488181,"[{'id': 85, 'label': 'Z.P2', 'text': 'KI sind objektiv '}, {'id': 86, 'label': 'Z.P2', 'text': 'KI sind nicht bestechbar'}, {'id': 154, 'label': 'Z.P2', 'text': ' und das unparteiische Verhalten gegenueber der Patienten '}, {'id': 388, 'label': 'Z.P2', 'text': 'Die Entscheidungen der KI sind objektiver '}, {'id': 493, 'label': 'Z.P2', 'text': 'Eine KO kann besonders in kritischen Situationen Rational Entscheidungen treffen, fuer die ein Mensch unter Umstaenden laenger brauchen wuerde.'}, {'id': 494, 'label': 'Z.P2', 'text': 'Ich beziehe mich in meinem Argument zum Beispiel auf klassische Triage Situationen.'}, {'id': 584, 'label': 'Z.P2', 'text': 'Standard Eingriffen koennen durch die KI vielleicht ohne Leichtsinnsfehler durchgefuehrt werden'}, {'id': 693, 'label': 'Z.P2', 'text': 'Groessere Neutralitaet. Kein Einfluss von Alter und Geschlecht'}, {'id': 775, 'label': 'Z.P2', 'text': 'Die KI trifft rationale Entscheidungen die keine subjektiven Fakten miteinbezieht'}, {'id': 815, 'label': 'Z.P2', 'text': 'Ein Argument dafuer ist, dass KI nicht muede werden kann und dauerhaft im Einsatz sein kann. '}]"
263,2317,1,Naja - viele Gerichtsverfahren haben ja eine klare Sachlage. Da kann die KI viel Arbeit einsparen,['Z.P2'],JURAI,"[['Greeting_Message'], ['Z.P8'], ['intro_23', 'Z.P8', 'intro_47', 'Z.P8-1']]","[1559, 1560, 1576, 1578, 1625, 1650, 1651, 1662, 1667, 1760, 1767, 1771, 1836, 1850, 1851, 4805, 4806, 4807, 4808, 4809, 4810, 4811, 4812, 4813, 4814, 4815, 4816, 4817, 4818, 4819, 4820, 4821, 4822, 4823, 4824, 4825, 4826, 4827, 4828, 4829, 4830, 4831, 4832, 4833, 4834, 4835, 4836]",539,9138,94.10155395053621,47,47,0.082055158361321,"[{'id': 85, 'label': 'Z.P2', 'text': 'KI sind objektiv '}, {'id': 86, 'label': 'Z.P2', 'text': 'KI sind nicht bestechbar'}, {'id': 154, 'label': 'Z.P2', 'text': ' und das unparteiische Verhalten gegenueber der Patienten '}, {'id': 388, 'label': 'Z.P2', 'text': 'Die Entscheidungen der KI sind objektiver '}, {'id': 493, 'label': 'Z.P2', 'text': 'Eine KO kann besonders in kritischen Situationen Rational Entscheidungen treffen, fuer die ein Mensch unter Umstaenden laenger brauchen wuerde.'}, {'id': 494, 'label': 'Z.P2', 'text': 'Ich beziehe mich in meinem Argument zum Beispiel auf klassische Triage Situationen.'}, {'id': 584, 'label': 'Z.P2', 'text': 'Standard Eingriffen koennen durch die KI vielleicht ohne Leichtsinnsfehler durchgefuehrt werden'}, {'id': 693, 'label': 'Z.P2', 'text': 'Groessere Neutralitaet. Kein Einfluss von Alter und Geschlecht'}, {'id': 775, 'label': 'Z.P2', 'text': 'Die KI trifft rationale Entscheidungen die keine subjektiven Fakten miteinbezieht'}, {'id': 815, 'label': 'Z.P2', 'text': 'Ein Argument dafuer ist, dass KI nicht muede werden kann und dauerhaft im Einsatz sein kann. '}]"
264,2328,1,Einflussnahme durch menschliche Faktoren findet nicht mehr statt.,['Z.P3'],JURAI,"[['Greeting_Message'], ['Z.P8'], ['intro_23', 'Z.P8', 'intro_47', 'Z.P8-1'], ['Z.P2'], ['intro_24', 'Z.P2', 'intro_51', 'Z.P2-2'], ['OTHER'], ['Z.P3'], ['OTHER'], ['Z.K6-1-1-1'], ['Z.K3-1'], ['intro_25', 'Z.P3', 'intro_52', 'z_trans_16', 'Z.P1-1'], ['OTHER'], ['Z.K4-1'], ['Z.K12'], ['NoneOfTheAbove'], ['Z.K2'], ['Z.K7-1'], ['OTHER'], ['Z.P1'], ['Z.P2'], ['Z.P8'], ['FAQ.G1'], ['NoneOfTheAbove'], ['Z.K6-1-1'], ['intro_25', 'Z.P1', 'intro_53', 'z_trans_12', 'Z.P4-1']]","[1529, 1533, 1563, 1577, 1583, 1617, 1773, 1835, 1853, 1855, 4675, 4676, 4677, 4678, 4679, 4680, 4681, 4682, 4683, 4684, 4685, 4686, 4687, 4688, 4689, 4690, 4691, 4692, 4693, 4694, 4695, 4696, 4697, 4698, 4699, 4700, 4701]",971,9138,89.3740424600569,37,37,0.03405602029888883,"[{'id': 1, 'label': 'Z.P1-1-1', 'text': 'werden dann Krankenpfleger besser bezahlt?'}, {'id': 2, 'label': 'Z.P3', 'text': 'Das Wissen einer KI kann eine deutlich hoehere Menge erreichen, als das Wissen eines Menschen. '}, {'id': 3, 'label': 'Z.P3', 'text': 'Eine KI kann mehr Wissen als ein Mensch'}, {'id': 5, 'label': 'Z.P4-1', 'text': 'Aber ist es realistisch, dass das Gesundheitssystem besser finanziert wird bevor eine medKI in der Lage ist fundierte Entscheidungen zu treffen?'}, {'id': 8, 'label': 'Z.P1', 'text': 'Der Trend geht ohnehin weg von kleinen Landarztpraxen und hin zu medizinischen Versorgungszentren'}, {'id': 12, 'label': 'Z.P4', 'text': 'Die MedKI kann unterstuetzen, den Mangel an Aerzten entgegenzuwirken. Durch den demographischen Wandel wird es mehr kranke und alte Menschen geben. Dadurch brauchen wir mehr Aerzte'}, {'id': 24, 'label': 'Z.P1', 'text': 'Aerzte sind doch auch Rund um die Uhr erreichbar?! Dafuer werden Sie auch dementsprechend bezahlt. Auf dem Land natuerlich nicht, aber eine KI koennte auch nicht ohne Beaufsichtigung das Krankenhaus leiten'}, {'id': 25, 'label': 'Z.P3-1', 'text': ' Allerdings werden die KIs von Menschen programmiert. Insofern ist die Fehlerquote mindestens genauso hoch.'}, {'id': 83, 'label': 'Z.P4-1', 'text': 'Dann sollen die Unis mehr Medizin Plaetze anbieten dann gibt es mehr Aerzte '}, {'id': 100, 'label': 'Z.P1', 'text': 'Mit medKI gibt es immerhin genug Aerztinnen, die jetzt fehlen?'}]"
265,2333,2,"Die Ki betrachtet jedoch nur die faktische Lage, sie ignoriert vollstaendig individuelle Faktoren und daraus folgende Straf und Praeventionsmassnahmen",['Z.P4-1'],JURAI,"[['Greeting_Message'], ['Z.K6-1-1', 'Z.K4'], ['Z.P3-1']]","[1569, 1572, 1574, 1582, 1590, 1628, 1629, 1676, 1678, 1700, 1777, 1781, 1782, 1784, 1788, 5021, 5022, 5023, 5024, 5025, 5026, 5027, 5028, 5029, 5030, 5031, 5032, 5033, 5034, 5035, 5036, 5037, 5038, 5039, 5040, 5041, 5042, 5043, 5044, 5045, 5046, 5047]",971,9138,89.3740424600569,42,42,0.038658185204144074,"[{'id': 1, 'label': 'Z.P1-1-1', 'text': 'werden dann Krankenpfleger besser bezahlt?'}, {'id': 2, 'label': 'Z.P3', 'text': 'Das Wissen einer KI kann eine deutlich hoehere Menge erreichen, als das Wissen eines Menschen. '}, {'id': 3, 'label': 'Z.P3', 'text': 'Eine KI kann mehr Wissen als ein Mensch'}, {'id': 5, 'label': 'Z.P4-1', 'text': 'Aber ist es realistisch, dass das Gesundheitssystem besser finanziert wird bevor eine medKI in der Lage ist fundierte Entscheidungen zu treffen?'}, {'id': 8, 'label': 'Z.P1', 'text': 'Der Trend geht ohnehin weg von kleinen Landarztpraxen und hin zu medizinischen Versorgungszentren'}, {'id': 12, 'label': 'Z.P4', 'text': 'Die MedKI kann unterstuetzen, den Mangel an Aerzten entgegenzuwirken. Durch den demographischen Wandel wird es mehr kranke und alte Menschen geben. Dadurch brauchen wir mehr Aerzte'}, {'id': 24, 'label': 'Z.P1', 'text': 'Aerzte sind doch auch Rund um die Uhr erreichbar?! Dafuer werden Sie auch dementsprechend bezahlt. Auf dem Land natuerlich nicht, aber eine KI koennte auch nicht ohne Beaufsichtigung das Krankenhaus leiten'}, {'id': 25, 'label': 'Z.P3-1', 'text': ' Allerdings werden die KIs von Menschen programmiert. Insofern ist die Fehlerquote mindestens genauso hoch.'}, {'id': 83, 'label': 'Z.P4-1', 'text': 'Dann sollen die Unis mehr Medizin Plaetze anbieten dann gibt es mehr Aerzte '}, {'id': 100, 'label': 'Z.P1', 'text': 'Mit medKI gibt es immerhin genug Aerztinnen, die jetzt fehlen?'}]"
266,2334,2,"Du vergisst dass Straftaten nicht schlicht boese Taten von schlechten Menschen sondern ein Resultat der soziooekonomischen Bedingungen die den Taeter dazu treiben, gerade deshalb ist ein rein faktischer Ansatz ungerecht ",['Z.P1-1'],JURAI,"[['Greeting_Message'], ['Z.K6-1-1', 'Z.K4'], ['Z.P3-1'], ['Z.P4-1'], ['intro_26', 'Z.P4-1', 'intro_6', 'z_trans_1', 'Z.P1']]","[1568, 1570, 1571, 1587, 1604, 1610, 1626, 1661, 1669, 1670, 1675, 1683, 1714, 1715, 1736, 1747, 1778, 1783, 1785, 1786, 1796, 1803, 1808, 1825, 1826, 4599, 4600, 4601, 4602, 4603, 4604, 4605, 4606, 4607, 4608, 4609, 4610, 4611, 4612, 4613, 4614, 4615, 4616, 4617, 4618, 4619, 4620]",971,9138,89.3740424600569,47,47,0.043260350109399326,"[{'id': 1, 'label': 'Z.P1-1-1', 'text': 'werden dann Krankenpfleger besser bezahlt?'}, {'id': 2, 'label': 'Z.P3', 'text': 'Das Wissen einer KI kann eine deutlich hoehere Menge erreichen, als das Wissen eines Menschen. '}, {'id': 3, 'label': 'Z.P3', 'text': 'Eine KI kann mehr Wissen als ein Mensch'}, {'id': 5, 'label': 'Z.P4-1', 'text': 'Aber ist es realistisch, dass das Gesundheitssystem besser finanziert wird bevor eine medKI in der Lage ist fundierte Entscheidungen zu treffen?'}, {'id': 8, 'label': 'Z.P1', 'text': 'Der Trend geht ohnehin weg von kleinen Landarztpraxen und hin zu medizinischen Versorgungszentren'}, {'id': 12, 'label': 'Z.P4', 'text': 'Die MedKI kann unterstuetzen, den Mangel an Aerzten entgegenzuwirken. Durch den demographischen Wandel wird es mehr kranke und alte Menschen geben. Dadurch brauchen wir mehr Aerzte'}, {'id': 24, 'label': 'Z.P1', 'text': 'Aerzte sind doch auch Rund um die Uhr erreichbar?! Dafuer werden Sie auch dementsprechend bezahlt. Auf dem Land natuerlich nicht, aber eine KI koennte auch nicht ohne Beaufsichtigung das Krankenhaus leiten'}, {'id': 25, 'label': 'Z.P3-1', 'text': ' Allerdings werden die KIs von Menschen programmiert. Insofern ist die Fehlerquote mindestens genauso hoch.'}, {'id': 83, 'label': 'Z.P4-1', 'text': 'Dann sollen die Unis mehr Medizin Plaetze anbieten dann gibt es mehr Aerzte '}, {'id': 100, 'label': 'Z.P1', 'text': 'Mit medKI gibt es immerhin genug Aerztinnen, die jetzt fehlen?'}]"
267,2337,2,"Ja, aber die Auslegung von Gesetzestexten in individuellen Faellen erfordert eine persoenlichen Erfahrungsschatz",['Z.P1-2'],JURAI,"[['Greeting_Message'], ['Z.K6-1-1', 'Z.K4'], ['Z.P3-1'], ['Z.P4-1'], ['intro_26', 'Z.P4-1', 'intro_6', 'z_trans_1', 'Z.P1'], ['Z.P1-1'], ['Z.K3'], ['Z.K5'], ['intro_32', 'Z.K5', 'intro_55', 'Z.K5-1'], ['CON_ZARG'], ['intro_25', 'Z.P1-1', 'intro_3', 'Z.P1-1-1']]","[1674, 1737, 1738, 1743, 1745, 1780, 1804, 1806, 4621, 4622, 4623, 4624, 4625, 4626, 4627, 4628, 4629, 4630, 4631, 4632, 4633, 4634, 4635, 4636, 4637, 4638, 4639, 4640, 4641, 4642, 4643, 4644, 4645, 4646, 4647]",971,9138,89.3740424600569,35,35,0.03221515433678673,"[{'id': 1, 'label': 'Z.P1-1-1', 'text': 'werden dann Krankenpfleger besser bezahlt?'}, {'id': 2, 'label': 'Z.P3', 'text': 'Das Wissen einer KI kann eine deutlich hoehere Menge erreichen, als das Wissen eines Menschen. '}, {'id': 3, 'label': 'Z.P3', 'text': 'Eine KI kann mehr Wissen als ein Mensch'}, {'id': 5, 'label': 'Z.P4-1', 'text': 'Aber ist es realistisch, dass das Gesundheitssystem besser finanziert wird bevor eine medKI in der Lage ist fundierte Entscheidungen zu treffen?'}, {'id': 8, 'label': 'Z.P1', 'text': 'Der Trend geht ohnehin weg von kleinen Landarztpraxen und hin zu medizinischen Versorgungszentren'}, {'id': 12, 'label': 'Z.P4', 'text': 'Die MedKI kann unterstuetzen, den Mangel an Aerzten entgegenzuwirken. Durch den demographischen Wandel wird es mehr kranke und alte Menschen geben. Dadurch brauchen wir mehr Aerzte'}, {'id': 24, 'label': 'Z.P1', 'text': 'Aerzte sind doch auch Rund um die Uhr erreichbar?! Dafuer werden Sie auch dementsprechend bezahlt. Auf dem Land natuerlich nicht, aber eine KI koennte auch nicht ohne Beaufsichtigung das Krankenhaus leiten'}, {'id': 25, 'label': 'Z.P3-1', 'text': ' Allerdings werden die KIs von Menschen programmiert. Insofern ist die Fehlerquote mindestens genauso hoch.'}, {'id': 83, 'label': 'Z.P4-1', 'text': 'Dann sollen die Unis mehr Medizin Plaetze anbieten dann gibt es mehr Aerzte '}, {'id': 100, 'label': 'Z.P1', 'text': 'Mit medKI gibt es immerhin genug Aerztinnen, die jetzt fehlen?'}]"
268,2338,2,"Hier geht jedoch die Individualitaet des Falls verloren, die Datenlage erfasst lediglich den wahrscheinlichsten Ausgang",['Z.P4-1'],JURAI,"[['Greeting_Message'], ['Z.K6-1-1', 'Z.K4'], ['Z.P3-1'], ['Z.P4-1'], ['intro_26', 'Z.P4-1', 'intro_6', 'z_trans_1', 'Z.P1'], ['Z.P1-1'], ['Z.K3'], ['Z.K5'], ['intro_32', 'Z.K5', 'intro_55', 'Z.K5-1'], ['CON_ZARG'], ['intro_25', 'Z.P1-1', 'intro_3', 'Z.P1-1-1'], ['Z.P1-2'], ['Z.P1-2']]","[1569, 1572, 1574, 1582, 1590, 1628, 1629, 1676, 1678, 1700, 1777, 1781, 1782, 1784, 1788, 5021, 5022, 5023, 5024, 5025, 5026, 5027, 5028, 5029, 5030, 5031, 5032, 5033, 5034, 5035, 5036, 5037, 5038, 5039, 5040, 5041, 5042, 5043, 5044, 5045, 5046, 5047]",971,9138,89.3740424600569,42,42,0.038658185204144074,"[{'id': 1, 'label': 'Z.P1-1-1', 'text': 'werden dann Krankenpfleger besser bezahlt?'}, {'id': 2, 'label': 'Z.P3', 'text': 'Das Wissen einer KI kann eine deutlich hoehere Menge erreichen, als das Wissen eines Menschen. '}, {'id': 3, 'label': 'Z.P3', 'text': 'Eine KI kann mehr Wissen als ein Mensch'}, {'id': 5, 'label': 'Z.P4-1', 'text': 'Aber ist es realistisch, dass das Gesundheitssystem besser finanziert wird bevor eine medKI in der Lage ist fundierte Entscheidungen zu treffen?'}, {'id': 8, 'label': 'Z.P1', 'text': 'Der Trend geht ohnehin weg von kleinen Landarztpraxen und hin zu medizinischen Versorgungszentren'}, {'id': 12, 'label': 'Z.P4', 'text': 'Die MedKI kann unterstuetzen, den Mangel an Aerzten entgegenzuwirken. Durch den demographischen Wandel wird es mehr kranke und alte Menschen geben. Dadurch brauchen wir mehr Aerzte'}, {'id': 24, 'label': 'Z.P1', 'text': 'Aerzte sind doch auch Rund um die Uhr erreichbar?! Dafuer werden Sie auch dementsprechend bezahlt. Auf dem Land natuerlich nicht, aber eine KI koennte auch nicht ohne Beaufsichtigung das Krankenhaus leiten'}, {'id': 25, 'label': 'Z.P3-1', 'text': ' Allerdings werden die KIs von Menschen programmiert. Insofern ist die Fehlerquote mindestens genauso hoch.'}, {'id': 83, 'label': 'Z.P4-1', 'text': 'Dann sollen die Unis mehr Medizin Plaetze anbieten dann gibt es mehr Aerzte '}, {'id': 100, 'label': 'Z.P1', 'text': 'Mit medKI gibt es immerhin genug Aerztinnen, die jetzt fehlen?'}]"
269,2340,2,Ich finde aber das genau diese Subjektivitaet auch wichtig sein kann ,['Z.P1-1'],JURAI,"[['Greeting_Message'], ['Z.P4-1'], ['Z.P4-1']]","[1568, 1570, 1571, 1587, 1604, 1610, 1626, 1661, 1669, 1670, 1675, 1683, 1714, 1715, 1736, 1747, 1778, 1783, 1785, 1786, 1796, 1803, 1808, 1825, 1826, 4599, 4600, 4601, 4602, 4603, 4604, 4605, 4606, 4607, 4608, 4609, 4610, 4611, 4612, 4613, 4614, 4615, 4616, 4617, 4618, 4619, 4620]",971,9138,89.3740424600569,47,47,0.043260350109399326,"[{'id': 1, 'label': 'Z.P1-1-1', 'text': 'werden dann Krankenpfleger besser bezahlt?'}, {'id': 2, 'label': 'Z.P3', 'text': 'Das Wissen einer KI kann eine deutlich hoehere Menge erreichen, als das Wissen eines Menschen. '}, {'id': 3, 'label': 'Z.P3', 'text': 'Eine KI kann mehr Wissen als ein Mensch'}, {'id': 5, 'label': 'Z.P4-1', 'text': 'Aber ist es realistisch, dass das Gesundheitssystem besser finanziert wird bevor eine medKI in der Lage ist fundierte Entscheidungen zu treffen?'}, {'id': 8, 'label': 'Z.P1', 'text': 'Der Trend geht ohnehin weg von kleinen Landarztpraxen und hin zu medizinischen Versorgungszentren'}, {'id': 12, 'label': 'Z.P4', 'text': 'Die MedKI kann unterstuetzen, den Mangel an Aerzten entgegenzuwirken. Durch den demographischen Wandel wird es mehr kranke und alte Menschen geben. Dadurch brauchen wir mehr Aerzte'}, {'id': 24, 'label': 'Z.P1', 'text': 'Aerzte sind doch auch Rund um die Uhr erreichbar?! Dafuer werden Sie auch dementsprechend bezahlt. Auf dem Land natuerlich nicht, aber eine KI koennte auch nicht ohne Beaufsichtigung das Krankenhaus leiten'}, {'id': 25, 'label': 'Z.P3-1', 'text': ' Allerdings werden die KIs von Menschen programmiert. Insofern ist die Fehlerquote mindestens genauso hoch.'}, {'id': 83, 'label': 'Z.P4-1', 'text': 'Dann sollen die Unis mehr Medizin Plaetze anbieten dann gibt es mehr Aerzte '}, {'id': 100, 'label': 'Z.P1', 'text': 'Mit medKI gibt es immerhin genug Aerztinnen, die jetzt fehlen?'}]"
270,2343,2,Da stimme ich zu. Ich finde aber trotzdem dass ein gerichtliches Urteil etwas menschliches ist und von Menschen mit Emotionen und Meinungen beurteilt werden sollte ,['Z.P1-1'],JURAI,"[['Greeting_Message'], ['Z.P4-1'], ['Z.P4-1'], ['Z.P1-1'], ['intro_23', 'Z.K11', 'intro_3', 'Z.K11-1'], ['DISSENT'], ['Z.K2'], ['Z.P4-1'], ['Z.P1-2']]","[1568, 1570, 1571, 1587, 1604, 1610, 1626, 1661, 1669, 1670, 1675, 1683, 1714, 1715, 1736, 1747, 1778, 1783, 1785, 1786, 1796, 1803, 1808, 1825, 1826, 4599, 4600, 4601, 4602, 4603, 4604, 4605, 4606, 4607, 4608, 4609, 4610, 4611, 4612, 4613, 4614, 4615, 4616, 4617, 4618, 4619, 4620]",971,9138,89.3740424600569,47,47,0.043260350109399326,"[{'id': 1, 'label': 'Z.P1-1-1', 'text': 'werden dann Krankenpfleger besser bezahlt?'}, {'id': 2, 'label': 'Z.P3', 'text': 'Das Wissen einer KI kann eine deutlich hoehere Menge erreichen, als das Wissen eines Menschen. '}, {'id': 3, 'label': 'Z.P3', 'text': 'Eine KI kann mehr Wissen als ein Mensch'}, {'id': 5, 'label': 'Z.P4-1', 'text': 'Aber ist es realistisch, dass das Gesundheitssystem besser finanziert wird bevor eine medKI in der Lage ist fundierte Entscheidungen zu treffen?'}, {'id': 8, 'label': 'Z.P1', 'text': 'Der Trend geht ohnehin weg von kleinen Landarztpraxen und hin zu medizinischen Versorgungszentren'}, {'id': 12, 'label': 'Z.P4', 'text': 'Die MedKI kann unterstuetzen, den Mangel an Aerzten entgegenzuwirken. Durch den demographischen Wandel wird es mehr kranke und alte Menschen geben. Dadurch brauchen wir mehr Aerzte'}, {'id': 24, 'label': 'Z.P1', 'text': 'Aerzte sind doch auch Rund um die Uhr erreichbar?! Dafuer werden Sie auch dementsprechend bezahlt. Auf dem Land natuerlich nicht, aber eine KI koennte auch nicht ohne Beaufsichtigung das Krankenhaus leiten'}, {'id': 25, 'label': 'Z.P3-1', 'text': ' Allerdings werden die KIs von Menschen programmiert. Insofern ist die Fehlerquote mindestens genauso hoch.'}, {'id': 83, 'label': 'Z.P4-1', 'text': 'Dann sollen die Unis mehr Medizin Plaetze anbieten dann gibt es mehr Aerzte '}, {'id': 100, 'label': 'Z.P1', 'text': 'Mit medKI gibt es immerhin genug Aerztinnen, die jetzt fehlen?'}]"
271,2344,2,"Kein Mensch kann nur auf Grundlage des Gesetzes handeln. Menschliche Emotionen koennen nicht ausgeschalten werden, dementsprechend fliessen sie in jedes Urteil ein und sind auch wichtig um die Gewichtigkeit der Faelle zu differenzieren ",['Z.P1-1'],JURAI,"[['Greeting_Message'], ['Z.P4-1'], ['Z.P4-1'], ['Z.P1-1'], ['intro_23', 'Z.K11', 'intro_3', 'Z.K11-1'], ['DISSENT'], ['Z.K2'], ['Z.P4-1'], ['Z.P1-2'], ['CONSENT', 'Z.P1-1'], ['intro_28', 'Z.P1-1', 'intro_3', 'Z.P1-1-1']]","[1568, 1570, 1571, 1587, 1604, 1610, 1626, 1661, 1669, 1670, 1675, 1683, 1714, 1715, 1736, 1747, 1778, 1783, 1785, 1786, 1796, 1803, 1808, 1825, 1826, 4599, 4600, 4601, 4602, 4603, 4604, 4605, 4606, 4607, 4608, 4609, 4610, 4611, 4612, 4613, 4614, 4615, 4616, 4617, 4618, 4619, 4620]",971,9138,89.3740424600569,47,47,0.043260350109399326,"[{'id': 1, 'label': 'Z.P1-1-1', 'text': 'werden dann Krankenpfleger besser bezahlt?'}, {'id': 2, 'label': 'Z.P3', 'text': 'Das Wissen einer KI kann eine deutlich hoehere Menge erreichen, als das Wissen eines Menschen. '}, {'id': 3, 'label': 'Z.P3', 'text': 'Eine KI kann mehr Wissen als ein Mensch'}, {'id': 5, 'label': 'Z.P4-1', 'text': 'Aber ist es realistisch, dass das Gesundheitssystem besser finanziert wird bevor eine medKI in der Lage ist fundierte Entscheidungen zu treffen?'}, {'id': 8, 'label': 'Z.P1', 'text': 'Der Trend geht ohnehin weg von kleinen Landarztpraxen und hin zu medizinischen Versorgungszentren'}, {'id': 12, 'label': 'Z.P4', 'text': 'Die MedKI kann unterstuetzen, den Mangel an Aerzten entgegenzuwirken. Durch den demographischen Wandel wird es mehr kranke und alte Menschen geben. Dadurch brauchen wir mehr Aerzte'}, {'id': 24, 'label': 'Z.P1', 'text': 'Aerzte sind doch auch Rund um die Uhr erreichbar?! Dafuer werden Sie auch dementsprechend bezahlt. Auf dem Land natuerlich nicht, aber eine KI koennte auch nicht ohne Beaufsichtigung das Krankenhaus leiten'}, {'id': 25, 'label': 'Z.P3-1', 'text': ' Allerdings werden die KIs von Menschen programmiert. Insofern ist die Fehlerquote mindestens genauso hoch.'}, {'id': 83, 'label': 'Z.P4-1', 'text': 'Dann sollen die Unis mehr Medizin Plaetze anbieten dann gibt es mehr Aerzte '}, {'id': 100, 'label': 'Z.P1', 'text': 'Mit medKI gibt es immerhin genug Aerztinnen, die jetzt fehlen?'}]"
272,2349,1,Jedoch bezieht die KI viele verschiedene Informationsquellen in ihre Arbeit ein und repraesentiert damit auch unterschiedliche Fakten & Einschaetzungen. Somit kann man sich ein vielfaeltiges Urteil und den damit verbundenen Aufwand sparen.,['Z.P4'],JURAI,"[['Greeting_Message'], ['Z.P1'], ['intro_28', 'Z.P1', 'intro_47', 'Z.P1-2']]","[1668, 1790, 1793, 1837, 4989, 4990, 4991, 4992, 4993, 4994, 4995, 4996, 4997, 4998, 4999, 5000, 5001, 5002, 5003, 5004, 5005, 5006, 5007, 5008, 5009, 5010, 5011, 5012, 5013, 5014, 5015, 5016, 5017, 5018, 5019, 5020]",971,9138,89.3740424600569,36,36,0.033135587317837785,"[{'id': 1, 'label': 'Z.P1-1-1', 'text': 'werden dann Krankenpfleger besser bezahlt?'}, {'id': 2, 'label': 'Z.P3', 'text': 'Das Wissen einer KI kann eine deutlich hoehere Menge erreichen, als das Wissen eines Menschen. '}, {'id': 3, 'label': 'Z.P3', 'text': 'Eine KI kann mehr Wissen als ein Mensch'}, {'id': 5, 'label': 'Z.P4-1', 'text': 'Aber ist es realistisch, dass das Gesundheitssystem besser finanziert wird bevor eine medKI in der Lage ist fundierte Entscheidungen zu treffen?'}, {'id': 8, 'label': 'Z.P1', 'text': 'Der Trend geht ohnehin weg von kleinen Landarztpraxen und hin zu medizinischen Versorgungszentren'}, {'id': 12, 'label': 'Z.P4', 'text': 'Die MedKI kann unterstuetzen, den Mangel an Aerzten entgegenzuwirken. Durch den demographischen Wandel wird es mehr kranke und alte Menschen geben. Dadurch brauchen wir mehr Aerzte'}, {'id': 24, 'label': 'Z.P1', 'text': 'Aerzte sind doch auch Rund um die Uhr erreichbar?! Dafuer werden Sie auch dementsprechend bezahlt. Auf dem Land natuerlich nicht, aber eine KI koennte auch nicht ohne Beaufsichtigung das Krankenhaus leiten'}, {'id': 25, 'label': 'Z.P3-1', 'text': ' Allerdings werden die KIs von Menschen programmiert. Insofern ist die Fehlerquote mindestens genauso hoch.'}, {'id': 83, 'label': 'Z.P4-1', 'text': 'Dann sollen die Unis mehr Medizin Plaetze anbieten dann gibt es mehr Aerzte '}, {'id': 100, 'label': 'Z.P1', 'text': 'Mit medKI gibt es immerhin genug Aerztinnen, die jetzt fehlen?'}]"
273,2350,1,"KI wird programmiert. Dadurch kann man zwar ihre Gruende, die zu einer Entscheidung fuehren, nicht erkunden, aber man kann Einblick in die Algorithmen nehmen und dadurch versuchen zu verstehen, wie sie funktioniert und wie sie zu bestimmten Ergebnissen kommt. Ihre Antworten sind ja nicht willkuerlich.",['Z.K2-1'],JURAI,"[['Greeting_Message'], ['Z.P1'], ['intro_28', 'Z.P1', 'intro_47', 'Z.P1-2'], ['Z.P4'], ['Z.K2-1']]","[1791, 1838, 5385, 5386, 5387, 5388, 5389, 5390, 5391, 5392, 5393, 5394, 5395, 5396, 5397, 5398, 5399, 5400, 5401, 5402, 5403, 5404, 5405, 5406, 5407, 5408, 5409, 5410, 5411]",1044,9138,88.57518056467498,29,29,0.024604216823520826,"[{'id': 9, 'label': 'Z.K2', 'text': 'Andererseits hat sie ein sehr begrenztes Repertoire, denn anders als ein Mensch kommt MedKI nicht ueber ihre standardisierten Handlungsweisen hinaus'}, {'id': 52, 'label': 'Z.K2', 'text': 'Zu viele Krankheiten moeglich'}, {'id': 61, 'label': 'Z.K9', 'text': 'Hacker'}, {'id': 71, 'label': 'Z.K2', 'text': 'Eine KI handelt immer nach der theoretisch besten Loesung, allerdings ist diese nicht immer moralisch Vertretbar '}, {'id': 101, 'label': 'Z.K2', 'text': 'Mir ist bewusst das ein MedKi nicht alle Lebensumstaende der Patientinnen in die Untersuchung mit einbeziehen'}, {'id': 113, 'label': 'Z.K3-1', 'text': 'Patientinnen sollten waehlen koennen zwischen KI und realen Personen '}, {'id': 150, 'label': 'Z.K2', 'text': 'Da die Med-KI keine individuellen Diagnosen stellen kann, sondern anhand von Lehrbuchangaben agiert und das Verhalten und die Aussagen der patient*innen nur objektiv betrachtet'}, {'id': 151, 'label': 'Z.K2', 'text': 'Diagnosen werden nur objektiv gestellt'}, {'id': 152, 'label': 'Z.K2', 'text': 'Aber trotzdem ist besonders im medizinischen Bereich eine genaue Betrachtung des Patienten notwendig ist'}, {'id': 155, 'label': 'Z.K2', 'text': 'Aber die subjektive Betrachtung ist in der Medizin sehr notwendig'}]"
274,2352,1,"Aber oft rechnet KI besser und ich bin mir nicht sicher, ob menschliche Kompetenzen ueberschaetzt werden. Jedoch vielen Dank fuer die Argumente und fuer die Diskussion.",['Z.P4'],JURAI,"[['Greeting_Message'], ['Z.P1'], ['intro_28', 'Z.P1', 'intro_47', 'Z.P1-2'], ['Z.P4'], ['Z.K2-1'], ['Z.K2-1'], ['intro_27', 'Z.K2-1', 'intro_2', 'Z.K2-1-1'], ['Z.P8'], ['intro_23', 'Z.P8-1', 'intro_43', 'Z.P4', 'z_trans_18', 'Z.P4-1']]","[1668, 1790, 1793, 1837, 4989, 4990, 4991, 4992, 4993, 4994, 4995, 4996, 4997, 4998, 4999, 5000, 5001, 5002, 5003, 5004, 5005, 5006, 5007, 5008, 5009, 5010, 5011, 5012, 5013, 5014, 5015, 5016, 5017, 5018, 5019, 5020]",1510,9138,83.47559641059313,36,36,0.019901466693916244,"[{'id': 1, 'label': 'Z.P1-1-1', 'text': 'werden dann Krankenpfleger besser bezahlt?'}, {'id': 2, 'label': 'Z.P3', 'text': 'Das Wissen einer KI kann eine deutlich hoehere Menge erreichen, als das Wissen eines Menschen. '}, {'id': 3, 'label': 'Z.P3', 'text': 'Eine KI kann mehr Wissen als ein Mensch'}, {'id': 5, 'label': 'Z.P4-1', 'text': 'Aber ist es realistisch, dass das Gesundheitssystem besser finanziert wird bevor eine medKI in der Lage ist fundierte Entscheidungen zu treffen?'}, {'id': 8, 'label': 'Z.P1', 'text': 'Der Trend geht ohnehin weg von kleinen Landarztpraxen und hin zu medizinischen Versorgungszentren'}, {'id': 12, 'label': 'Z.P4', 'text': 'Die MedKI kann unterstuetzen, den Mangel an Aerzten entgegenzuwirken. Durch den demographischen Wandel wird es mehr kranke und alte Menschen geben. Dadurch brauchen wir mehr Aerzte'}, {'id': 24, 'label': 'Z.P1', 'text': 'Aerzte sind doch auch Rund um die Uhr erreichbar?! Dafuer werden Sie auch dementsprechend bezahlt. Auf dem Land natuerlich nicht, aber eine KI koennte auch nicht ohne Beaufsichtigung das Krankenhaus leiten'}, {'id': 25, 'label': 'Z.P3-1', 'text': ' Allerdings werden die KIs von Menschen programmiert. Insofern ist die Fehlerquote mindestens genauso hoch.'}, {'id': 83, 'label': 'Z.P4-1', 'text': 'Dann sollen die Unis mehr Medizin Plaetze anbieten dann gibt es mehr Aerzte '}, {'id': 85, 'label': 'Z.P2', 'text': 'KI sind objektiv '}]"
275,2354,2,"Es stimmt, dass es ein Regelwerk gibt. Aber trotzdem fehlt der KI eine Grundlage fuer die Gefuehle: Hormone ",['Z.K2'],JURAI,"[['Greeting_Message'], ['Z.K2'], ['intro_32', 'Z.K2', 'intro_2', 'Z.K2-1']]","[1672, 1677, 1680, 1706, 1746, 1750, 1770, 1794, 1795, 1831, 5354, 5355, 5356, 5357, 5358, 5359, 5360, 5361, 5362, 5363, 5364, 5365, 5366, 5367, 5368, 5369, 5370, 5371, 5372, 5373, 5374, 5375, 5376, 5377, 5378, 5379, 5380, 5381, 5382, 5383, 5384]",1044,9138,88.57518056467498,41,41,0.03478527206083979,"[{'id': 9, 'label': 'Z.K2', 'text': 'Andererseits hat sie ein sehr begrenztes Repertoire, denn anders als ein Mensch kommt MedKI nicht ueber ihre standardisierten Handlungsweisen hinaus'}, {'id': 52, 'label': 'Z.K2', 'text': 'Zu viele Krankheiten moeglich'}, {'id': 61, 'label': 'Z.K9', 'text': 'Hacker'}, {'id': 71, 'label': 'Z.K2', 'text': 'Eine KI handelt immer nach der theoretisch besten Loesung, allerdings ist diese nicht immer moralisch Vertretbar '}, {'id': 101, 'label': 'Z.K2', 'text': 'Mir ist bewusst das ein MedKi nicht alle Lebensumstaende der Patientinnen in die Untersuchung mit einbeziehen'}, {'id': 113, 'label': 'Z.K3-1', 'text': 'Patientinnen sollten waehlen koennen zwischen KI und realen Personen '}, {'id': 150, 'label': 'Z.K2', 'text': 'Da die Med-KI keine individuellen Diagnosen stellen kann, sondern anhand von Lehrbuchangaben agiert und das Verhalten und die Aussagen der patient*innen nur objektiv betrachtet'}, {'id': 151, 'label': 'Z.K2', 'text': 'Diagnosen werden nur objektiv gestellt'}, {'id': 152, 'label': 'Z.K2', 'text': 'Aber trotzdem ist besonders im medizinischen Bereich eine genaue Betrachtung des Patienten notwendig ist'}, {'id': 155, 'label': 'Z.K2', 'text': 'Aber die subjektive Betrachtung ist in der Medizin sehr notwendig'}]"
276,2355,2,Auch Rochter muessen auf Grundlage des Gesetzes entscheiden. Doch die menschliche Emphatie ist wichtig. ,['Z.P1-1'],JURAI,"[['Greeting_Message'], ['Z.K2'], ['intro_32', 'Z.K2', 'intro_2', 'Z.K2-1'], ['CONSENT', 'Z.K2'], ['Z.P1-1']]","[1568, 1570, 1571, 1587, 1604, 1610, 1626, 1661, 1669, 1670, 1675, 1683, 1714, 1715, 1736, 1747, 1778, 1783, 1785, 1786, 1796, 1803, 1808, 1825, 1826, 4599, 4600, 4601, 4602, 4603, 4604, 4605, 4606, 4607, 4608, 4609, 4610, 4611, 4612, 4613, 4614, 4615, 4616, 4617, 4618, 4619, 4620]",971,9138,89.3740424600569,47,47,0.043260350109399326,"[{'id': 1, 'label': 'Z.P1-1-1', 'text': 'werden dann Krankenpfleger besser bezahlt?'}, {'id': 2, 'label': 'Z.P3', 'text': 'Das Wissen einer KI kann eine deutlich hoehere Menge erreichen, als das Wissen eines Menschen. '}, {'id': 3, 'label': 'Z.P3', 'text': 'Eine KI kann mehr Wissen als ein Mensch'}, {'id': 5, 'label': 'Z.P4-1', 'text': 'Aber ist es realistisch, dass das Gesundheitssystem besser finanziert wird bevor eine medKI in der Lage ist fundierte Entscheidungen zu treffen?'}, {'id': 8, 'label': 'Z.P1', 'text': 'Der Trend geht ohnehin weg von kleinen Landarztpraxen und hin zu medizinischen Versorgungszentren'}, {'id': 12, 'label': 'Z.P4', 'text': 'Die MedKI kann unterstuetzen, den Mangel an Aerzten entgegenzuwirken. Durch den demographischen Wandel wird es mehr kranke und alte Menschen geben. Dadurch brauchen wir mehr Aerzte'}, {'id': 24, 'label': 'Z.P1', 'text': 'Aerzte sind doch auch Rund um die Uhr erreichbar?! Dafuer werden Sie auch dementsprechend bezahlt. Auf dem Land natuerlich nicht, aber eine KI koennte auch nicht ohne Beaufsichtigung das Krankenhaus leiten'}, {'id': 25, 'label': 'Z.P3-1', 'text': ' Allerdings werden die KIs von Menschen programmiert. Insofern ist die Fehlerquote mindestens genauso hoch.'}, {'id': 83, 'label': 'Z.P4-1', 'text': 'Dann sollen die Unis mehr Medizin Plaetze anbieten dann gibt es mehr Aerzte '}, {'id': 100, 'label': 'Z.P1', 'text': 'Mit medKI gibt es immerhin genug Aerztinnen, die jetzt fehlen?'}]"
277,2358,2,"Ein Nachteil waere, dass der Angeklagte keine Privatsphaere mehr haette",['Z.K15'],JURAI,"[['Greeting_Message'], ['Z.K2'], ['intro_32', 'Z.K2', 'intro_2', 'Z.K2-1'], ['CONSENT', 'Z.K2'], ['Z.P1-1'], ['Z.P1-1'], ['Z.K6'], ['Z.P1'], ['intro_27', 'Z.P1-2', 'intro_54', 'z_trans_1', 'Z.P1'], ['FAQ.G1'], ['Z.K5']]","[1798, 1815, 6024, 6025, 6026, 6027, 6028, 6029, 6030, 6031, 6032, 6033, 6034, 6035, 6036, 6037, 6038, 6039, 6040, 6041, 6042, 6043, 6044, 6045, 6046, 6047, 6048, 6049, 6050, 6051, 6052, 6053, 6054, 6055, 6056, 6057, 6058, 6059, 6060]",784,9138,91.42044210987088,39,39,0.045477005641389845,"[{'id': 11, 'label': 'Z.K7', 'text': 'Ein Menscv kann interagieren und auf andere Menschen eingehen. Wie man an dir merkt, kann da KI nicht'}, {'id': 20, 'label': 'Z.K7', 'text': 'Um Patienten richtig behandeln zu koennen, muss der Arzt wichtige Entscheidungen treffen, welche womoeglich ueber Leben und Tod entscheiden. Dazu ist nur ein Mensch in der Lage, welcher sich in die Lage des Patienten versetzen kann.'}, {'id': 30, 'label': 'Z.K7', 'text': 'Sie kann zwar lernen weiss aber nicht das fehl Entscheidungen auch eine emotionale Erfahrung mit sich bringen welche wichtig sind fuer die Ethik eines Mediziners und Grundlegend zur Entwichlung eines guten Artztes '}, {'id': 50, 'label': 'Z.K7', 'text': 'Keine Empathie '}, {'id': 54, 'label': 'Z.K8', 'text': 'Hohe Kosten '}, {'id': 55, 'label': 'Z.K8', 'text': 'Zu teure technologie'}, {'id': 58, 'label': 'Z.K8', 'text': 'Hohe Energiekosten'}, {'id': 62, 'label': 'Z.K8', 'text': 'Teure Wartung '}, {'id': 79, 'label': 'Z.K5', 'text': 'Uebermittlung der Diagnose '}, {'id': 80, 'label': 'Z.K5-1', 'text': 'Die Vermittlung der Diagnose sollte durch einen Menschen stattfinden.'}]"
278,2366,2,Gesetze sind teils auslegungssache und bieten Interpretationsspielraum,['Z.P1-2'],JURAI,"[['Greeting_Message'], ['Z.P1-1'], ['Z.P1-1']]","[1674, 1737, 1738, 1743, 1745, 1780, 1804, 1806, 4621, 4622, 4623, 4624, 4625, 4626, 4627, 4628, 4629, 4630, 4631, 4632, 4633, 4634, 4635, 4636, 4637, 4638, 4639, 4640, 4641, 4642, 4643, 4644, 4645, 4646, 4647]",971,9138,89.3740424600569,35,35,0.03221515433678673,"[{'id': 1, 'label': 'Z.P1-1-1', 'text': 'werden dann Krankenpfleger besser bezahlt?'}, {'id': 2, 'label': 'Z.P3', 'text': 'Das Wissen einer KI kann eine deutlich hoehere Menge erreichen, als das Wissen eines Menschen. '}, {'id': 3, 'label': 'Z.P3', 'text': 'Eine KI kann mehr Wissen als ein Mensch'}, {'id': 5, 'label': 'Z.P4-1', 'text': 'Aber ist es realistisch, dass das Gesundheitssystem besser finanziert wird bevor eine medKI in der Lage ist fundierte Entscheidungen zu treffen?'}, {'id': 8, 'label': 'Z.P1', 'text': 'Der Trend geht ohnehin weg von kleinen Landarztpraxen und hin zu medizinischen Versorgungszentren'}, {'id': 12, 'label': 'Z.P4', 'text': 'Die MedKI kann unterstuetzen, den Mangel an Aerzten entgegenzuwirken. Durch den demographischen Wandel wird es mehr kranke und alte Menschen geben. Dadurch brauchen wir mehr Aerzte'}, {'id': 24, 'label': 'Z.P1', 'text': 'Aerzte sind doch auch Rund um die Uhr erreichbar?! Dafuer werden Sie auch dementsprechend bezahlt. Auf dem Land natuerlich nicht, aber eine KI koennte auch nicht ohne Beaufsichtigung das Krankenhaus leiten'}, {'id': 25, 'label': 'Z.P3-1', 'text': ' Allerdings werden die KIs von Menschen programmiert. Insofern ist die Fehlerquote mindestens genauso hoch.'}, {'id': 83, 'label': 'Z.P4-1', 'text': 'Dann sollen die Unis mehr Medizin Plaetze anbieten dann gibt es mehr Aerzte '}, {'id': 100, 'label': 'Z.P1', 'text': 'Mit medKI gibt es immerhin genug Aerztinnen, die jetzt fehlen?'}]"
279,2379,2,"Was, wenn eben jene Sicherheitsstandarts nicht aisreichend sind? Gerade im Zuge der Entwicklung von Quantencomputern werden wir vor sehr grosse Sicherheitsprobleme gestellt",['Z.K14'],JURAI,"[['Greeting_Message'], ['Z.K6-1-1'], ['intro_26', 'Z.K6-1-1', 'intro_55', 'Z.K6-1-1-1'], ['DISSENT'], ['OTHER'], ['Z.K6'], ['Z.K6'], ['DISSENT'], ['OTHER'], ['Z.K14'], ['intro_28', 'Z.K14', 'intro_57', 'Z.K14-1']]","[1612, 1624, 1682, 1695, 1739, 1740, 1751, 1787, 1813, 1814, 1828, 1829, 6083, 6084, 6085, 6086, 6087, 6088, 6089, 6090, 6091, 6092, 6093, 6094, 6095, 6096, 6097, 6098, 6099, 6100, 6101, 6102, 6103, 6104]",138,9138,98.4898227183191,34,34,0.24265608495817753,"[{'id': 56, 'label': 'Z.K14', 'text': 'Arbeitslosigkeit des medizinischen Personals'}, {'id': 57, 'label': 'Z.K14', 'text': 'Personal verliert Job '}, {'id': 65, 'label': 'Z.K14', 'text': 'Dies waere aber nur bei groesseren Notfaellen von Bedeutung, zumahl extrem viele Arbeitsplaetze verloren gehen wuerden'}, {'id': 68, 'label': 'Z.K14', 'text': 'Das wuerde allerdings einen Aerzteueberschuss und tu hoher Arbeitslosigkeit fuehren, sowie den Verlust tausender Studienplaetze'}, {'id': 69, 'label': 'Z.K14', 'text': 'Arbeitslosigkeit waere eine folge'}, {'id': 82, 'label': 'Z.K14', 'text': 'Und Arbeitsplaetze gehen verloren und Menschen muessen sich langweilen und muessen einen Job machen der ihnen keinen Spass macht.'}, {'id': 157, 'label': 'Z.K14', 'text': 'Sie nehmen stellen weg '}, {'id': 173, 'label': 'Z.K14', 'text': 'Allerdings finde ich auch, dass Aerzte nicht umsonst studiert haben sollten um dann von Maschinen abgeloest zu werden '}, {'id': 174, 'label': 'Z.K14', 'text': 'Maschinen sollten ausgebildeten Aerzten nicht die Arbeitsplaetze wegnehmen '}, {'id': 192, 'label': 'Z.K14', 'text': 'Aber wuerden Aerzte dann komplett abgeschafft werden?'}]"
280,2394,2,Cyberkriminalitaet kann hier aber zu falscher Rechtsprechung fuehren,['Z.K14'],JURAI,"[['Greeting_Message'], ['Z.K4'], ['intro_23', 'Z.K4', 'intro_54', 'z_trans_1', 'Z.K6-1-1-1'], ['Z.K7-2'], ['NoneOfTheAbove'], ['Z.P1-1'], ['Z.K11'], ['DISSENT', 'Z.P1-1'], ['intro_32', 'Z.P1-1', 'intro_1', 'Z.P1-1-1'], ['Z.K11'], ['NoneOfTheAbove'], ['Z.K14'], ['intro_28', 'Z.K14', 'intro_57', 'Z.K14-1']]","[1612, 1624, 1682, 1695, 1739, 1740, 1751, 1787, 1813, 1814, 1828, 1829, 6083, 6084, 6085, 6086, 6087, 6088, 6089, 6090, 6091, 6092, 6093, 6094, 6095, 6096, 6097, 6098, 6099, 6100, 6101, 6102, 6103, 6104]",138,9138,98.4898227183191,34,34,0.24265608495817753,"[{'id': 56, 'label': 'Z.K14', 'text': 'Arbeitslosigkeit des medizinischen Personals'}, {'id': 57, 'label': 'Z.K14', 'text': 'Personal verliert Job '}, {'id': 65, 'label': 'Z.K14', 'text': 'Dies waere aber nur bei groesseren Notfaellen von Bedeutung, zumahl extrem viele Arbeitsplaetze verloren gehen wuerden'}, {'id': 68, 'label': 'Z.K14', 'text': 'Das wuerde allerdings einen Aerzteueberschuss und tu hoher Arbeitslosigkeit fuehren, sowie den Verlust tausender Studienplaetze'}, {'id': 69, 'label': 'Z.K14', 'text': 'Arbeitslosigkeit waere eine folge'}, {'id': 82, 'label': 'Z.K14', 'text': 'Und Arbeitsplaetze gehen verloren und Menschen muessen sich langweilen und muessen einen Job machen der ihnen keinen Spass macht.'}, {'id': 157, 'label': 'Z.K14', 'text': 'Sie nehmen stellen weg '}, {'id': 173, 'label': 'Z.K14', 'text': 'Allerdings finde ich auch, dass Aerzte nicht umsonst studiert haben sollten um dann von Maschinen abgeloest zu werden '}, {'id': 174, 'label': 'Z.K14', 'text': 'Maschinen sollten ausgebildeten Aerzten nicht die Arbeitsplaetze wegnehmen '}, {'id': 192, 'label': 'Z.K14', 'text': 'Aber wuerden Aerzte dann komplett abgeschafft werden?'}]"
281,2395,2,Subjektivitaet wird durch das Studium ausgeraeumt zudem ist eine Richterliche Subjektivitaet in bestimmten Umfang gewaehrleistet,['Z.P1-1-1'],JURAI,"[['Greeting_Message'], ['Z.K4'], ['intro_23', 'Z.K4', 'intro_54', 'z_trans_1', 'Z.K6-1-1-1'], ['Z.K7-2'], ['NoneOfTheAbove'], ['Z.P1-1'], ['Z.K11'], ['DISSENT', 'Z.P1-1'], ['intro_32', 'Z.P1-1', 'intro_1', 'Z.P1-1-1'], ['Z.K11'], ['NoneOfTheAbove'], ['Z.K14'], ['intro_28', 'Z.K14', 'intro_57', 'Z.K14-1'], ['Z.K14'], ['intro_27', 'Z.K14', 'intro_57', 'z_trans_12', 'Z.P1']]","[1605, 1754, 1756, 1830, 4648, 4649, 4650, 4651, 4652, 4653, 4654, 4655, 4656, 4657, 4658, 4659, 4660, 4661, 4662, 4663, 4664, 4665, 4666, 4667, 4668, 4669, 4670, 4671, 4672, 4673, 4674]",1109,9138,87.86386517837602,31,31,0.02456068368376606,"[{'id': 1, 'label': 'Z.P1-1-1', 'text': 'werden dann Krankenpfleger besser bezahlt?'}, {'id': 2, 'label': 'Z.P3', 'text': 'Das Wissen einer KI kann eine deutlich hoehere Menge erreichen, als das Wissen eines Menschen. '}, {'id': 3, 'label': 'Z.P3', 'text': 'Eine KI kann mehr Wissen als ein Mensch'}, {'id': 5, 'label': 'Z.P4-1', 'text': 'Aber ist es realistisch, dass das Gesundheitssystem besser finanziert wird bevor eine medKI in der Lage ist fundierte Entscheidungen zu treffen?'}, {'id': 8, 'label': 'Z.P1', 'text': 'Der Trend geht ohnehin weg von kleinen Landarztpraxen und hin zu medizinischen Versorgungszentren'}, {'id': 12, 'label': 'Z.P4', 'text': 'Die MedKI kann unterstuetzen, den Mangel an Aerzten entgegenzuwirken. Durch den demographischen Wandel wird es mehr kranke und alte Menschen geben. Dadurch brauchen wir mehr Aerzte'}, {'id': 24, 'label': 'Z.P1', 'text': 'Aerzte sind doch auch Rund um die Uhr erreichbar?! Dafuer werden Sie auch dementsprechend bezahlt. Auf dem Land natuerlich nicht, aber eine KI koennte auch nicht ohne Beaufsichtigung das Krankenhaus leiten'}, {'id': 25, 'label': 'Z.P3-1', 'text': ' Allerdings werden die KIs von Menschen programmiert. Insofern ist die Fehlerquote mindestens genauso hoch.'}, {'id': 56, 'label': 'Z.K14', 'text': 'Arbeitslosigkeit des medizinischen Personals'}, {'id': 57, 'label': 'Z.K14', 'text': 'Personal verliert Job '}]"
282,2396,2,"Das eine Entscheidung begruendet werden kann, kann zu haerteren Entscheidungen insb. In Haertefaellen fuehren.",['Z.K2'],JURAI,"[['Greeting_Message'], ['Z.K4'], ['intro_23', 'Z.K4', 'intro_54', 'z_trans_1', 'Z.K6-1-1-1'], ['Z.K7-2'], ['NoneOfTheAbove'], ['Z.P1-1'], ['Z.K11'], ['DISSENT', 'Z.P1-1'], ['intro_32', 'Z.P1-1', 'intro_1', 'Z.P1-1-1'], ['Z.K11'], ['NoneOfTheAbove'], ['Z.K14'], ['intro_28', 'Z.K14', 'intro_57', 'Z.K14-1'], ['Z.K14'], ['intro_27', 'Z.K14', 'intro_57', 'z_trans_12', 'Z.P1'], ['Z.P1-1-1'], ['intro_32', 'Z.K11', 'intro_5', 'z_trans_1', 'Z.K2-1']]","[1672, 1677, 1680, 1706, 1746, 1750, 1770, 1794, 1795, 1831, 5354, 5355, 5356, 5357, 5358, 5359, 5360, 5361, 5362, 5363, 5364, 5365, 5366, 5367, 5368, 5369, 5370, 5371, 5372, 5373, 5374, 5375, 5376, 5377, 5378, 5379, 5380, 5381, 5382, 5383, 5384]",1044,9138,88.57518056467498,41,41,0.03478527206083979,"[{'id': 9, 'label': 'Z.K2', 'text': 'Andererseits hat sie ein sehr begrenztes Repertoire, denn anders als ein Mensch kommt MedKI nicht ueber ihre standardisierten Handlungsweisen hinaus'}, {'id': 52, 'label': 'Z.K2', 'text': 'Zu viele Krankheiten moeglich'}, {'id': 61, 'label': 'Z.K9', 'text': 'Hacker'}, {'id': 71, 'label': 'Z.K2', 'text': 'Eine KI handelt immer nach der theoretisch besten Loesung, allerdings ist diese nicht immer moralisch Vertretbar '}, {'id': 101, 'label': 'Z.K2', 'text': 'Mir ist bewusst das ein MedKi nicht alle Lebensumstaende der Patientinnen in die Untersuchung mit einbeziehen'}, {'id': 113, 'label': 'Z.K3-1', 'text': 'Patientinnen sollten waehlen koennen zwischen KI und realen Personen '}, {'id': 150, 'label': 'Z.K2', 'text': 'Da die Med-KI keine individuellen Diagnosen stellen kann, sondern anhand von Lehrbuchangaben agiert und das Verhalten und die Aussagen der patient*innen nur objektiv betrachtet'}, {'id': 151, 'label': 'Z.K2', 'text': 'Diagnosen werden nur objektiv gestellt'}, {'id': 152, 'label': 'Z.K2', 'text': 'Aber trotzdem ist besonders im medizinischen Bereich eine genaue Betrachtung des Patienten notwendig ist'}, {'id': 155, 'label': 'Z.K2', 'text': 'Aber die subjektive Betrachtung ist in der Medizin sehr notwendig'}]"
283,2398,2,"Aber eine ki lernt zwar dazu aber reicht das, was ist wenn sie falsch lernt? ",['Z.K6-1-1'],JURAI,"[['Greeting_Message'], ['Z.K4'], ['intro_23', 'Z.K4', 'intro_54', 'z_trans_1', 'Z.K6-1-1-1'], ['Z.K7-2'], ['NoneOfTheAbove'], ['Z.P1-1'], ['Z.K11'], ['DISSENT', 'Z.P1-1'], ['intro_32', 'Z.P1-1', 'intro_1', 'Z.P1-1-1'], ['Z.K11'], ['NoneOfTheAbove'], ['Z.K14'], ['intro_28', 'Z.K14', 'intro_57', 'Z.K14-1'], ['Z.K14'], ['intro_27', 'Z.K14', 'intro_57', 'z_trans_12', 'Z.P1'], ['Z.P1-1-1'], ['intro_32', 'Z.K11', 'intro_5', 'z_trans_1', 'Z.K2-1'], ['Z.K2'], ['Z.K2'], ['OTHER'], ['intro_26', 'Z.K6', 'intro_55', 'Z.K6-1']]","[1581, 1589, 1705, 1772, 1775, 1810, 1811, 1832, 5160, 5161, 5162, 5163, 5164, 5165, 5166, 5167, 5168, 5169, 5170, 5171, 5172, 5173, 5174, 5175, 5176, 5177, 5178, 5179, 5180, 5181]",683,9138,92.52571678704311,30,30,0.04064087120953578,"[{'id': 6, 'label': 'Z.K6', 'text': 'Medizin ist ein aeusserst komplexes Tehemengebiet. Die Behandlung von Patienten erfordert Erfahrung und ist aeusserst Vielschichtig'}, {'id': 10, 'label': 'Z.K6', 'text': 'Nein, ich bezihe mich nicht auf Fehler, sondern auf eine begrenzte, eindimensionale Handlungsfaehigkeit '}, {'id': 23, 'label': 'Z.K10', 'text': 'Das aendert jedoch nichts daran, dass viele Patienten sich nicht von einer KI behandeln lassen wollen.'}, {'id': 51, 'label': 'Z.K10', 'text': 'Zu viel Wissen kann Menschen Angst machen '}, {'id': 53, 'label': 'Z.K4', 'text': 'Systemfehler'}, {'id': 105, 'label': 'Z.K10', 'text': 'Patientinnen fuehlen sich nicht sicher mit KI'}, {'id': 111, 'label': 'Z.K6', 'text': 'Ueber Neueste Diagnostik und Therapie verfuegen Aerztinnen in der Regel auch '}, {'id': 118, 'label': 'Z.K10-2', 'text': 'Noch. Wenn unsere Generation alt ist, wird sich das geaendert haben.'}, {'id': 132, 'label': 'Z.K10', 'text': 'Ich denke, vor allem junge Patienten werden grosse Angst vor dir haben'}, {'id': 169, 'label': 'Z.K6', 'text': 'Maschinen koennen nicht die Qualitaet erbringen, welche Aerzte leisten '}]"
284,2401,1,"Das stimmt, aber dennoch sollen alle Menschen gleich vor dem Gericht sein, daher auch der Richter alle gleich behandeln",['Z.P3'],JURAI,"[['Greeting_Message'], ['Z.P1'], ['intro_27', 'Z.P1', 'intro_47', 'Z.P1-2']]","[1529, 1533, 1563, 1577, 1583, 1617, 1773, 1835, 1853, 1855, 4675, 4676, 4677, 4678, 4679, 4680, 4681, 4682, 4683, 4684, 4685, 4686, 4687, 4688, 4689, 4690, 4691, 4692, 4693, 4694, 4695, 4696, 4697, 4698, 4699, 4700, 4701]",971,9138,89.3740424600569,37,37,0.03405602029888883,"[{'id': 1, 'label': 'Z.P1-1-1', 'text': 'werden dann Krankenpfleger besser bezahlt?'}, {'id': 2, 'label': 'Z.P3', 'text': 'Das Wissen einer KI kann eine deutlich hoehere Menge erreichen, als das Wissen eines Menschen. '}, {'id': 3, 'label': 'Z.P3', 'text': 'Eine KI kann mehr Wissen als ein Mensch'}, {'id': 5, 'label': 'Z.P4-1', 'text': 'Aber ist es realistisch, dass das Gesundheitssystem besser finanziert wird bevor eine medKI in der Lage ist fundierte Entscheidungen zu treffen?'}, {'id': 8, 'label': 'Z.P1', 'text': 'Der Trend geht ohnehin weg von kleinen Landarztpraxen und hin zu medizinischen Versorgungszentren'}, {'id': 12, 'label': 'Z.P4', 'text': 'Die MedKI kann unterstuetzen, den Mangel an Aerzten entgegenzuwirken. Durch den demographischen Wandel wird es mehr kranke und alte Menschen geben. Dadurch brauchen wir mehr Aerzte'}, {'id': 24, 'label': 'Z.P1', 'text': 'Aerzte sind doch auch Rund um die Uhr erreichbar?! Dafuer werden Sie auch dementsprechend bezahlt. Auf dem Land natuerlich nicht, aber eine KI koennte auch nicht ohne Beaufsichtigung das Krankenhaus leiten'}, {'id': 25, 'label': 'Z.P3-1', 'text': ' Allerdings werden die KIs von Menschen programmiert. Insofern ist die Fehlerquote mindestens genauso hoch.'}, {'id': 83, 'label': 'Z.P4-1', 'text': 'Dann sollen die Unis mehr Medizin Plaetze anbieten dann gibt es mehr Aerzte '}, {'id': 100, 'label': 'Z.P1', 'text': 'Mit medKI gibt es immerhin genug Aerztinnen, die jetzt fehlen?'}]"
285,2404,1,Ja weil die KI das dann begruenden kann,['Z.K2-1'],JURAI,"[['Greeting_Message'], ['Z.P1'], ['intro_27', 'Z.P1', 'intro_47', 'Z.P1-2'], ['Z.P3'], ['Z.P3'], ['Z.P2'], ['intro_23', 'Z.P2', 'intro_49', 'Z.P2-2'], ['Z.P4'], ['Z.K2-1']]","[1791, 1838, 5385, 5386, 5387, 5388, 5389, 5390, 5391, 5392, 5393, 5394, 5395, 5396, 5397, 5398, 5399, 5400, 5401, 5402, 5403, 5404, 5405, 5406, 5407, 5408, 5409, 5410, 5411]",1044,9138,88.57518056467498,29,29,0.024604216823520826,"[{'id': 9, 'label': 'Z.K2', 'text': 'Andererseits hat sie ein sehr begrenztes Repertoire, denn anders als ein Mensch kommt MedKI nicht ueber ihre standardisierten Handlungsweisen hinaus'}, {'id': 52, 'label': 'Z.K2', 'text': 'Zu viele Krankheiten moeglich'}, {'id': 61, 'label': 'Z.K9', 'text': 'Hacker'}, {'id': 71, 'label': 'Z.K2', 'text': 'Eine KI handelt immer nach der theoretisch besten Loesung, allerdings ist diese nicht immer moralisch Vertretbar '}, {'id': 101, 'label': 'Z.K2', 'text': 'Mir ist bewusst das ein MedKi nicht alle Lebensumstaende der Patientinnen in die Untersuchung mit einbeziehen'}, {'id': 113, 'label': 'Z.K3-1', 'text': 'Patientinnen sollten waehlen koennen zwischen KI und realen Personen '}, {'id': 150, 'label': 'Z.K2', 'text': 'Da die Med-KI keine individuellen Diagnosen stellen kann, sondern anhand von Lehrbuchangaben agiert und das Verhalten und die Aussagen der patient*innen nur objektiv betrachtet'}, {'id': 151, 'label': 'Z.K2', 'text': 'Diagnosen werden nur objektiv gestellt'}, {'id': 152, 'label': 'Z.K2', 'text': 'Aber trotzdem ist besonders im medizinischen Bereich eine genaue Betrachtung des Patienten notwendig ist'}, {'id': 155, 'label': 'Z.K2', 'text': 'Aber die subjektive Betrachtung ist in der Medizin sehr notwendig'}]"
286,2422,1,Aber ist das nicht unfair wenn jeder Fall zu einer Einzelfall-Entscheidung wird? Das Regelwerk in der Justiz ist einheitlich und sollte daher auch einheitlich angewendet werden.,['Z.P3'],JURAI,"[['Greeting_Message'], ['Z.P2'], ['Z.K2-1'], ['Z.P1'], ['intro_23', 'Z.P1', 'intro_50', 'Z.P1-2']]","[1529, 1533, 1563, 1577, 1583, 1617, 1773, 1835, 1853, 1855, 4675, 4676, 4677, 4678, 4679, 4680, 4681, 4682, 4683, 4684, 4685, 4686, 4687, 4688, 4689, 4690, 4691, 4692, 4693, 4694, 4695, 4696, 4697, 4698, 4699, 4700, 4701]",971,9138,89.3740424600569,37,37,0.03405602029888883,"[{'id': 1, 'label': 'Z.P1-1-1', 'text': 'werden dann Krankenpfleger besser bezahlt?'}, {'id': 2, 'label': 'Z.P3', 'text': 'Das Wissen einer KI kann eine deutlich hoehere Menge erreichen, als das Wissen eines Menschen. '}, {'id': 3, 'label': 'Z.P3', 'text': 'Eine KI kann mehr Wissen als ein Mensch'}, {'id': 5, 'label': 'Z.P4-1', 'text': 'Aber ist es realistisch, dass das Gesundheitssystem besser finanziert wird bevor eine medKI in der Lage ist fundierte Entscheidungen zu treffen?'}, {'id': 8, 'label': 'Z.P1', 'text': 'Der Trend geht ohnehin weg von kleinen Landarztpraxen und hin zu medizinischen Versorgungszentren'}, {'id': 12, 'label': 'Z.P4', 'text': 'Die MedKI kann unterstuetzen, den Mangel an Aerzten entgegenzuwirken. Durch den demographischen Wandel wird es mehr kranke und alte Menschen geben. Dadurch brauchen wir mehr Aerzte'}, {'id': 24, 'label': 'Z.P1', 'text': 'Aerzte sind doch auch Rund um die Uhr erreichbar?! Dafuer werden Sie auch dementsprechend bezahlt. Auf dem Land natuerlich nicht, aber eine KI koennte auch nicht ohne Beaufsichtigung das Krankenhaus leiten'}, {'id': 25, 'label': 'Z.P3-1', 'text': ' Allerdings werden die KIs von Menschen programmiert. Insofern ist die Fehlerquote mindestens genauso hoch.'}, {'id': 83, 'label': 'Z.P4-1', 'text': 'Dann sollen die Unis mehr Medizin Plaetze anbieten dann gibt es mehr Aerzte '}, {'id': 100, 'label': 'Z.P1', 'text': 'Mit medKI gibt es immerhin genug Aerztinnen, die jetzt fehlen?'}]"
287,2429,1,Dann muss natuerlich erst noch eine Loesung fuer irracionale Fahrverhalten gefunden werden.,['Z.P8-1'],AUTOAI,"[['Greeting_Message'], ['Z.C5-3'], ['intro_61'], ['Z.P11'], ['intro_3', 'z_trans_2', 'Z.P8-1']]","[1860, 1963, 1968, 1969, 1989, 2290, 2334, 2352, 2357, 2372, 2407, 2430, 2431, 2451, 2456, 2602, 2679, 2710, 7426, 7427, 7428, 7429, 7430, 7431, 7432, 7433, 7434, 7435, 7436, 7437, 7438, 7439, 7440, 7441, 7442, 7443, 7444, 7445, 7446, 7447, 7448, 7449, 7450, 7451, 7452]",1819,9138,80.09411249726416,45,45,0.019814376373704715,"[{'id': 2, 'label': 'Z.P3', 'text': 'Das Wissen einer KI kann eine deutlich hoehere Menge erreichen, als das Wissen eines Menschen. '}, {'id': 3, 'label': 'Z.P3', 'text': 'Eine KI kann mehr Wissen als ein Mensch'}, {'id': 8, 'label': 'Z.P1', 'text': 'Der Trend geht ohnehin weg von kleinen Landarztpraxen und hin zu medizinischen Versorgungszentren'}, {'id': 24, 'label': 'Z.P1', 'text': 'Aerzte sind doch auch Rund um die Uhr erreichbar?! Dafuer werden Sie auch dementsprechend bezahlt. Auf dem Land natuerlich nicht, aber eine KI koennte auch nicht ohne Beaufsichtigung das Krankenhaus leiten'}, {'id': 85, 'label': 'Z.P2', 'text': 'KI sind objektiv '}, {'id': 86, 'label': 'Z.P2', 'text': 'KI sind nicht bestechbar'}, {'id': 100, 'label': 'Z.P1', 'text': 'Mit medKI gibt es immerhin genug Aerztinnen, die jetzt fehlen?'}, {'id': 103, 'label': 'Z.P1-1', 'text': 'Personal wird dann trotzdem benoetigt '}, {'id': 137, 'label': 'Z.P1', 'text': 'In vielen Medizinischen Bereichen herrscht ein grosser Personalmangel. Gerade bei einfachen Diagnosen kann es dann sinnvoll sein, dass diese eine KI uebernimmt'}, {'id': 138, 'label': 'Z.P1', 'text': 'Das ist zwar nicht ganz das was ich meinte aber auch ein guter Punkt. Ich wollte eher auf die Entlastung des Personals abzielen und eine Verschnoerkelung des diagnostischen Prozesses, sowie verkuerzte Wartezeiten.'}]"
288,2432,1,"Dann sollten wir keine menschliche Fahrer oder keinen inneffizienten Personenverkehr per Auto haben, sondern optimierte Strecken selbstfahrender oeffentlichen Verkehrsmittel",['Z.P8-1-2'],AUTOAI,"[['Greeting_Message'], ['Z.C3-2'], ['intro_61'], ['DISSENT'], ['intro_2', 'z_trans_2', 'Z.P8-1']]","[1862, 1875, 1876, 1900, 1901, 1921, 1928, 1929, 1950, 1953, 1954, 1997, 2082, 2128, 2129, 2174, 2175, 2216, 2217, 2224, 2239, 2240, 2302, 2303, 2343, 2408, 2409, 2416, 2417, 2437, 2464, 2476, 2477, 2555, 2621, 2628, 2731, 7480, 7481, 7482, 7483, 7484, 7485, 7486, 7487, 7488, 7489, 7490, 7491, 7492, 7493, 7494, 7495, 7496, 7497, 7498, 7499, 7500, 7501, 7502, 7503, 7504, 7505]",1819,9138,80.09411249726416,63,63,0.0277401269231866,"[{'id': 2, 'label': 'Z.P3', 'text': 'Das Wissen einer KI kann eine deutlich hoehere Menge erreichen, als das Wissen eines Menschen. '}, {'id': 3, 'label': 'Z.P3', 'text': 'Eine KI kann mehr Wissen als ein Mensch'}, {'id': 8, 'label': 'Z.P1', 'text': 'Der Trend geht ohnehin weg von kleinen Landarztpraxen und hin zu medizinischen Versorgungszentren'}, {'id': 24, 'label': 'Z.P1', 'text': 'Aerzte sind doch auch Rund um die Uhr erreichbar?! Dafuer werden Sie auch dementsprechend bezahlt. Auf dem Land natuerlich nicht, aber eine KI koennte auch nicht ohne Beaufsichtigung das Krankenhaus leiten'}, {'id': 85, 'label': 'Z.P2', 'text': 'KI sind objektiv '}, {'id': 86, 'label': 'Z.P2', 'text': 'KI sind nicht bestechbar'}, {'id': 100, 'label': 'Z.P1', 'text': 'Mit medKI gibt es immerhin genug Aerztinnen, die jetzt fehlen?'}, {'id': 103, 'label': 'Z.P1-1', 'text': 'Personal wird dann trotzdem benoetigt '}, {'id': 137, 'label': 'Z.P1', 'text': 'In vielen Medizinischen Bereichen herrscht ein grosser Personalmangel. Gerade bei einfachen Diagnosen kann es dann sinnvoll sein, dass diese eine KI uebernimmt'}, {'id': 138, 'label': 'Z.P1', 'text': 'Das ist zwar nicht ganz das was ich meinte aber auch ein guter Punkt. Ich wollte eher auf die Entlastung des Personals abzielen und eine Verschnoerkelung des diagnostischen Prozesses, sowie verkuerzte Wartezeiten.'}]"
289,2434,1,"Die aussage ist falsch, Menschen lieben es nicht selber Entscheidungen zu erabeiten, zur diese zu treffen, wir haben Algorithmen die uns sagen was fuer Buecher wir gerne lesen wuerden, wir moegen nur die Entscheidung treffen aus der erarbeiteten Auswahl",['Z.C5'],AUTOAI,"[['Greeting_Message'], ['Z.C3-2'], ['intro_61'], ['DISSENT'], ['intro_2', 'z_trans_2', 'Z.P8-1'], ['Z.P8-1-2'], ['intro_62'], ['CONSENT'], ['intro_2', 'z_trans_12', 'Z.C5']]","[1863, 1922, 2180, 2355, 2356, 2371, 2418, 7192, 7193, 7194, 7195, 7196, 7197, 7198, 7199, 7200, 7201, 7202, 7203, 7204, 7205, 7206, 7207, 7208, 7209, 7210, 7211, 7212, 7213, 7214, 7215, 7216, 7217, 7218]",442,9138,95.163055373167,34,34,0.07320235028705153,"[{'id': 1858, 'label': 'Z.C5-3', 'text': ""Solange die Ki signifikant besser Auto fahren kann als die durchschnittliche Person, kann gerechtfertigt werden dass KI's zugelassen werden. Die absolute Zahl der unfaelle sollte dann, statistisch gesehen runtergehen.""}, {'id': 1863, 'label': 'Z.C5', 'text': 'Die aussage ist falsch, Menschen lieben es nicht selber Entscheidungen zu erabeiten, zur diese zu treffen, wir haben Algorithmen die uns sagen was fuer Buecher wir gerne lesen wuerden, wir moegen nur die Entscheidung treffen aus der erarbeiteten Auswahl'}, {'id': 1877, 'label': 'Z.C5-3', 'text': 'viele neue technologien werden zunaechst von der gesellschaft angelehnt, etablieren sich jedoch mit dem wandel der gesellschaft ueber laengere zeit'}, {'id': 1878, 'label': 'Z.C5-3', 'text': 'die gesellschaft akzeptiert neue technologien mit dem wandel der zeit'}, {'id': 1879, 'label': 'Z.C6-3-1', 'text': 'da kein eingreifen der menschen moeglich ist, muesste der programmierer der KI rechtlich fuer das handeln des KIs sein'}, {'id': 1880, 'label': 'Z.C6-3-1', 'text': 'da die menschen nicht eingreifen koennen muss der hersteller der KI verantwortung fuer das handeln der KI tragen'}, {'id': 1922, 'label': 'Z.C5', 'text': 'Es wird alles akzeptiert, wenn es funktioniert '}, {'id': 1923, 'label': 'Z.C5-3', 'text': 'Wenn das autonome Fahren ohne Unfall funktioniert, wird es auch von der Gesellschaft akzeptiert'}, {'id': 1930, 'label': 'Z.C5-2', 'text': 'Dafuer muss mehr Akzeptanz in der Gesellschaft geschaffen werden'}, {'id': 1978, 'label': 'Z.C5-1-1-1-1', 'text': 'Vollstaendig autonomes fahren ist zwar eine gute Idee auf dem Papier aber dabei fehlt eher die moeglichkeit einzugreifen'}]"
290,2442,1,"Nein, warum sollte es? Diese Aussage ist falsch, man kann anonymisiert daten ueber fahrtweg austauschen ohne gesamte fahrplaene freizugeben",['Z.C8-1'],AUTOAI,"[['Greeting_Message'], ['Z.C3-2'], ['intro_61'], ['DISSENT'], ['intro_2', 'z_trans_2', 'Z.P8-1'], ['Z.P8-1-2'], ['intro_62'], ['CONSENT'], ['intro_2', 'z_trans_12', 'Z.C5'], ['Z.C5'], ['intro_61'], ['DISSENT'], ['intro_1', 'z_trans_12', 'Z.C10'], ['OTHER'], ['intro_62'], ['OTHER'], ['intro_1', 'z_trans_2', 'Z.C2'], ['DISSENT', 'Z.P12'], ['intro_61'], ['OTHER'], ['intro_1', 'z_trans_13', 'Z.C4'], ['OTHER'], ['intro_61'], ['OTHER'], ['intro_1', 'z_trans_2', 'Z.C8']]","[1865, 1869, 1918, 1919, 1935, 1976, 1977, 2147, 2148, 2554, 2745, 2791, 8087, 8088, 8089, 8090, 8091, 8092, 8093, 8094, 8095, 8096, 8097, 8098, 8099, 8100, 8101, 8102, 8103, 8104, 8105, 8106, 8107, 8108, 8109, 8110, 8111, 8112, 8113]",329,9138,96.39964981396368,39,39,0.11427314111685663,"[{'id': 1861, 'label': 'Z.C3-2', 'text': 'Wenn ein Mensch einen Fehler macht lernt nur dieser ein Mensch und macht ihn nicht wieder. Ein autonomes Auto kann Fehler direk an alle weitergeben, sodass alle davon lernen, jeder Fehler sollte nur ein einziges mal gemacht werden '}, {'id': 1865, 'label': 'Z.C8-1', 'text': ' man kann anonymisiert daten ueber fahrtweg austauschen ohne gesamte fahrplaene freizugeben'}, {'id': 1869, 'label': 'Z.C8-1', 'text': 'Dann macht man Syteme die diese Daten nicht teilen'}, {'id': 1916, 'label': 'Z.C4-1', 'text': 'Das kann man ja aber durch eine gute firewall absichern'}, {'id': 1917, 'label': 'Z.C4-1', 'text': 'Das kann man sicher machen'}, {'id': 1918, 'label': 'Z.C8-1', 'text': 'Das kann man loesen indem keine daten gespeichert werden'}, {'id': 1919, 'label': 'Z.C8-1', 'text': 'Daten nicht speichern'}, {'id': 1933, 'label': 'Z.C3-2', 'text': 'Die Autos muessten deshalb untereinander vernetzt sein'}, {'id': 1934, 'label': 'Z.C3-2', 'text': 'Autos aller Hersteller muessten dann untereinander kommunizieren koennen'}, {'id': 1935, 'label': 'Z.C8-1', 'text': 'Dafuer gibt es Datenschutzgesetze '}]"
291,2444,1,"Autos sind ueberfluessig und autofahrer wertlos, das ist ein Plus",['Z.P2-1'],AUTOAI,"[['Greeting_Message'], ['Z.C3-2'], ['intro_61'], ['DISSENT'], ['intro_2', 'z_trans_2', 'Z.P8-1'], ['Z.P8-1-2'], ['intro_62'], ['CONSENT'], ['intro_2', 'z_trans_12', 'Z.C5'], ['Z.C5'], ['intro_61'], ['DISSENT'], ['intro_1', 'z_trans_12', 'Z.C10'], ['OTHER'], ['intro_62'], ['OTHER'], ['intro_1', 'z_trans_2', 'Z.C2'], ['DISSENT', 'Z.P12'], ['intro_61'], ['OTHER'], ['intro_1', 'z_trans_13', 'Z.C4'], ['OTHER'], ['intro_61'], ['OTHER'], ['intro_1', 'z_trans_2', 'Z.C8'], ['DISSENT', 'Z.C8-1'], ['intro_61'], ['DISSENT'], ['intro_3', 'z_trans_11', 'Z.P2-1']]","[1866, 1983, 2410, 2411, 2559, 2695, 2765, 6432, 6433, 6434, 6435, 6436, 6437, 6438, 6439, 6440, 6441, 6442, 6443, 6444, 6445, 6446, 6447, 6448, 6449, 6450, 6451, 6452, 6453, 6454, 6455, 6456, 6457, 6458]",1819,9138,80.09411249726416,34,34,0.014970862149021338,"[{'id': 2, 'label': 'Z.P3', 'text': 'Das Wissen einer KI kann eine deutlich hoehere Menge erreichen, als das Wissen eines Menschen. '}, {'id': 3, 'label': 'Z.P3', 'text': 'Eine KI kann mehr Wissen als ein Mensch'}, {'id': 8, 'label': 'Z.P1', 'text': 'Der Trend geht ohnehin weg von kleinen Landarztpraxen und hin zu medizinischen Versorgungszentren'}, {'id': 24, 'label': 'Z.P1', 'text': 'Aerzte sind doch auch Rund um die Uhr erreichbar?! Dafuer werden Sie auch dementsprechend bezahlt. Auf dem Land natuerlich nicht, aber eine KI koennte auch nicht ohne Beaufsichtigung das Krankenhaus leiten'}, {'id': 85, 'label': 'Z.P2', 'text': 'KI sind objektiv '}, {'id': 86, 'label': 'Z.P2', 'text': 'KI sind nicht bestechbar'}, {'id': 100, 'label': 'Z.P1', 'text': 'Mit medKI gibt es immerhin genug Aerztinnen, die jetzt fehlen?'}, {'id': 103, 'label': 'Z.P1-1', 'text': 'Personal wird dann trotzdem benoetigt '}, {'id': 137, 'label': 'Z.P1', 'text': 'In vielen Medizinischen Bereichen herrscht ein grosser Personalmangel. Gerade bei einfachen Diagnosen kann es dann sinnvoll sein, dass diese eine KI uebernimmt'}, {'id': 138, 'label': 'Z.P1', 'text': 'Das ist zwar nicht ganz das was ich meinte aber auch ein guter Punkt. Ich wollte eher auf die Entlastung des Personals abzielen und eine Verschnoerkelung des diagnostischen Prozesses, sowie verkuerzte Wartezeiten.'}]"
292,2454,1,Firma oder Fahrer falls gefaehrliche Befehle gegeben,['Z.C11'],AUTOAI,"[['Greeting_Message'], ['Z.C3-2'], ['intro_61'], ['DISSENT'], ['intro_2', 'z_trans_2', 'Z.P8-1'], ['Z.P8-1-2'], ['intro_62'], ['CONSENT'], ['intro_2', 'z_trans_12', 'Z.C5'], ['Z.C5'], ['intro_61'], ['DISSENT'], ['intro_1', 'z_trans_12', 'Z.C10'], ['OTHER'], ['intro_62'], ['OTHER'], ['intro_1', 'z_trans_2', 'Z.C2'], ['DISSENT', 'Z.P12'], ['intro_61'], ['OTHER'], ['intro_1', 'z_trans_13', 'Z.C4'], ['OTHER'], ['intro_61'], ['OTHER'], ['intro_1', 'z_trans_2', 'Z.C8'], ['DISSENT', 'Z.C8-1'], ['intro_61'], ['DISSENT'], ['intro_3', 'z_trans_11', 'Z.P2-1'], ['Z.P2-1'], ['intro_62'], ['DISSENT'], ['intro_1', 'z_trans_11', 'Z.C6'], ['Z.P8'], ['intro_62'], ['DISSENT'], ['intro_3', 'z_trans_2', 'Z.P11-1'], ['DISSENT'], ['intro_62'], ['OTHER'], ['intro_2', 'z_trans_11', 'Z.C7'], ['Z.P12-1-3'], ['intro_61'], ['OTHER'], ['intro_3', 'z_trans_11', 'Z.C9'], ['Z.C8-1'], ['intro_62'], ['DISSENT'], ['intro_2', 'z_trans_11', 'Z.C11']]","[1870, 1887, 1891, 1902, 1903, 1957, 1958, 1960, 1961, 1962, 2070, 2219, 2306, 2307, 2333, 2402, 2452, 2520, 2521, 2526, 2632, 2633, 2708, 2709, 8277, 8278, 8279, 8280, 8281, 8282, 8283, 8284, 8285, 8286, 8287, 8288, 8289, 8290, 8291, 8292, 8293, 8294, 8295, 8296, 8297, 8298, 8299, 8300, 8301, 8302, 8303]",370,9138,95.95097395491354,51,51,0.13225674788379976,"[{'id': 1870, 'label': 'Z.C11', 'text': 'Firma oder Fahrer falls gefaehrliche Befehle gegeben'}, {'id': 1887, 'label': 'Z.C11', 'text': 'Wer haftet bei einem Unfall?'}, {'id': 1889, 'label': 'Z.C12', 'text': '2. Argument: Keiner kann mehr Auto fahren'}, {'id': 1890, 'label': 'Z.C12', 'text': '2. Argument: Es lernt keiner mehr Auto zu fahren.'}, {'id': 1891, 'label': 'Z.C11', 'text': '3. Argument: Die Rechtslage ist unklar bei Unfaellen.'}, {'id': 1902, 'label': 'Z.C11', 'text': 'Jeder Mensch sollte trotzdem eine Fahrausbildung Besitzen und im Falle eines Unfalles haften '}, {'id': 1903, 'label': 'Z.C11', 'text': 'Der mensch sollte trotzdem haften '}, {'id': 1913, 'label': 'Z.C10-1', 'text': 'Wenn auto kis zugelassen werden, gibt es ja einen rechtsrahmen'}, {'id': 1914, 'label': 'Z.C10-1', 'text': 'Eine zulassung ist ein rechtsrahmen'}, {'id': 1924, 'label': 'Z.C10-1', 'text': 'Dann muss dieser Gesetztesrahmen kommen '}]"
293,2458,1,"Gut, bedingungsloses Grundeinkommen ist eh faellig",['Z.P1-1'],AUTOAI,"[['Greeting_Message'], ['Z.C3-2'], ['intro_61'], ['DISSENT'], ['intro_2', 'z_trans_2', 'Z.P8-1'], ['Z.P8-1-2'], ['intro_62'], ['CONSENT'], ['intro_2', 'z_trans_12', 'Z.C5'], ['Z.C5'], ['intro_61'], ['DISSENT'], ['intro_1', 'z_trans_12', 'Z.C10'], ['OTHER'], ['intro_62'], ['OTHER'], ['intro_1', 'z_trans_2', 'Z.C2'], ['DISSENT', 'Z.P12'], ['intro_61'], ['OTHER'], ['intro_1', 'z_trans_13', 'Z.C4'], ['OTHER'], ['intro_61'], ['OTHER'], ['intro_1', 'z_trans_2', 'Z.C8'], ['DISSENT', 'Z.C8-1'], ['intro_61'], ['DISSENT'], ['intro_3', 'z_trans_11', 'Z.P2-1'], ['Z.P2-1'], ['intro_62'], ['DISSENT'], ['intro_1', 'z_trans_11', 'Z.C6'], ['Z.P8'], ['intro_62'], ['DISSENT'], ['intro_3', 'z_trans_2', 'Z.P11-1'], ['DISSENT'], ['intro_62'], ['OTHER'], ['intro_2', 'z_trans_11', 'Z.C7'], ['Z.P12-1-3'], ['intro_61'], ['OTHER'], ['intro_3', 'z_trans_11', 'Z.C9'], ['Z.C8-1'], ['intro_62'], ['DISSENT'], ['intro_2', 'z_trans_11', 'Z.C11'], ['Z.C11'], ['intro_62'], ['OTHER'], ['intro_2', 'z_trans_11', 'Z.C12'], ['OTHER'], ['intro_61'], ['DISSENT'], ['intro_2', 'z_trans_13', 'Z.P1-1']]","[1871, 1893, 2466, 2670, 2725, 2752, 2753, 6378, 6379, 6380, 6381, 6382, 6383, 6384, 6385, 6386, 6387, 6388, 6389, 6390, 6391, 6392, 6393, 6394, 6395, 6396, 6397, 6398, 6399, 6400, 6401, 6402, 6403, 6404]",1819,9138,80.09411249726416,34,34,0.014970862149021338,"[{'id': 2, 'label': 'Z.P3', 'text': 'Das Wissen einer KI kann eine deutlich hoehere Menge erreichen, als das Wissen eines Menschen. '}, {'id': 3, 'label': 'Z.P3', 'text': 'Eine KI kann mehr Wissen als ein Mensch'}, {'id': 8, 'label': 'Z.P1', 'text': 'Der Trend geht ohnehin weg von kleinen Landarztpraxen und hin zu medizinischen Versorgungszentren'}, {'id': 24, 'label': 'Z.P1', 'text': 'Aerzte sind doch auch Rund um die Uhr erreichbar?! Dafuer werden Sie auch dementsprechend bezahlt. Auf dem Land natuerlich nicht, aber eine KI koennte auch nicht ohne Beaufsichtigung das Krankenhaus leiten'}, {'id': 85, 'label': 'Z.P2', 'text': 'KI sind objektiv '}, {'id': 86, 'label': 'Z.P2', 'text': 'KI sind nicht bestechbar'}, {'id': 100, 'label': 'Z.P1', 'text': 'Mit medKI gibt es immerhin genug Aerztinnen, die jetzt fehlen?'}, {'id': 103, 'label': 'Z.P1-1', 'text': 'Personal wird dann trotzdem benoetigt '}, {'id': 137, 'label': 'Z.P1', 'text': 'In vielen Medizinischen Bereichen herrscht ein grosser Personalmangel. Gerade bei einfachen Diagnosen kann es dann sinnvoll sein, dass diese eine KI uebernimmt'}, {'id': 138, 'label': 'Z.P1', 'text': 'Das ist zwar nicht ganz das was ich meinte aber auch ein guter Punkt. Ich wollte eher auf die Entlastung des Personals abzielen und eine Verschnoerkelung des diagnostischen Prozesses, sowie verkuerzte Wartezeiten.'}]"
294,2468,1,ja das stimmt aber wenn jedes auto mit der kinausgestattet ist kommen diese unfaelle nicht mehr vor,['Z.P8-1-2'],AUTOAI,"[['Greeting_Message'], ['Z.P11'], ['intro_61'], ['Z.P11'], ['intro_2', 'z_trans_12', 'Z.P8-1']]","[1862, 1875, 1876, 1900, 1901, 1921, 1928, 1929, 1950, 1953, 1954, 1997, 2082, 2128, 2129, 2174, 2175, 2216, 2217, 2224, 2239, 2240, 2302, 2303, 2343, 2408, 2409, 2416, 2417, 2437, 2464, 2476, 2477, 2555, 2621, 2628, 2731, 7480, 7481, 7482, 7483, 7484, 7485, 7486, 7487, 7488, 7489, 7490, 7491, 7492, 7493, 7494, 7495, 7496, 7497, 7498, 7499, 7500, 7501, 7502, 7503, 7504, 7505]",1819,9138,80.09411249726416,63,63,0.0277401269231866,"[{'id': 2, 'label': 'Z.P3', 'text': 'Das Wissen einer KI kann eine deutlich hoehere Menge erreichen, als das Wissen eines Menschen. '}, {'id': 3, 'label': 'Z.P3', 'text': 'Eine KI kann mehr Wissen als ein Mensch'}, {'id': 8, 'label': 'Z.P1', 'text': 'Der Trend geht ohnehin weg von kleinen Landarztpraxen und hin zu medizinischen Versorgungszentren'}, {'id': 24, 'label': 'Z.P1', 'text': 'Aerzte sind doch auch Rund um die Uhr erreichbar?! Dafuer werden Sie auch dementsprechend bezahlt. Auf dem Land natuerlich nicht, aber eine KI koennte auch nicht ohne Beaufsichtigung das Krankenhaus leiten'}, {'id': 85, 'label': 'Z.P2', 'text': 'KI sind objektiv '}, {'id': 86, 'label': 'Z.P2', 'text': 'KI sind nicht bestechbar'}, {'id': 100, 'label': 'Z.P1', 'text': 'Mit medKI gibt es immerhin genug Aerztinnen, die jetzt fehlen?'}, {'id': 103, 'label': 'Z.P1-1', 'text': 'Personal wird dann trotzdem benoetigt '}, {'id': 137, 'label': 'Z.P1', 'text': 'In vielen Medizinischen Bereichen herrscht ein grosser Personalmangel. Gerade bei einfachen Diagnosen kann es dann sinnvoll sein, dass diese eine KI uebernimmt'}, {'id': 138, 'label': 'Z.P1', 'text': 'Das ist zwar nicht ganz das was ich meinte aber auch ein guter Punkt. Ich wollte eher auf die Entlastung des Personals abzielen und eine Verschnoerkelung des diagnostischen Prozesses, sowie verkuerzte Wartezeiten.'}]"
295,2470,1,"viele neue technologien werden zunaechst von der gesellschaft angelehnt, etablieren sich jedoch mit dem wandel der gesellschaft ueber laengere zeit",['Z.C5-3'],AUTOAI,"[['Greeting_Message'], ['Z.P11'], ['intro_61'], ['Z.P11'], ['intro_2', 'z_trans_12', 'Z.P8-1'], ['Z.P8-1-2'], ['intro_62'], ['Z.P8-1-2'], ['intro_1', 'z_trans_2', 'Z.C5']]","[1858, 1877, 1878, 1923, 2080, 2081, 2257, 2258, 2363, 2419, 2441, 2442, 2492, 2629, 2684, 2696, 2748, 2780, 7377, 7378, 7379, 7380, 7381, 7382, 7383, 7384, 7385, 7386, 7387, 7388, 7389, 7390, 7391, 7392, 7393, 7394, 7395, 7396, 7397, 7398]",442,9138,95.163055373167,40,40,0.08612041210241357,"[{'id': 1858, 'label': 'Z.C5-3', 'text': ""Solange die Ki signifikant besser Auto fahren kann als die durchschnittliche Person, kann gerechtfertigt werden dass KI's zugelassen werden. Die absolute Zahl der unfaelle sollte dann, statistisch gesehen runtergehen.""}, {'id': 1863, 'label': 'Z.C5', 'text': 'Die aussage ist falsch, Menschen lieben es nicht selber Entscheidungen zu erabeiten, zur diese zu treffen, wir haben Algorithmen die uns sagen was fuer Buecher wir gerne lesen wuerden, wir moegen nur die Entscheidung treffen aus der erarbeiteten Auswahl'}, {'id': 1877, 'label': 'Z.C5-3', 'text': 'viele neue technologien werden zunaechst von der gesellschaft angelehnt, etablieren sich jedoch mit dem wandel der gesellschaft ueber laengere zeit'}, {'id': 1878, 'label': 'Z.C5-3', 'text': 'die gesellschaft akzeptiert neue technologien mit dem wandel der zeit'}, {'id': 1879, 'label': 'Z.C6-3-1', 'text': 'da kein eingreifen der menschen moeglich ist, muesste der programmierer der KI rechtlich fuer das handeln des KIs sein'}, {'id': 1880, 'label': 'Z.C6-3-1', 'text': 'da die menschen nicht eingreifen koennen muss der hersteller der KI verantwortung fuer das handeln der KI tragen'}, {'id': 1922, 'label': 'Z.C5', 'text': 'Es wird alles akzeptiert, wenn es funktioniert '}, {'id': 1923, 'label': 'Z.C5-3', 'text': 'Wenn das autonome Fahren ohne Unfall funktioniert, wird es auch von der Gesellschaft akzeptiert'}, {'id': 1930, 'label': 'Z.C5-2', 'text': 'Dafuer muss mehr Akzeptanz in der Gesellschaft geschaffen werden'}, {'id': 1978, 'label': 'Z.C5-1-1-1-1', 'text': 'Vollstaendig autonomes fahren ist zwar eine gute Idee auf dem Papier aber dabei fehlt eher die moeglichkeit einzugreifen'}]"
296,2475,1,durch die modernisierung des arbeitsmarkts durch KIs werden viele arbeitsplaetze verschwinden ,['Z.P10-1'],AUTOAI,"[['Greeting_Message'], ['Z.P11'], ['intro_61'], ['Z.P11'], ['intro_2', 'z_trans_12', 'Z.P8-1'], ['Z.P8-1-2'], ['intro_62'], ['Z.P8-1-2'], ['intro_1', 'z_trans_2', 'Z.C5'], ['Z.C5-3'], ['intro_62'], ['Z.C5-3'], ['intro_2', 'z_trans_13', 'Z.C10'], ['Z.C6-3-1'], ['intro_61'], ['Z.C6-3-1'], ['intro_2', 'z_trans_13', 'Z.C2'], ['Z.P12'], ['intro_26', 'Z.P10', 'intro_3', 'Z.P10-1']]","[1882, 1984, 2132, 2153, 2154, 2412, 2413, 2499, 2557, 7853, 7854, 7855, 7856, 7857, 7858, 7859, 7860, 7861, 7862, 7863, 7864, 7865, 7866, 7867, 7868, 7869, 7870, 7871, 7872, 7873, 7874, 7875, 7876, 7877, 7878, 7879, 7880]",192,9138,97.8988837820092,37,37,0.1886593072882469,"[{'id': 1882, 'label': 'Z.P10-1', 'text': 'durch die modernisierung des arbeitsmarkts durch KIs werden viele arbeitsplaetze verschwinden '}, {'id': 1885, 'label': 'Z.P10-2', 'text': 'Die Technologie ist bestimmt sehr teuer.'}, {'id': 1897, 'label': 'Z.P10-1-1', 'text': 'Dann kann man das Personal umschulen'}, {'id': 1973, 'label': 'Z.P10-1-1', 'text': 'Ich denke das wird akzeptiert, es bleiben ja noch viele andere Aufgaben bei denen Menschen mehr gebraucht werden'}, {'id': 1984, 'label': 'Z.P10-1', 'text': 'K.I. als fahrer mit rechten udn Pflichten ermoeglichen leider auch unterbezqhlte Arbeiter anderer Felder zu ersetzen'}, {'id': 1995, 'label': 'Z.P10', 'text': 'Ermoeglicht guenstigere fahrtickets, da keine Arbeitskraefte mehr benoetigt werden'}, {'id': 1996, 'label': 'Z.P10', 'text': 'Es werden keine Fahrer mehr benoetigt, was wiederum bedeutet, dass man in dem Bereich Geld einsparrt'}, {'id': 2085, 'label': 'Z.P10-1-1', 'text': 'In Deutschland gibt es viele freie Arbeitsstellen. Umschulungen sind notwendig, aber das ist machbar.'}, {'id': 2086, 'label': 'Z.P10-1-1', 'text': 'In Deutschland gibt es viele freie Arbeitsplaetze '}, {'id': 2132, 'label': 'Z.P10-1', 'text': 'Arbeitsplaetze fallen zwar insofern weg, dass man keine LKW-Fahrer mehr bezahlen muss,'}]"
297,2482,1,Wer haftet bei einem Unfall?,['Z.C11'],AUTOAI,"[['Greeting_Message'], ['Z.P9'], ['intro_61'], ['Z.P9'], ['intro_1', 'z_trans_13', 'Z.P8-1'], ['CONSENT'], ['intro_62'], ['OTHER'], ['intro_2', 'z_trans_12', 'Z.C5'], ['Z.P10-2'], ['intro_61'], ['Z.P2'], ['intro_1', 'z_trans_13', 'Z.C10']]","[1870, 1887, 1891, 1902, 1903, 1957, 1958, 1960, 1961, 1962, 2070, 2219, 2306, 2307, 2333, 2402, 2452, 2520, 2521, 2526, 2632, 2633, 2708, 2709, 8277, 8278, 8279, 8280, 8281, 8282, 8283, 8284, 8285, 8286, 8287, 8288, 8289, 8290, 8291, 8292, 8293, 8294, 8295, 8296, 8297, 8298, 8299, 8300, 8301, 8302, 8303]",370,9138,95.95097395491354,51,51,0.13225674788379976,"[{'id': 1870, 'label': 'Z.C11', 'text': 'Firma oder Fahrer falls gefaehrliche Befehle gegeben'}, {'id': 1887, 'label': 'Z.C11', 'text': 'Wer haftet bei einem Unfall?'}, {'id': 1889, 'label': 'Z.C12', 'text': '2. Argument: Keiner kann mehr Auto fahren'}, {'id': 1890, 'label': 'Z.C12', 'text': '2. Argument: Es lernt keiner mehr Auto zu fahren.'}, {'id': 1891, 'label': 'Z.C11', 'text': '3. Argument: Die Rechtslage ist unklar bei Unfaellen.'}, {'id': 1902, 'label': 'Z.C11', 'text': 'Jeder Mensch sollte trotzdem eine Fahrausbildung Besitzen und im Falle eines Unfalles haften '}, {'id': 1903, 'label': 'Z.C11', 'text': 'Der mensch sollte trotzdem haften '}, {'id': 1913, 'label': 'Z.C10-1', 'text': 'Wenn auto kis zugelassen werden, gibt es ja einen rechtsrahmen'}, {'id': 1914, 'label': 'Z.C10-1', 'text': 'Eine zulassung ist ein rechtsrahmen'}, {'id': 1924, 'label': 'Z.C10-1', 'text': 'Dann muss dieser Gesetztesrahmen kommen '}]"
298,2504,1,Dann kann man das Personal umschulen,['Z.P10-1-1'],AUTOAI,"[['Greeting_Message'], ['OTHER'], ['intro_61'], ['Z.GP1'], ['intro_3', 'z_trans_12', 'Z.P8-1'], ['Z.P4'], ['intro_62'], ['Z.P4'], ['intro_1', 'z_trans_2', 'Z.C5'], ['PRO_NZARG'], ['intro_62'], ['DISSENT'], ['intro_3', 'z_trans_2', 'Z.C10'], ['CONSENT'], ['intro_61'], ['DISSENT'], ['intro_3', 'z_trans_2', 'Z.C2'], ['Z.P12-1-2'], ['intro_28', 'Z.P10', 'intro_2', 'Z.P10-1']]","[1897, 1973, 2085, 2086, 2133, 2227, 2480, 2523, 2577, 2604, 2733, 7881, 7882, 7883, 7884, 7885, 7886, 7887, 7888, 7889, 7890, 7891, 7892, 7893, 7894, 7895, 7896, 7897, 7898, 7899, 7900, 7901, 7902, 7903, 7904, 7905, 7906, 7907]",192,9138,97.8988837820092,38,38,0.1937582074852265,"[{'id': 1882, 'label': 'Z.P10-1', 'text': 'durch die modernisierung des arbeitsmarkts durch KIs werden viele arbeitsplaetze verschwinden '}, {'id': 1885, 'label': 'Z.P10-2', 'text': 'Die Technologie ist bestimmt sehr teuer.'}, {'id': 1897, 'label': 'Z.P10-1-1', 'text': 'Dann kann man das Personal umschulen'}, {'id': 1973, 'label': 'Z.P10-1-1', 'text': 'Ich denke das wird akzeptiert, es bleiben ja noch viele andere Aufgaben bei denen Menschen mehr gebraucht werden'}, {'id': 1984, 'label': 'Z.P10-1', 'text': 'K.I. als fahrer mit rechten udn Pflichten ermoeglichen leider auch unterbezqhlte Arbeiter anderer Felder zu ersetzen'}, {'id': 1995, 'label': 'Z.P10', 'text': 'Ermoeglicht guenstigere fahrtickets, da keine Arbeitskraefte mehr benoetigt werden'}, {'id': 1996, 'label': 'Z.P10', 'text': 'Es werden keine Fahrer mehr benoetigt, was wiederum bedeutet, dass man in dem Bereich Geld einsparrt'}, {'id': 2085, 'label': 'Z.P10-1-1', 'text': 'In Deutschland gibt es viele freie Arbeitsstellen. Umschulungen sind notwendig, aber das ist machbar.'}, {'id': 2086, 'label': 'Z.P10-1-1', 'text': 'In Deutschland gibt es viele freie Arbeitsplaetze '}, {'id': 2132, 'label': 'Z.P10-1', 'text': 'Arbeitsplaetze fallen zwar insofern weg, dass man keine LKW-Fahrer mehr bezahlen muss,'}]"
299,2507,1,"Aber wenn der komplette Verkehr durch KI kontrolliert waere, wuerde dieses Problem nicht existieren ",['Z.P8-1-2'],AUTOAI,"[['Greeting_Message'], ['Z.P11'], ['intro_61'], ['Z.P11'], ['intro_1', 'z_trans_13', 'Z.P8-1']]","[1862, 1875, 1876, 1900, 1901, 1921, 1928, 1929, 1950, 1953, 1954, 1997, 2082, 2128, 2129, 2174, 2175, 2216, 2217, 2224, 2239, 2240, 2302, 2303, 2343, 2408, 2409, 2416, 2417, 2437, 2464, 2476, 2477, 2555, 2621, 2628, 2731, 7480, 7481, 7482, 7483, 7484, 7485, 7486, 7487, 7488, 7489, 7490, 7491, 7492, 7493, 7494, 7495, 7496, 7497, 7498, 7499, 7500, 7501, 7502, 7503, 7504, 7505]",1819,9138,80.09411249726416,63,63,0.0277401269231866,"[{'id': 2, 'label': 'Z.P3', 'text': 'Das Wissen einer KI kann eine deutlich hoehere Menge erreichen, als das Wissen eines Menschen. '}, {'id': 3, 'label': 'Z.P3', 'text': 'Eine KI kann mehr Wissen als ein Mensch'}, {'id': 8, 'label': 'Z.P1', 'text': 'Der Trend geht ohnehin weg von kleinen Landarztpraxen und hin zu medizinischen Versorgungszentren'}, {'id': 24, 'label': 'Z.P1', 'text': 'Aerzte sind doch auch Rund um die Uhr erreichbar?! Dafuer werden Sie auch dementsprechend bezahlt. Auf dem Land natuerlich nicht, aber eine KI koennte auch nicht ohne Beaufsichtigung das Krankenhaus leiten'}, {'id': 85, 'label': 'Z.P2', 'text': 'KI sind objektiv '}, {'id': 86, 'label': 'Z.P2', 'text': 'KI sind nicht bestechbar'}, {'id': 100, 'label': 'Z.P1', 'text': 'Mit medKI gibt es immerhin genug Aerztinnen, die jetzt fehlen?'}, {'id': 103, 'label': 'Z.P1-1', 'text': 'Personal wird dann trotzdem benoetigt '}, {'id': 137, 'label': 'Z.P1', 'text': 'In vielen Medizinischen Bereichen herrscht ein grosser Personalmangel. Gerade bei einfachen Diagnosen kann es dann sinnvoll sein, dass diese eine KI uebernimmt'}, {'id': 138, 'label': 'Z.P1', 'text': 'Das ist zwar nicht ganz das was ich meinte aber auch ein guter Punkt. Ich wollte eher auf die Entlastung des Personals abzielen und eine Verschnoerkelung des diagnostischen Prozesses, sowie verkuerzte Wartezeiten.'}]"
300,2511,1,Jeder Mensch sollte trotzdem eine Fahrausbildung Besitzen und im Falle eines Unfalles haften ,['Z.C11'],AUTOAI,"[['Greeting_Message'], ['Z.P11'], ['intro_61'], ['Z.P11'], ['intro_1', 'z_trans_13', 'Z.P8-1'], ['Z.P8-1-2'], ['intro_62'], ['OTHER'], ['intro_3', 'z_trans_13', 'Z.C5'], ['OTHER'], ['intro_62'], ['Z.P8-1-2'], ['intro_1', 'z_trans_12', 'Z.C10']]","[1870, 1887, 1891, 1902, 1903, 1957, 1958, 1960, 1961, 1962, 2070, 2219, 2306, 2307, 2333, 2402, 2452, 2520, 2521, 2526, 2632, 2633, 2708, 2709, 8277, 8278, 8279, 8280, 8281, 8282, 8283, 8284, 8285, 8286, 8287, 8288, 8289, 8290, 8291, 8292, 8293, 8294, 8295, 8296, 8297, 8298, 8299, 8300, 8301, 8302, 8303]",370,9138,95.95097395491354,51,51,0.13225674788379976,"[{'id': 1870, 'label': 'Z.C11', 'text': 'Firma oder Fahrer falls gefaehrliche Befehle gegeben'}, {'id': 1887, 'label': 'Z.C11', 'text': 'Wer haftet bei einem Unfall?'}, {'id': 1889, 'label': 'Z.C12', 'text': '2. Argument: Keiner kann mehr Auto fahren'}, {'id': 1890, 'label': 'Z.C12', 'text': '2. Argument: Es lernt keiner mehr Auto zu fahren.'}, {'id': 1891, 'label': 'Z.C11', 'text': '3. Argument: Die Rechtslage ist unklar bei Unfaellen.'}, {'id': 1902, 'label': 'Z.C11', 'text': 'Jeder Mensch sollte trotzdem eine Fahrausbildung Besitzen und im Falle eines Unfalles haften '}, {'id': 1903, 'label': 'Z.C11', 'text': 'Der mensch sollte trotzdem haften '}, {'id': 1913, 'label': 'Z.C10-1', 'text': 'Wenn auto kis zugelassen werden, gibt es ja einen rechtsrahmen'}, {'id': 1914, 'label': 'Z.C10-1', 'text': 'Eine zulassung ist ein rechtsrahmen'}, {'id': 1924, 'label': 'Z.C10-1', 'text': 'Dann muss dieser Gesetztesrahmen kommen '}]"
301,2528,1,"Wenn auto kis zugelassen werden, gibt es ja einen rechtsrahmen",['Z.C10-1'],AUTOAI,"[['Greeting_Message'], ['Z.P12-1-3'], ['intro_61'], ['Z.P12-1-2'], ['intro_2', 'z_trans_11', 'Z.P8-1'], ['PRO_ZARG'], ['intro_62'], ['PRO_ZARG'], ['intro_3', 'z_trans_12', 'Z.C5'], ['OTHER'], ['intro_62'], ['OTHER'], ['intro_3', 'z_trans_2', 'Z.C10']]","[1913, 1914, 1924, 1925, 2259, 2276, 2305, 8223, 8224, 8225, 8226, 8227, 8228, 8229, 8230, 8231, 8232, 8233, 8234, 8235, 8236, 8237, 8238, 8239, 8240, 8241, 8242, 8243, 8244, 8245, 8246, 8247, 8248, 8249]",370,9138,95.95097395491354,34,34,0.0881711652558665,"[{'id': 1870, 'label': 'Z.C11', 'text': 'Firma oder Fahrer falls gefaehrliche Befehle gegeben'}, {'id': 1887, 'label': 'Z.C11', 'text': 'Wer haftet bei einem Unfall?'}, {'id': 1889, 'label': 'Z.C12', 'text': '2. Argument: Keiner kann mehr Auto fahren'}, {'id': 1890, 'label': 'Z.C12', 'text': '2. Argument: Es lernt keiner mehr Auto zu fahren.'}, {'id': 1891, 'label': 'Z.C11', 'text': '3. Argument: Die Rechtslage ist unklar bei Unfaellen.'}, {'id': 1902, 'label': 'Z.C11', 'text': 'Jeder Mensch sollte trotzdem eine Fahrausbildung Besitzen und im Falle eines Unfalles haften '}, {'id': 1903, 'label': 'Z.C11', 'text': 'Der mensch sollte trotzdem haften '}, {'id': 1913, 'label': 'Z.C10-1', 'text': 'Wenn auto kis zugelassen werden, gibt es ja einen rechtsrahmen'}, {'id': 1914, 'label': 'Z.C10-1', 'text': 'Eine zulassung ist ein rechtsrahmen'}, {'id': 1924, 'label': 'Z.C10-1', 'text': 'Dann muss dieser Gesetztesrahmen kommen '}]"
302,2530,1,Geschwindigkeitsbegrenuzungen verlangsamen den verkehr in der regel nicht,['Z.C2-1'],AUTOAI,"[['Greeting_Message'], ['Z.P12-1-3'], ['intro_61'], ['Z.P12-1-2'], ['intro_2', 'z_trans_11', 'Z.P8-1'], ['PRO_ZARG'], ['intro_62'], ['PRO_ZARG'], ['intro_3', 'z_trans_12', 'Z.C5'], ['OTHER'], ['intro_62'], ['OTHER'], ['intro_3', 'z_trans_2', 'Z.C10'], ['Z.C10-1'], ['intro_61'], ['Z.C10-1'], ['intro_3', 'z_trans_12', 'Z.C2']]","[1915, 1955, 1956, 1985, 2023, 2024, 2075, 2321, 2394, 2396, 2403, 2422, 2423, 2485, 2504, 6954, 6955, 6956, 6957, 6958, 6959, 6960, 6961, 6962, 6963, 6964, 6965, 6966, 6967, 6968, 6969, 6970, 6971, 6972, 6973, 6974, 6975, 6976, 6977, 6978, 6979, 6980]",96,9138,98.9494418910046,42,42,0.4329038082731451,"[{'id': 1915, 'label': 'Z.C2-1', 'text': 'Geschwindigkeitsbegrenuzungen verlangsamen den verkehr in der regel nicht'}, {'id': 1955, 'label': 'Z.C2-1', 'text': 'Aber es gibt in anderen Laender sowieso striktere Geschwindigkeitsbegrenzungen also sollte das kein groesseres Problem sein'}, {'id': 1956, 'label': 'Z.C2-1', 'text': 'In anderen Laendern gibt es schon striktere Geschwindigkeitsbegrenzungen und das funktioniert dort auch'}, {'id': 1985, 'label': 'Z.C2-1', 'text': 'Je schneller menschen fahren desto mehr unfaelle entstehen, logischerweise bedeutet eine reduzierung des Tempolimits nicht dass fahrten ineffizienter werden sondern wenn dann eher sicherer'}, {'id': 2023, 'label': 'Z.C2-1', 'text': 'Geschwindigkeitsbeschraenkungen haben nur bedingt etwas mit autoKI zu tun. Geschwindigkeitsbegrenzungen im Allgemeinen verbessern die Sicherheit'}, {'id': 2024, 'label': 'Z.C2-1', 'text': 'Geschwindigkeitsbegrenzungen foerdern so oder so die Sicherheit'}, {'id': 2075, 'label': 'Z.C2-1', 'text': 'Striktere Geschwindigkeitsbegrenzungen koennten auch jetzt schon, ohne die KI durchgesetzt werden und wuerden dann zu einem sichereren Verkehr fuehren'}, {'id': 2321, 'label': 'Z.C2-1', 'text': 'Das Tempolimit sollte so oder so eingefphrt werden. Dadurch haben wir einen weiteren grund diese KI zu benutzen'}, {'id': 2394, 'label': 'Z.C2-1', 'text': 'das wichtigste Argument meiner Meinung ist, dass die AutoKI dann das Tempolimit einhalten kann & diesbezueglich weniger Unfaelle passieren wuerden,'}, {'id': 2396, 'label': 'Z.C2-1', 'text': 'AutoKi sollte zugelassen werde, da durch die KI Auto bezueglich dem Tempolimit weniger Unfaelle brauen wuerden '}]"
303,2533,1,Das kann man ja aber durch eine gute firewall absichern,['Z.C4-1'],AUTOAI,"[['Greeting_Message'], ['Z.P12-1-3'], ['intro_61'], ['Z.P12-1-2'], ['intro_2', 'z_trans_11', 'Z.P8-1'], ['PRO_ZARG'], ['intro_62'], ['PRO_ZARG'], ['intro_3', 'z_trans_12', 'Z.C5'], ['OTHER'], ['intro_62'], ['OTHER'], ['intro_3', 'z_trans_2', 'Z.C10'], ['Z.C10-1'], ['intro_61'], ['Z.C10-1'], ['intro_3', 'z_trans_12', 'Z.C2'], ['Z.C2-1'], ['intro_27', 'Z.C2-1', 'intro_3', 'Z.C2-1-1'], ['NZ.G3'], ['intro_62'], ['NZ.G3'], ['intro_2', 'z_trans_13', 'Z.C4']]","[1916, 1917, 2434, 2470, 2471, 2516, 7111, 7112, 7113, 7114, 7115, 7116, 7117, 7118, 7119, 7120, 7121, 7122, 7123, 7124, 7125, 7126, 7127, 7128, 7129, 7130, 7131, 7132, 7133, 7134, 7135, 7136, 7137]",329,9138,96.39964981396368,33,33,0.09669265786810946,"[{'id': 1861, 'label': 'Z.C3-2', 'text': 'Wenn ein Mensch einen Fehler macht lernt nur dieser ein Mensch und macht ihn nicht wieder. Ein autonomes Auto kann Fehler direk an alle weitergeben, sodass alle davon lernen, jeder Fehler sollte nur ein einziges mal gemacht werden '}, {'id': 1865, 'label': 'Z.C8-1', 'text': ' man kann anonymisiert daten ueber fahrtweg austauschen ohne gesamte fahrplaene freizugeben'}, {'id': 1869, 'label': 'Z.C8-1', 'text': 'Dann macht man Syteme die diese Daten nicht teilen'}, {'id': 1916, 'label': 'Z.C4-1', 'text': 'Das kann man ja aber durch eine gute firewall absichern'}, {'id': 1917, 'label': 'Z.C4-1', 'text': 'Das kann man sicher machen'}, {'id': 1918, 'label': 'Z.C8-1', 'text': 'Das kann man loesen indem keine daten gespeichert werden'}, {'id': 1919, 'label': 'Z.C8-1', 'text': 'Daten nicht speichern'}, {'id': 1933, 'label': 'Z.C3-2', 'text': 'Die Autos muessten deshalb untereinander vernetzt sein'}, {'id': 1934, 'label': 'Z.C3-2', 'text': 'Autos aller Hersteller muessten dann untereinander kommunizieren koennen'}, {'id': 1935, 'label': 'Z.C8-1', 'text': 'Dafuer gibt es Datenschutzgesetze '}]"
304,2535,1,Das kann man loesen indem keine daten gespeichert werden,['Z.C8-1'],AUTOAI,"[['Greeting_Message'], ['Z.P12-1-3'], ['intro_61'], ['Z.P12-1-2'], ['intro_2', 'z_trans_11', 'Z.P8-1'], ['PRO_ZARG'], ['intro_62'], ['PRO_ZARG'], ['intro_3', 'z_trans_12', 'Z.C5'], ['OTHER'], ['intro_62'], ['OTHER'], ['intro_3', 'z_trans_2', 'Z.C10'], ['Z.C10-1'], ['intro_61'], ['Z.C10-1'], ['intro_3', 'z_trans_12', 'Z.C2'], ['Z.C2-1'], ['intro_27', 'Z.C2-1', 'intro_3', 'Z.C2-1-1'], ['NZ.G3'], ['intro_62'], ['NZ.G3'], ['intro_2', 'z_trans_13', 'Z.C4'], ['Z.C4-1'], ['intro_62'], ['Z.C4-1'], ['intro_3', 'z_trans_2', 'Z.C8']]","[1865, 1869, 1918, 1919, 1935, 1976, 1977, 2147, 2148, 2554, 2745, 2791, 8087, 8088, 8089, 8090, 8091, 8092, 8093, 8094, 8095, 8096, 8097, 8098, 8099, 8100, 8101, 8102, 8103, 8104, 8105, 8106, 8107, 8108, 8109, 8110, 8111, 8112, 8113]",329,9138,96.39964981396368,39,39,0.11427314111685663,"[{'id': 1861, 'label': 'Z.C3-2', 'text': 'Wenn ein Mensch einen Fehler macht lernt nur dieser ein Mensch und macht ihn nicht wieder. Ein autonomes Auto kann Fehler direk an alle weitergeben, sodass alle davon lernen, jeder Fehler sollte nur ein einziges mal gemacht werden '}, {'id': 1865, 'label': 'Z.C8-1', 'text': ' man kann anonymisiert daten ueber fahrtweg austauschen ohne gesamte fahrplaene freizugeben'}, {'id': 1869, 'label': 'Z.C8-1', 'text': 'Dann macht man Syteme die diese Daten nicht teilen'}, {'id': 1916, 'label': 'Z.C4-1', 'text': 'Das kann man ja aber durch eine gute firewall absichern'}, {'id': 1917, 'label': 'Z.C4-1', 'text': 'Das kann man sicher machen'}, {'id': 1918, 'label': 'Z.C8-1', 'text': 'Das kann man loesen indem keine daten gespeichert werden'}, {'id': 1919, 'label': 'Z.C8-1', 'text': 'Daten nicht speichern'}, {'id': 1933, 'label': 'Z.C3-2', 'text': 'Die Autos muessten deshalb untereinander vernetzt sein'}, {'id': 1934, 'label': 'Z.C3-2', 'text': 'Autos aller Hersteller muessten dann untereinander kommunizieren koennen'}, {'id': 1935, 'label': 'Z.C8-1', 'text': 'Dafuer gibt es Datenschutzgesetze '}]"
305,2539,1,"Es wird alles akzeptiert, wenn es funktioniert ",['Z.C5'],AUTOAI,"[['Greeting_Message'], ['Z.P8', 'Z.P8-1-2'], ['intro_24', 'Z.C3-1', 'intro_4', 'z_trans_16', 'Z.C5']]","[1863, 1922, 2180, 2355, 2356, 2371, 2418, 7192, 7193, 7194, 7195, 7196, 7197, 7198, 7199, 7200, 7201, 7202, 7203, 7204, 7205, 7206, 7207, 7208, 7209, 7210, 7211, 7212, 7213, 7214, 7215, 7216, 7217, 7218]",771,9138,91.56270518713066,34,34,0.040377846645427276,"[{'id': 1858, 'label': 'Z.C5-3', 'text': ""Solange die Ki signifikant besser Auto fahren kann als die durchschnittliche Person, kann gerechtfertigt werden dass KI's zugelassen werden. Die absolute Zahl der unfaelle sollte dann, statistisch gesehen runtergehen.""}, {'id': 1861, 'label': 'Z.C3-2', 'text': 'Wenn ein Mensch einen Fehler macht lernt nur dieser ein Mensch und macht ihn nicht wieder. Ein autonomes Auto kann Fehler direk an alle weitergeben, sodass alle davon lernen, jeder Fehler sollte nur ein einziges mal gemacht werden '}, {'id': 1863, 'label': 'Z.C5', 'text': 'Die aussage ist falsch, Menschen lieben es nicht selber Entscheidungen zu erabeiten, zur diese zu treffen, wir haben Algorithmen die uns sagen was fuer Buecher wir gerne lesen wuerden, wir moegen nur die Entscheidung treffen aus der erarbeiteten Auswahl'}, {'id': 1865, 'label': 'Z.C8-1', 'text': ' man kann anonymisiert daten ueber fahrtweg austauschen ohne gesamte fahrplaene freizugeben'}, {'id': 1869, 'label': 'Z.C8-1', 'text': 'Dann macht man Syteme die diese Daten nicht teilen'}, {'id': 1877, 'label': 'Z.C5-3', 'text': 'viele neue technologien werden zunaechst von der gesellschaft angelehnt, etablieren sich jedoch mit dem wandel der gesellschaft ueber laengere zeit'}, {'id': 1878, 'label': 'Z.C5-3', 'text': 'die gesellschaft akzeptiert neue technologien mit dem wandel der zeit'}, {'id': 1879, 'label': 'Z.C6-3-1', 'text': 'da kein eingreifen der menschen moeglich ist, muesste der programmierer der KI rechtlich fuer das handeln des KIs sein'}, {'id': 1880, 'label': 'Z.C6-3-1', 'text': 'da die menschen nicht eingreifen koennen muss der hersteller der KI verantwortung fuer das handeln der KI tragen'}, {'id': 1916, 'label': 'Z.C4-1', 'text': 'Das kann man ja aber durch eine gute firewall absichern'}]"
306,2543,1,Dann muss dieser Gesetztesrahmen kommen ,['Z.C10-1'],AUTOAI,"[['Greeting_Message'], ['Z.P8', 'Z.P8-1-2'], ['intro_24', 'Z.C3-1', 'intro_4', 'z_trans_16', 'Z.C5'], ['Z.C5'], ['intro_61'], ['Z.C5-3'], ['intro_1', 'z_trans_12', 'Z.P8-1'], ['NZ.G2'], ['intro_62'], ['NZ.G2'], ['intro_2', 'z_trans_12', 'Z.C10']]","[1913, 1914, 1924, 1925, 2259, 2276, 2305, 8223, 8224, 8225, 8226, 8227, 8228, 8229, 8230, 8231, 8232, 8233, 8234, 8235, 8236, 8237, 8238, 8239, 8240, 8241, 8242, 8243, 8244, 8245, 8246, 8247, 8248, 8249]",370,9138,95.95097395491354,34,34,0.0881711652558665,"[{'id': 1870, 'label': 'Z.C11', 'text': 'Firma oder Fahrer falls gefaehrliche Befehle gegeben'}, {'id': 1887, 'label': 'Z.C11', 'text': 'Wer haftet bei einem Unfall?'}, {'id': 1889, 'label': 'Z.C12', 'text': '2. Argument: Keiner kann mehr Auto fahren'}, {'id': 1890, 'label': 'Z.C12', 'text': '2. Argument: Es lernt keiner mehr Auto zu fahren.'}, {'id': 1891, 'label': 'Z.C11', 'text': '3. Argument: Die Rechtslage ist unklar bei Unfaellen.'}, {'id': 1902, 'label': 'Z.C11', 'text': 'Jeder Mensch sollte trotzdem eine Fahrausbildung Besitzen und im Falle eines Unfalles haften '}, {'id': 1903, 'label': 'Z.C11', 'text': 'Der mensch sollte trotzdem haften '}, {'id': 1913, 'label': 'Z.C10-1', 'text': 'Wenn auto kis zugelassen werden, gibt es ja einen rechtsrahmen'}, {'id': 1914, 'label': 'Z.C10-1', 'text': 'Eine zulassung ist ein rechtsrahmen'}, {'id': 1924, 'label': 'Z.C10-1', 'text': 'Dann muss dieser Gesetztesrahmen kommen '}]"
307,2547,1,Alle Autos mit ki,['Z.P8-1-2'],AUTOAI,"[['Greeting_Message'], ['Z.P11'], ['intro_61'], ['Z.P11'], ['intro_2', 'z_trans_11', 'Z.P8-1']]","[1862, 1875, 1876, 1900, 1901, 1921, 1928, 1929, 1950, 1953, 1954, 1997, 2082, 2128, 2129, 2174, 2175, 2216, 2217, 2224, 2239, 2240, 2302, 2303, 2343, 2408, 2409, 2416, 2417, 2437, 2464, 2476, 2477, 2555, 2621, 2628, 2731, 7480, 7481, 7482, 7483, 7484, 7485, 7486, 7487, 7488, 7489, 7490, 7491, 7492, 7493, 7494, 7495, 7496, 7497, 7498, 7499, 7500, 7501, 7502, 7503, 7504, 7505]",1819,9138,80.09411249726416,63,63,0.0277401269231866,"[{'id': 2, 'label': 'Z.P3', 'text': 'Das Wissen einer KI kann eine deutlich hoehere Menge erreichen, als das Wissen eines Menschen. '}, {'id': 3, 'label': 'Z.P3', 'text': 'Eine KI kann mehr Wissen als ein Mensch'}, {'id': 8, 'label': 'Z.P1', 'text': 'Der Trend geht ohnehin weg von kleinen Landarztpraxen und hin zu medizinischen Versorgungszentren'}, {'id': 24, 'label': 'Z.P1', 'text': 'Aerzte sind doch auch Rund um die Uhr erreichbar?! Dafuer werden Sie auch dementsprechend bezahlt. Auf dem Land natuerlich nicht, aber eine KI koennte auch nicht ohne Beaufsichtigung das Krankenhaus leiten'}, {'id': 85, 'label': 'Z.P2', 'text': 'KI sind objektiv '}, {'id': 86, 'label': 'Z.P2', 'text': 'KI sind nicht bestechbar'}, {'id': 100, 'label': 'Z.P1', 'text': 'Mit medKI gibt es immerhin genug Aerztinnen, die jetzt fehlen?'}, {'id': 103, 'label': 'Z.P1-1', 'text': 'Personal wird dann trotzdem benoetigt '}, {'id': 137, 'label': 'Z.P1', 'text': 'In vielen Medizinischen Bereichen herrscht ein grosser Personalmangel. Gerade bei einfachen Diagnosen kann es dann sinnvoll sein, dass diese eine KI uebernimmt'}, {'id': 138, 'label': 'Z.P1', 'text': 'Das ist zwar nicht ganz das was ich meinte aber auch ein guter Punkt. Ich wollte eher auf die Entlastung des Personals abzielen und eine Verschnoerkelung des diagnostischen Prozesses, sowie verkuerzte Wartezeiten.'}]"
308,2549,1,Dafuer muss mehr Akzeptanz in der Gesellschaft geschaffen werden,['Z.C5-2'],AUTOAI,"[['Greeting_Message'], ['Z.P11'], ['intro_61'], ['Z.P11'], ['intro_2', 'z_trans_11', 'Z.P8-1'], ['Z.P8-1-2'], ['intro_62'], ['Z.P8-1-2'], ['intro_1', 'z_trans_12', 'Z.C5']]","[1930, 2218, 2241, 2242, 2332, 2346, 2347, 2450, 2535, 2654, 2734, 7349, 7350, 7351, 7352, 7353, 7354, 7355, 7356, 7357, 7358, 7359, 7360, 7361, 7362, 7363, 7364, 7365, 7366, 7367, 7368, 7369, 7370, 7371, 7372, 7373, 7374, 7375, 7376]",442,9138,95.163055373167,39,39,0.08396740179985324,"[{'id': 1858, 'label': 'Z.C5-3', 'text': ""Solange die Ki signifikant besser Auto fahren kann als die durchschnittliche Person, kann gerechtfertigt werden dass KI's zugelassen werden. Die absolute Zahl der unfaelle sollte dann, statistisch gesehen runtergehen.""}, {'id': 1863, 'label': 'Z.C5', 'text': 'Die aussage ist falsch, Menschen lieben es nicht selber Entscheidungen zu erabeiten, zur diese zu treffen, wir haben Algorithmen die uns sagen was fuer Buecher wir gerne lesen wuerden, wir moegen nur die Entscheidung treffen aus der erarbeiteten Auswahl'}, {'id': 1877, 'label': 'Z.C5-3', 'text': 'viele neue technologien werden zunaechst von der gesellschaft angelehnt, etablieren sich jedoch mit dem wandel der gesellschaft ueber laengere zeit'}, {'id': 1878, 'label': 'Z.C5-3', 'text': 'die gesellschaft akzeptiert neue technologien mit dem wandel der zeit'}, {'id': 1879, 'label': 'Z.C6-3-1', 'text': 'da kein eingreifen der menschen moeglich ist, muesste der programmierer der KI rechtlich fuer das handeln des KIs sein'}, {'id': 1880, 'label': 'Z.C6-3-1', 'text': 'da die menschen nicht eingreifen koennen muss der hersteller der KI verantwortung fuer das handeln der KI tragen'}, {'id': 1922, 'label': 'Z.C5', 'text': 'Es wird alles akzeptiert, wenn es funktioniert '}, {'id': 1923, 'label': 'Z.C5-3', 'text': 'Wenn das autonome Fahren ohne Unfall funktioniert, wird es auch von der Gesellschaft akzeptiert'}, {'id': 1930, 'label': 'Z.C5-2', 'text': 'Dafuer muss mehr Akzeptanz in der Gesellschaft geschaffen werden'}, {'id': 1978, 'label': 'Z.C5-1-1-1-1', 'text': 'Vollstaendig autonomes fahren ist zwar eine gute Idee auf dem Papier aber dabei fehlt eher die moeglichkeit einzugreifen'}]"
309,2552,1,Die Politik sollte die Rahmenbedingungen dafuer schaffen,['Z.C11-1'],AUTOAI,"[['Greeting_Message'], ['Z.P11'], ['intro_61'], ['Z.P11'], ['intro_2', 'z_trans_11', 'Z.P8-1'], ['Z.P8-1-2'], ['intro_62'], ['Z.P8-1-2'], ['intro_1', 'z_trans_12', 'Z.C5'], ['Z.C5-2'], ['intro_27', 'Z.C5-2', 'intro_5', 'z_trans_1', 'Z.C4'], ['PRO_NZARG'], ['intro_62'], ['PRO_NZARG'], ['intro_1', 'z_trans_13', 'Z.C10']]","[1931, 1932, 2142, 2143, 2243, 2244, 2348, 2390, 2391, 2400, 2401, 2420, 2421, 2432, 2443, 2444, 2781, 8304, 8305, 8306, 8307, 8308, 8309, 8310, 8311, 8312, 8313, 8314, 8315, 8316, 8317, 8318, 8319, 8320, 8321, 8322, 8323, 8324, 8325, 8326, 8327, 8328, 8329, 8330]",370,9138,95.95097395491354,44,44,0.11410386091935666,"[{'id': 1870, 'label': 'Z.C11', 'text': 'Firma oder Fahrer falls gefaehrliche Befehle gegeben'}, {'id': 1887, 'label': 'Z.C11', 'text': 'Wer haftet bei einem Unfall?'}, {'id': 1889, 'label': 'Z.C12', 'text': '2. Argument: Keiner kann mehr Auto fahren'}, {'id': 1890, 'label': 'Z.C12', 'text': '2. Argument: Es lernt keiner mehr Auto zu fahren.'}, {'id': 1891, 'label': 'Z.C11', 'text': '3. Argument: Die Rechtslage ist unklar bei Unfaellen.'}, {'id': 1902, 'label': 'Z.C11', 'text': 'Jeder Mensch sollte trotzdem eine Fahrausbildung Besitzen und im Falle eines Unfalles haften '}, {'id': 1903, 'label': 'Z.C11', 'text': 'Der mensch sollte trotzdem haften '}, {'id': 1913, 'label': 'Z.C10-1', 'text': 'Wenn auto kis zugelassen werden, gibt es ja einen rechtsrahmen'}, {'id': 1914, 'label': 'Z.C10-1', 'text': 'Eine zulassung ist ein rechtsrahmen'}, {'id': 1924, 'label': 'Z.C10-1', 'text': 'Dann muss dieser Gesetztesrahmen kommen '}]"
310,2556,1,Dafuer gibt es Datenschutzgesetze ,['Z.C8-1'],AUTOAI,"[['Greeting_Message'], ['Z.P11'], ['intro_61'], ['Z.P11'], ['intro_2', 'z_trans_11', 'Z.P8-1'], ['Z.P8-1-2'], ['intro_62'], ['Z.P8-1-2'], ['intro_1', 'z_trans_12', 'Z.C5'], ['Z.C5-2'], ['intro_27', 'Z.C5-2', 'intro_5', 'z_trans_1', 'Z.C4'], ['PRO_NZARG'], ['intro_62'], ['PRO_NZARG'], ['intro_1', 'z_trans_13', 'Z.C10'], ['Z.C11-1'], ['intro_62'], ['Z.C11-1'], ['intro_3', 'z_trans_13', 'Z.C2'], ['Z.C3-2'], ['intro_61'], ['Z.C3-2'], ['intro_2', 'z_trans_2', 'Z.C8']]","[1865, 1869, 1918, 1919, 1935, 1976, 1977, 2147, 2148, 2554, 2745, 2791, 8087, 8088, 8089, 8090, 8091, 8092, 8093, 8094, 8095, 8096, 8097, 8098, 8099, 8100, 8101, 8102, 8103, 8104, 8105, 8106, 8107, 8108, 8109, 8110, 8111, 8112, 8113]",329,9138,96.39964981396368,39,39,0.11427314111685663,"[{'id': 1861, 'label': 'Z.C3-2', 'text': 'Wenn ein Mensch einen Fehler macht lernt nur dieser ein Mensch und macht ihn nicht wieder. Ein autonomes Auto kann Fehler direk an alle weitergeben, sodass alle davon lernen, jeder Fehler sollte nur ein einziges mal gemacht werden '}, {'id': 1865, 'label': 'Z.C8-1', 'text': ' man kann anonymisiert daten ueber fahrtweg austauschen ohne gesamte fahrplaene freizugeben'}, {'id': 1869, 'label': 'Z.C8-1', 'text': 'Dann macht man Syteme die diese Daten nicht teilen'}, {'id': 1916, 'label': 'Z.C4-1', 'text': 'Das kann man ja aber durch eine gute firewall absichern'}, {'id': 1917, 'label': 'Z.C4-1', 'text': 'Das kann man sicher machen'}, {'id': 1918, 'label': 'Z.C8-1', 'text': 'Das kann man loesen indem keine daten gespeichert werden'}, {'id': 1919, 'label': 'Z.C8-1', 'text': 'Daten nicht speichern'}, {'id': 1933, 'label': 'Z.C3-2', 'text': 'Die Autos muessten deshalb untereinander vernetzt sein'}, {'id': 1934, 'label': 'Z.C3-2', 'text': 'Autos aller Hersteller muessten dann untereinander kommunizieren koennen'}, {'id': 1935, 'label': 'Z.C8-1', 'text': 'Dafuer gibt es Datenschutzgesetze '}]"
311,2571,1,Diese wuerde es nicht mehr geben durch das Auto KI,['Z.P8-1-2'],AUTOAI,"[['Greeting_Message'], ['Z.P11'], ['intro_61'], ['Z.P11'], ['intro_2', 'z_trans_2', 'Z.P8-1']]","[1862, 1875, 1876, 1900, 1901, 1921, 1928, 1929, 1950, 1953, 1954, 1997, 2082, 2128, 2129, 2174, 2175, 2216, 2217, 2224, 2239, 2240, 2302, 2303, 2343, 2408, 2409, 2416, 2417, 2437, 2464, 2476, 2477, 2555, 2621, 2628, 2731, 7480, 7481, 7482, 7483, 7484, 7485, 7486, 7487, 7488, 7489, 7490, 7491, 7492, 7493, 7494, 7495, 7496, 7497, 7498, 7499, 7500, 7501, 7502, 7503, 7504, 7505]",1819,9138,80.09411249726416,63,63,0.0277401269231866,"[{'id': 2, 'label': 'Z.P3', 'text': 'Das Wissen einer KI kann eine deutlich hoehere Menge erreichen, als das Wissen eines Menschen. '}, {'id': 3, 'label': 'Z.P3', 'text': 'Eine KI kann mehr Wissen als ein Mensch'}, {'id': 8, 'label': 'Z.P1', 'text': 'Der Trend geht ohnehin weg von kleinen Landarztpraxen und hin zu medizinischen Versorgungszentren'}, {'id': 24, 'label': 'Z.P1', 'text': 'Aerzte sind doch auch Rund um die Uhr erreichbar?! Dafuer werden Sie auch dementsprechend bezahlt. Auf dem Land natuerlich nicht, aber eine KI koennte auch nicht ohne Beaufsichtigung das Krankenhaus leiten'}, {'id': 85, 'label': 'Z.P2', 'text': 'KI sind objektiv '}, {'id': 86, 'label': 'Z.P2', 'text': 'KI sind nicht bestechbar'}, {'id': 100, 'label': 'Z.P1', 'text': 'Mit medKI gibt es immerhin genug Aerztinnen, die jetzt fehlen?'}, {'id': 103, 'label': 'Z.P1-1', 'text': 'Personal wird dann trotzdem benoetigt '}, {'id': 137, 'label': 'Z.P1', 'text': 'In vielen Medizinischen Bereichen herrscht ein grosser Personalmangel. Gerade bei einfachen Diagnosen kann es dann sinnvoll sein, dass diese eine KI uebernimmt'}, {'id': 138, 'label': 'Z.P1', 'text': 'Das ist zwar nicht ganz das was ich meinte aber auch ein guter Punkt. Ich wollte eher auf die Entlastung des Personals abzielen und eine Verschnoerkelung des diagnostischen Prozesses, sowie verkuerzte Wartezeiten.'}]"
312,2574,1,Aber wenn sich diese Technologie durchsetzt und fast jeder damit faehrt ist das kein Problem mehr,['Z.P8-1-2'],AUTOAI,"[['Greeting_Message'], ['Z.P1'], ['intro_61'], ['Z.P1'], ['intro_2', 'z_trans_12', 'Z.P8-1']]","[1862, 1875, 1876, 1900, 1901, 1921, 1928, 1929, 1950, 1953, 1954, 1997, 2082, 2128, 2129, 2174, 2175, 2216, 2217, 2224, 2239, 2240, 2302, 2303, 2343, 2408, 2409, 2416, 2417, 2437, 2464, 2476, 2477, 2555, 2621, 2628, 2731, 7480, 7481, 7482, 7483, 7484, 7485, 7486, 7487, 7488, 7489, 7490, 7491, 7492, 7493, 7494, 7495, 7496, 7497, 7498, 7499, 7500, 7501, 7502, 7503, 7504, 7505]",1819,9138,80.09411249726416,63,63,0.0277401269231866,"[{'id': 2, 'label': 'Z.P3', 'text': 'Das Wissen einer KI kann eine deutlich hoehere Menge erreichen, als das Wissen eines Menschen. '}, {'id': 3, 'label': 'Z.P3', 'text': 'Eine KI kann mehr Wissen als ein Mensch'}, {'id': 8, 'label': 'Z.P1', 'text': 'Der Trend geht ohnehin weg von kleinen Landarztpraxen und hin zu medizinischen Versorgungszentren'}, {'id': 24, 'label': 'Z.P1', 'text': 'Aerzte sind doch auch Rund um die Uhr erreichbar?! Dafuer werden Sie auch dementsprechend bezahlt. Auf dem Land natuerlich nicht, aber eine KI koennte auch nicht ohne Beaufsichtigung das Krankenhaus leiten'}, {'id': 85, 'label': 'Z.P2', 'text': 'KI sind objektiv '}, {'id': 86, 'label': 'Z.P2', 'text': 'KI sind nicht bestechbar'}, {'id': 100, 'label': 'Z.P1', 'text': 'Mit medKI gibt es immerhin genug Aerztinnen, die jetzt fehlen?'}, {'id': 103, 'label': 'Z.P1-1', 'text': 'Personal wird dann trotzdem benoetigt '}, {'id': 137, 'label': 'Z.P1', 'text': 'In vielen Medizinischen Bereichen herrscht ein grosser Personalmangel. Gerade bei einfachen Diagnosen kann es dann sinnvoll sein, dass diese eine KI uebernimmt'}, {'id': 138, 'label': 'Z.P1', 'text': 'Das ist zwar nicht ganz das was ich meinte aber auch ein guter Punkt. Ich wollte eher auf die Entlastung des Personals abzielen und eine Verschnoerkelung des diagnostischen Prozesses, sowie verkuerzte Wartezeiten.'}]"
313,2580,1,Aber es gibt in anderen Laender sowieso striktere Geschwindigkeitsbegrenzungen also sollte das kein groesseres Problem sein,['Z.C2-1'],AUTOAI,"[['Greeting_Message'], ['Z.P1'], ['intro_61'], ['Z.P1'], ['intro_2', 'z_trans_12', 'Z.P8-1'], ['Z.P8-1-2'], ['intro_62'], ['Z.P8-1-2'], ['intro_3', 'z_trans_11', 'Z.C5'], ['DISSENT'], ['intro_61'], ['OTHER'], ['intro_2', 'z_trans_12', 'Z.C10'], ['OTHER'], ['intro_62'], ['OTHER'], ['intro_2', 'z_trans_11', 'Z.C2']]","[1915, 1955, 1956, 1985, 2023, 2024, 2075, 2321, 2394, 2396, 2403, 2422, 2423, 2485, 2504, 6954, 6955, 6956, 6957, 6958, 6959, 6960, 6961, 6962, 6963, 6964, 6965, 6966, 6967, 6968, 6969, 6970, 6971, 6972, 6973, 6974, 6975, 6976, 6977, 6978, 6979, 6980]",96,9138,98.9494418910046,42,42,0.4329038082731451,"[{'id': 1915, 'label': 'Z.C2-1', 'text': 'Geschwindigkeitsbegrenuzungen verlangsamen den verkehr in der regel nicht'}, {'id': 1955, 'label': 'Z.C2-1', 'text': 'Aber es gibt in anderen Laender sowieso striktere Geschwindigkeitsbegrenzungen also sollte das kein groesseres Problem sein'}, {'id': 1956, 'label': 'Z.C2-1', 'text': 'In anderen Laendern gibt es schon striktere Geschwindigkeitsbegrenzungen und das funktioniert dort auch'}, {'id': 1985, 'label': 'Z.C2-1', 'text': 'Je schneller menschen fahren desto mehr unfaelle entstehen, logischerweise bedeutet eine reduzierung des Tempolimits nicht dass fahrten ineffizienter werden sondern wenn dann eher sicherer'}, {'id': 2023, 'label': 'Z.C2-1', 'text': 'Geschwindigkeitsbeschraenkungen haben nur bedingt etwas mit autoKI zu tun. Geschwindigkeitsbegrenzungen im Allgemeinen verbessern die Sicherheit'}, {'id': 2024, 'label': 'Z.C2-1', 'text': 'Geschwindigkeitsbegrenzungen foerdern so oder so die Sicherheit'}, {'id': 2075, 'label': 'Z.C2-1', 'text': 'Striktere Geschwindigkeitsbegrenzungen koennten auch jetzt schon, ohne die KI durchgesetzt werden und wuerden dann zu einem sichereren Verkehr fuehren'}, {'id': 2321, 'label': 'Z.C2-1', 'text': 'Das Tempolimit sollte so oder so eingefphrt werden. Dadurch haben wir einen weiteren grund diese KI zu benutzen'}, {'id': 2394, 'label': 'Z.C2-1', 'text': 'das wichtigste Argument meiner Meinung ist, dass die AutoKI dann das Tempolimit einhalten kann & diesbezueglich weniger Unfaelle passieren wuerden,'}, {'id': 2396, 'label': 'Z.C2-1', 'text': 'AutoKi sollte zugelassen werde, da durch die KI Auto bezueglich dem Tempolimit weniger Unfaelle brauen wuerden '}]"
314,2609,1,Der Datenschutz ist sehr wichtig man muss hier auf jedenfall eine loesung finden dass die Autos untereinander nicht zu viele Informationen tauschen,['Z.C8-1'],AUTOAI,"[['Greeting_Message'], ['OTHER'], ['intro_61'], ['OTHER'], ['intro_1', 'z_trans_12', 'Z.P8-1'], ['OTHER'], ['intro_62'], ['NZ.K10'], ['intro_2', 'z_trans_11', 'Z.C5'], ['Z.P10-1-1'], ['intro_62'], ['Z.P6'], ['intro_2', 'z_trans_12', 'Z.C10'], ['Z.P6'], ['intro_61'], ['OTHER'], ['intro_3', 'z_trans_2', 'Z.C2'], ['OTHER'], ['intro_62'], ['OTHER'], ['intro_3', 'z_trans_11', 'Z.C4'], ['OTHER'], ['intro_61'], ['CONSENT'], ['intro_1', 'z_trans_11', 'Z.C8']]","[1865, 1869, 1918, 1919, 1935, 1976, 1977, 2147, 2148, 2554, 2745, 2791, 8087, 8088, 8089, 8090, 8091, 8092, 8093, 8094, 8095, 8096, 8097, 8098, 8099, 8100, 8101, 8102, 8103, 8104, 8105, 8106, 8107, 8108, 8109, 8110, 8111, 8112, 8113]",329,9138,96.39964981396368,39,39,0.11427314111685663,"[{'id': 1861, 'label': 'Z.C3-2', 'text': 'Wenn ein Mensch einen Fehler macht lernt nur dieser ein Mensch und macht ihn nicht wieder. Ein autonomes Auto kann Fehler direk an alle weitergeben, sodass alle davon lernen, jeder Fehler sollte nur ein einziges mal gemacht werden '}, {'id': 1865, 'label': 'Z.C8-1', 'text': ' man kann anonymisiert daten ueber fahrtweg austauschen ohne gesamte fahrplaene freizugeben'}, {'id': 1869, 'label': 'Z.C8-1', 'text': 'Dann macht man Syteme die diese Daten nicht teilen'}, {'id': 1916, 'label': 'Z.C4-1', 'text': 'Das kann man ja aber durch eine gute firewall absichern'}, {'id': 1917, 'label': 'Z.C4-1', 'text': 'Das kann man sicher machen'}, {'id': 1918, 'label': 'Z.C8-1', 'text': 'Das kann man loesen indem keine daten gespeichert werden'}, {'id': 1919, 'label': 'Z.C8-1', 'text': 'Daten nicht speichern'}, {'id': 1933, 'label': 'Z.C3-2', 'text': 'Die Autos muessten deshalb untereinander vernetzt sein'}, {'id': 1934, 'label': 'Z.C3-2', 'text': 'Autos aller Hersteller muessten dann untereinander kommunizieren koennen'}, {'id': 1935, 'label': 'Z.C8-1', 'text': 'Dafuer gibt es Datenschutzgesetze '}]"
315,2610,1,"Auch die Speicherung der Daten durch das Autounternehmen muss geregelt werden, sodass diese die Daten nicht an dritte weitergeben ",['Z.C8-1'],AUTOAI,"[['Greeting_Message'], ['OTHER'], ['intro_61'], ['OTHER'], ['intro_1', 'z_trans_12', 'Z.P8-1'], ['OTHER'], ['intro_62'], ['NZ.K10'], ['intro_2', 'z_trans_11', 'Z.C5'], ['Z.P10-1-1'], ['intro_62'], ['Z.P6'], ['intro_2', 'z_trans_12', 'Z.C10'], ['Z.P6'], ['intro_61'], ['OTHER'], ['intro_3', 'z_trans_2', 'Z.C2'], ['OTHER'], ['intro_62'], ['OTHER'], ['intro_3', 'z_trans_11', 'Z.C4'], ['OTHER'], ['intro_61'], ['CONSENT'], ['intro_1', 'z_trans_11', 'Z.C8'], ['Z.C8-1'], ['intro_32', 'Z.C8-1', 'intro_5', 'z_trans_16', 'Z.C9']]","[1865, 1869, 1918, 1919, 1935, 1976, 1977, 2147, 2148, 2554, 2745, 2791, 8087, 8088, 8089, 8090, 8091, 8092, 8093, 8094, 8095, 8096, 8097, 8098, 8099, 8100, 8101, 8102, 8103, 8104, 8105, 8106, 8107, 8108, 8109, 8110, 8111, 8112, 8113]",699,9138,92.35062376887721,39,39,0.05152609909851519,"[{'id': 1861, 'label': 'Z.C3-2', 'text': 'Wenn ein Mensch einen Fehler macht lernt nur dieser ein Mensch und macht ihn nicht wieder. Ein autonomes Auto kann Fehler direk an alle weitergeben, sodass alle davon lernen, jeder Fehler sollte nur ein einziges mal gemacht werden '}, {'id': 1865, 'label': 'Z.C8-1', 'text': ' man kann anonymisiert daten ueber fahrtweg austauschen ohne gesamte fahrplaene freizugeben'}, {'id': 1869, 'label': 'Z.C8-1', 'text': 'Dann macht man Syteme die diese Daten nicht teilen'}, {'id': 1870, 'label': 'Z.C11', 'text': 'Firma oder Fahrer falls gefaehrliche Befehle gegeben'}, {'id': 1887, 'label': 'Z.C11', 'text': 'Wer haftet bei einem Unfall?'}, {'id': 1889, 'label': 'Z.C12', 'text': '2. Argument: Keiner kann mehr Auto fahren'}, {'id': 1890, 'label': 'Z.C12', 'text': '2. Argument: Es lernt keiner mehr Auto zu fahren.'}, {'id': 1891, 'label': 'Z.C11', 'text': '3. Argument: Die Rechtslage ist unklar bei Unfaellen.'}, {'id': 1902, 'label': 'Z.C11', 'text': 'Jeder Mensch sollte trotzdem eine Fahrausbildung Besitzen und im Falle eines Unfalles haften '}, {'id': 1903, 'label': 'Z.C11', 'text': 'Der mensch sollte trotzdem haften '}]"
316,2614,1,"Durchaus, vor allem emotionale Fahrweisen werden wohl ein Problem sein",['Z.P11'],AUTOAI,"[['Greeting_Message'], ['Z.C5-1-1-1-1'], ['intro_61'], ['DISSENT'], ['intro_3', 'z_trans_11', 'Z.P8-1']]","[1859, 1873, 1874, 1898, 1899, 1926, 1927, 1948, 1949, 1979, 1980, 1987, 1988, 1994, 2076, 2077, 2122, 2127, 2131, 2138, 2139, 2172, 2173, 2176, 2177, 2183, 2184, 2215, 2223, 2231, 2232, 2237, 2238, 2253, 2254, 2273, 2277, 2300, 2301, 2311, 2312, 2313, 2322, 2329, 2360, 2361, 2387, 2388, 2414, 2415, 2428, 2429, 2439, 2447, 2463, 2468, 2484, 2508, 2515, 2533, 2550, 2553, 2573, 2576, 2588, 2590, 2600, 2615, 2618, 2639, 2642, 2647, 2662, 2666, 2668, 2674, 2693, 2694, 2714, 2716, 2730, 2735, 2744, 2757, 2762, 2778, 2788, 2790, 7744, 7745, 7746, 7747, 7748, 7749, 7750, 7751, 7752, 7753, 7754, 7755, 7756, 7757, 7758, 7759, 7760, 7761, 7762, 7763, 7764, 7765, 7766, 7767, 7768, 7769, 7770]",1819,9138,80.09411249726416,115,115,0.05063673962168983,"[{'id': 2, 'label': 'Z.P3', 'text': 'Das Wissen einer KI kann eine deutlich hoehere Menge erreichen, als das Wissen eines Menschen. '}, {'id': 3, 'label': 'Z.P3', 'text': 'Eine KI kann mehr Wissen als ein Mensch'}, {'id': 8, 'label': 'Z.P1', 'text': 'Der Trend geht ohnehin weg von kleinen Landarztpraxen und hin zu medizinischen Versorgungszentren'}, {'id': 24, 'label': 'Z.P1', 'text': 'Aerzte sind doch auch Rund um die Uhr erreichbar?! Dafuer werden Sie auch dementsprechend bezahlt. Auf dem Land natuerlich nicht, aber eine KI koennte auch nicht ohne Beaufsichtigung das Krankenhaus leiten'}, {'id': 85, 'label': 'Z.P2', 'text': 'KI sind objektiv '}, {'id': 86, 'label': 'Z.P2', 'text': 'KI sind nicht bestechbar'}, {'id': 100, 'label': 'Z.P1', 'text': 'Mit medKI gibt es immerhin genug Aerztinnen, die jetzt fehlen?'}, {'id': 103, 'label': 'Z.P1-1', 'text': 'Personal wird dann trotzdem benoetigt '}, {'id': 137, 'label': 'Z.P1', 'text': 'In vielen Medizinischen Bereichen herrscht ein grosser Personalmangel. Gerade bei einfachen Diagnosen kann es dann sinnvoll sein, dass diese eine KI uebernimmt'}, {'id': 138, 'label': 'Z.P1', 'text': 'Das ist zwar nicht ganz das was ich meinte aber auch ein guter Punkt. Ich wollte eher auf die Entlastung des Personals abzielen und eine Verschnoerkelung des diagnostischen Prozesses, sowie verkuerzte Wartezeiten.'}]"
317,2616,1,"Klar, ich finde allerdings dass diese Skepsis gerechtfertigt ist, da andernfalls jede Situation zu einer blossen Abrechnung von Nutzen wird",['Z.C5-1-1-1-1'],AUTOAI,"[['Greeting_Message'], ['Z.C5-1-1-1-1'], ['intro_61'], ['DISSENT'], ['intro_3', 'z_trans_11', 'Z.P8-1'], ['Z.P11'], ['intro_62'], ['Z.P11'], ['intro_2', 'z_trans_2', 'Z.C5']]","[1978, 1981, 1982, 2320, 7300, 7301, 7302, 7303, 7304, 7305, 7306, 7307, 7308, 7309, 7310, 7311, 7312, 7313, 7314, 7315, 7316, 7317, 7318, 7319, 7320, 7321]",442,9138,95.163055373167,26,26,0.05597826786656882,"[{'id': 1858, 'label': 'Z.C5-3', 'text': ""Solange die Ki signifikant besser Auto fahren kann als die durchschnittliche Person, kann gerechtfertigt werden dass KI's zugelassen werden. Die absolute Zahl der unfaelle sollte dann, statistisch gesehen runtergehen.""}, {'id': 1863, 'label': 'Z.C5', 'text': 'Die aussage ist falsch, Menschen lieben es nicht selber Entscheidungen zu erabeiten, zur diese zu treffen, wir haben Algorithmen die uns sagen was fuer Buecher wir gerne lesen wuerden, wir moegen nur die Entscheidung treffen aus der erarbeiteten Auswahl'}, {'id': 1877, 'label': 'Z.C5-3', 'text': 'viele neue technologien werden zunaechst von der gesellschaft angelehnt, etablieren sich jedoch mit dem wandel der gesellschaft ueber laengere zeit'}, {'id': 1878, 'label': 'Z.C5-3', 'text': 'die gesellschaft akzeptiert neue technologien mit dem wandel der zeit'}, {'id': 1879, 'label': 'Z.C6-3-1', 'text': 'da kein eingreifen der menschen moeglich ist, muesste der programmierer der KI rechtlich fuer das handeln des KIs sein'}, {'id': 1880, 'label': 'Z.C6-3-1', 'text': 'da die menschen nicht eingreifen koennen muss der hersteller der KI verantwortung fuer das handeln der KI tragen'}, {'id': 1922, 'label': 'Z.C5', 'text': 'Es wird alles akzeptiert, wenn es funktioniert '}, {'id': 1923, 'label': 'Z.C5-3', 'text': 'Wenn das autonome Fahren ohne Unfall funktioniert, wird es auch von der Gesellschaft akzeptiert'}, {'id': 1930, 'label': 'Z.C5-2', 'text': 'Dafuer muss mehr Akzeptanz in der Gesellschaft geschaffen werden'}, {'id': 1978, 'label': 'Z.C5-1-1-1-1', 'text': 'Vollstaendig autonomes fahren ist zwar eine gute Idee auf dem Papier aber dabei fehlt eher die moeglichkeit einzugreifen'}]"
318,2622,1,Ja aber das Problem kann ja auch bei klasischen Autoboardcomoutern entstehen,['Z.C4-1-2'],AUTOAI,"[['Greeting_Message'], ['Z.C5-1-1-1-1'], ['intro_61'], ['DISSENT'], ['intro_3', 'z_trans_11', 'Z.P8-1'], ['Z.P11'], ['intro_62'], ['Z.P11'], ['intro_2', 'z_trans_2', 'Z.C5'], ['Z.C5-1-1-1-1'], ['intro_61'], ['Z.C5-1-1-1-1'], ['intro_2', 'z_trans_11', 'Z.C10'], ['Z.P2-1'], ['intro_62'], ['Z.P10-1'], ['intro_1', 'z_trans_12', 'Z.C2'], ['OTHER'], ['intro_62'], ['Z.C2-1'], ['intro_1', 'z_trans_12', 'Z.C4']]","[1986, 2145, 2146, 2270, 2393, 2424, 2580, 2631, 2728, 7165, 7166, 7167, 7168, 7169, 7170, 7171, 7172, 7173, 7174, 7175, 7176, 7177, 7178, 7179, 7180, 7181, 7182, 7183, 7184, 7185, 7186, 7187, 7188, 7189, 7190, 7191]",329,9138,96.39964981396368,36,36,0.10548289949248305,"[{'id': 1861, 'label': 'Z.C3-2', 'text': 'Wenn ein Mensch einen Fehler macht lernt nur dieser ein Mensch und macht ihn nicht wieder. Ein autonomes Auto kann Fehler direk an alle weitergeben, sodass alle davon lernen, jeder Fehler sollte nur ein einziges mal gemacht werden '}, {'id': 1865, 'label': 'Z.C8-1', 'text': ' man kann anonymisiert daten ueber fahrtweg austauschen ohne gesamte fahrplaene freizugeben'}, {'id': 1869, 'label': 'Z.C8-1', 'text': 'Dann macht man Syteme die diese Daten nicht teilen'}, {'id': 1916, 'label': 'Z.C4-1', 'text': 'Das kann man ja aber durch eine gute firewall absichern'}, {'id': 1917, 'label': 'Z.C4-1', 'text': 'Das kann man sicher machen'}, {'id': 1918, 'label': 'Z.C8-1', 'text': 'Das kann man loesen indem keine daten gespeichert werden'}, {'id': 1919, 'label': 'Z.C8-1', 'text': 'Daten nicht speichern'}, {'id': 1933, 'label': 'Z.C3-2', 'text': 'Die Autos muessten deshalb untereinander vernetzt sein'}, {'id': 1934, 'label': 'Z.C3-2', 'text': 'Autos aller Hersteller muessten dann untereinander kommunizieren koennen'}, {'id': 1935, 'label': 'Z.C8-1', 'text': 'Dafuer gibt es Datenschutzgesetze '}]"
319,2625,1,Muss dann durch Tests spezifiziert und dann angepasst werden ,['Z.P8-1'],AUTOAI,"[['Greeting_Message'], ['Z.P11'], ['intro_61'], ['Z.P11'], ['intro_1', 'z_trans_11', 'Z.P8-1']]","[1860, 1963, 1968, 1969, 1989, 2290, 2334, 2352, 2357, 2372, 2407, 2430, 2431, 2451, 2456, 2602, 2679, 2710, 7426, 7427, 7428, 7429, 7430, 7431, 7432, 7433, 7434, 7435, 7436, 7437, 7438, 7439, 7440, 7441, 7442, 7443, 7444, 7445, 7446, 7447, 7448, 7449, 7450, 7451, 7452]",1819,9138,80.09411249726416,45,45,0.019814376373704715,"[{'id': 2, 'label': 'Z.P3', 'text': 'Das Wissen einer KI kann eine deutlich hoehere Menge erreichen, als das Wissen eines Menschen. '}, {'id': 3, 'label': 'Z.P3', 'text': 'Eine KI kann mehr Wissen als ein Mensch'}, {'id': 8, 'label': 'Z.P1', 'text': 'Der Trend geht ohnehin weg von kleinen Landarztpraxen und hin zu medizinischen Versorgungszentren'}, {'id': 24, 'label': 'Z.P1', 'text': 'Aerzte sind doch auch Rund um die Uhr erreichbar?! Dafuer werden Sie auch dementsprechend bezahlt. Auf dem Land natuerlich nicht, aber eine KI koennte auch nicht ohne Beaufsichtigung das Krankenhaus leiten'}, {'id': 85, 'label': 'Z.P2', 'text': 'KI sind objektiv '}, {'id': 86, 'label': 'Z.P2', 'text': 'KI sind nicht bestechbar'}, {'id': 100, 'label': 'Z.P1', 'text': 'Mit medKI gibt es immerhin genug Aerztinnen, die jetzt fehlen?'}, {'id': 103, 'label': 'Z.P1-1', 'text': 'Personal wird dann trotzdem benoetigt '}, {'id': 137, 'label': 'Z.P1', 'text': 'In vielen Medizinischen Bereichen herrscht ein grosser Personalmangel. Gerade bei einfachen Diagnosen kann es dann sinnvoll sein, dass diese eine KI uebernimmt'}, {'id': 138, 'label': 'Z.P1', 'text': 'Das ist zwar nicht ganz das was ich meinte aber auch ein guter Punkt. Ich wollte eher auf die Entlastung des Personals abzielen und eine Verschnoerkelung des diagnostischen Prozesses, sowie verkuerzte Wartezeiten.'}]"
320,2635,1,"Wenn aber alles auf autoik umsteigt, dann ist es nicht mehr moeglich auf Leute mit muedigkeit oder sonstigen Ruecksicht zu nehmen ",['Z.P8-1-2'],AUTOAI,"[['Greeting_Message'], ['Z.P10'], ['intro_61'], ['Z.P10'], ['intro_3', 'z_trans_2', 'Z.P8-1']]","[1862, 1875, 1876, 1900, 1901, 1921, 1928, 1929, 1950, 1953, 1954, 1997, 2082, 2128, 2129, 2174, 2175, 2216, 2217, 2224, 2239, 2240, 2302, 2303, 2343, 2408, 2409, 2416, 2417, 2437, 2464, 2476, 2477, 2555, 2621, 2628, 2731, 7480, 7481, 7482, 7483, 7484, 7485, 7486, 7487, 7488, 7489, 7490, 7491, 7492, 7493, 7494, 7495, 7496, 7497, 7498, 7499, 7500, 7501, 7502, 7503, 7504, 7505]",1819,9138,80.09411249726416,63,63,0.0277401269231866,"[{'id': 2, 'label': 'Z.P3', 'text': 'Das Wissen einer KI kann eine deutlich hoehere Menge erreichen, als das Wissen eines Menschen. '}, {'id': 3, 'label': 'Z.P3', 'text': 'Eine KI kann mehr Wissen als ein Mensch'}, {'id': 8, 'label': 'Z.P1', 'text': 'Der Trend geht ohnehin weg von kleinen Landarztpraxen und hin zu medizinischen Versorgungszentren'}, {'id': 24, 'label': 'Z.P1', 'text': 'Aerzte sind doch auch Rund um die Uhr erreichbar?! Dafuer werden Sie auch dementsprechend bezahlt. Auf dem Land natuerlich nicht, aber eine KI koennte auch nicht ohne Beaufsichtigung das Krankenhaus leiten'}, {'id': 85, 'label': 'Z.P2', 'text': 'KI sind objektiv '}, {'id': 86, 'label': 'Z.P2', 'text': 'KI sind nicht bestechbar'}, {'id': 100, 'label': 'Z.P1', 'text': 'Mit medKI gibt es immerhin genug Aerztinnen, die jetzt fehlen?'}, {'id': 103, 'label': 'Z.P1-1', 'text': 'Personal wird dann trotzdem benoetigt '}, {'id': 137, 'label': 'Z.P1', 'text': 'In vielen Medizinischen Bereichen herrscht ein grosser Personalmangel. Gerade bei einfachen Diagnosen kann es dann sinnvoll sein, dass diese eine KI uebernimmt'}, {'id': 138, 'label': 'Z.P1', 'text': 'Das ist zwar nicht ganz das was ich meinte aber auch ein guter Punkt. Ich wollte eher auf die Entlastung des Personals abzielen und eine Verschnoerkelung des diagnostischen Prozesses, sowie verkuerzte Wartezeiten.'}]"
321,2637,1,"Ich denke, dass die juengere Generation durchaus ihren Zuspruch geben wird",['Z.C5-1'],AUTOAI,"[['Greeting_Message'], ['Z.P10'], ['intro_61'], ['Z.P10'], ['intro_3', 'z_trans_2', 'Z.P8-1'], ['Z.P8-1-2'], ['intro_62'], ['DISSENT'], ['intro_3', 'z_trans_12', 'Z.C5']]","[1998, 2130, 2304, 2399, 2664, 7219, 7220, 7221, 7222, 7223, 7224, 7225, 7226, 7227, 7228, 7229, 7230, 7231, 7232, 7233, 7234, 7235, 7236, 7237, 7238, 7239, 7240, 7241, 7242, 7243, 7244, 7245]",442,9138,95.163055373167,32,32,0.06889632968193087,"[{'id': 1858, 'label': 'Z.C5-3', 'text': ""Solange die Ki signifikant besser Auto fahren kann als die durchschnittliche Person, kann gerechtfertigt werden dass KI's zugelassen werden. Die absolute Zahl der unfaelle sollte dann, statistisch gesehen runtergehen.""}, {'id': 1863, 'label': 'Z.C5', 'text': 'Die aussage ist falsch, Menschen lieben es nicht selber Entscheidungen zu erabeiten, zur diese zu treffen, wir haben Algorithmen die uns sagen was fuer Buecher wir gerne lesen wuerden, wir moegen nur die Entscheidung treffen aus der erarbeiteten Auswahl'}, {'id': 1877, 'label': 'Z.C5-3', 'text': 'viele neue technologien werden zunaechst von der gesellschaft angelehnt, etablieren sich jedoch mit dem wandel der gesellschaft ueber laengere zeit'}, {'id': 1878, 'label': 'Z.C5-3', 'text': 'die gesellschaft akzeptiert neue technologien mit dem wandel der zeit'}, {'id': 1879, 'label': 'Z.C6-3-1', 'text': 'da kein eingreifen der menschen moeglich ist, muesste der programmierer der KI rechtlich fuer das handeln des KIs sein'}, {'id': 1880, 'label': 'Z.C6-3-1', 'text': 'da die menschen nicht eingreifen koennen muss der hersteller der KI verantwortung fuer das handeln der KI tragen'}, {'id': 1922, 'label': 'Z.C5', 'text': 'Es wird alles akzeptiert, wenn es funktioniert '}, {'id': 1923, 'label': 'Z.C5-3', 'text': 'Wenn das autonome Fahren ohne Unfall funktioniert, wird es auch von der Gesellschaft akzeptiert'}, {'id': 1930, 'label': 'Z.C5-2', 'text': 'Dafuer muss mehr Akzeptanz in der Gesellschaft geschaffen werden'}, {'id': 1978, 'label': 'Z.C5-1-1-1-1', 'text': 'Vollstaendig autonomes fahren ist zwar eine gute Idee auf dem Papier aber dabei fehlt eher die moeglichkeit einzugreifen'}]"
322,2661,2,Fuer diese kleinen Gruppen die nicht selbstaendig mobil sind koennen Fahrdienste eingesetzt werden. Zudem sind im urbanen Raum sowieso ausreichend OePNV Angebote Bereits vorhanden,['Z.P6-1'],AUTOAI,"[['Greeting_Message'], ['Z.C3'], ['intro_61'], ['Z.C3'], ['intro_2', 'z_trans_12', 'Z.P6']]","[2019, 2020, 2073, 2198, 2308, 2309, 2353, 6641, 6642, 6643, 6644, 6645, 6646, 6647, 6648, 6649, 6650, 6651, 6652, 6653, 6654, 6655, 6656, 6657, 6658, 6659, 6660, 6661, 6662, 6663, 6664, 6665, 6666, 6667]",746,9138,91.83628802801488,34,34,0.04185568087067703,"[{'id': 4, 'label': 'Z.P5', 'text': 'Durch Einsparung von Personal bei Aerztinnen, kann mehr fuer Pflegepersonal ausgegeben werden. '}, {'id': 5, 'label': 'Z.P4-1', 'text': 'Aber ist es realistisch, dass das Gesundheitssystem besser finanziert wird bevor eine medKI in der Lage ist fundierte Entscheidungen zu treffen?'}, {'id': 12, 'label': 'Z.P4', 'text': 'Die MedKI kann unterstuetzen, den Mangel an Aerzten entgegenzuwirken. Durch den demographischen Wandel wird es mehr kranke und alte Menschen geben. Dadurch brauchen wir mehr Aerzte'}, {'id': 13, 'label': 'Z.P5', 'text': 'Die KI kann von mehreren Nationen entwickelt werden. Dadurch sinken die Kosten'}, {'id': 14, 'label': 'Z.P5', 'text': 'Sobald eine selbst lernende Ki entwickelt wurde, wird das Entwickeln nicht mehr viel kosten'}, {'id': 15, 'label': 'Z.P5', 'text': 'Dafuer kann der First Level Support von Aerzten abgewendet werden und durch KIs uebernommen werden'}, {'id': 83, 'label': 'Z.P4-1', 'text': 'Dann sollen die Unis mehr Medizin Plaetze anbieten dann gibt es mehr Aerzte '}, {'id': 84, 'label': 'Z.P6', 'text': 'KI sind praeziser '}, {'id': 108, 'label': 'Z.P4-1', 'text': 'Man koennte auch das Medizin Studium zugaenglicher machen'}, {'id': 109, 'label': 'Z.P4-1', 'text': 'Anstelle der KI kann man auch das Medizin Studium zugaenglicher machen'}]"
323,2665,2,Geschwindigkeitsbeschraenkungen haben nur bedingt etwas mit autoKI zu tun. Geschwindigkeitsbegrenzungen im Allgemeinen verbessern die Sicherheit,['Z.C2-1'],AUTOAI,"[['Greeting_Message'], ['Z.C3'], ['intro_61'], ['Z.C3'], ['intro_2', 'z_trans_12', 'Z.P6'], ['Z.P6-1'], ['intro_62'], ['Z.P6-1'], ['intro_2', 'z_trans_11', 'Z.P7'], ['CONSENT', 'NZ.K10'], ['intro_61'], ['NZ.K10'], ['intro_2', 'z_trans_11', 'Z.C2-1']]","[1915, 1955, 1956, 1985, 2023, 2024, 2075, 2321, 2394, 2396, 2403, 2422, 2423, 2485, 2504, 6954, 6955, 6956, 6957, 6958, 6959, 6960, 6961, 6962, 6963, 6964, 6965, 6966, 6967, 6968, 6969, 6970, 6971, 6972, 6973, 6974, 6975, 6976, 6977, 6978, 6979, 6980]",96,9138,98.9494418910046,42,42,0.4329038082731451,"[{'id': 1915, 'label': 'Z.C2-1', 'text': 'Geschwindigkeitsbegrenuzungen verlangsamen den verkehr in der regel nicht'}, {'id': 1955, 'label': 'Z.C2-1', 'text': 'Aber es gibt in anderen Laender sowieso striktere Geschwindigkeitsbegrenzungen also sollte das kein groesseres Problem sein'}, {'id': 1956, 'label': 'Z.C2-1', 'text': 'In anderen Laendern gibt es schon striktere Geschwindigkeitsbegrenzungen und das funktioniert dort auch'}, {'id': 1985, 'label': 'Z.C2-1', 'text': 'Je schneller menschen fahren desto mehr unfaelle entstehen, logischerweise bedeutet eine reduzierung des Tempolimits nicht dass fahrten ineffizienter werden sondern wenn dann eher sicherer'}, {'id': 2023, 'label': 'Z.C2-1', 'text': 'Geschwindigkeitsbeschraenkungen haben nur bedingt etwas mit autoKI zu tun. Geschwindigkeitsbegrenzungen im Allgemeinen verbessern die Sicherheit'}, {'id': 2024, 'label': 'Z.C2-1', 'text': 'Geschwindigkeitsbegrenzungen foerdern so oder so die Sicherheit'}, {'id': 2075, 'label': 'Z.C2-1', 'text': 'Striktere Geschwindigkeitsbegrenzungen koennten auch jetzt schon, ohne die KI durchgesetzt werden und wuerden dann zu einem sichereren Verkehr fuehren'}, {'id': 2321, 'label': 'Z.C2-1', 'text': 'Das Tempolimit sollte so oder so eingefphrt werden. Dadurch haben wir einen weiteren grund diese KI zu benutzen'}, {'id': 2394, 'label': 'Z.C2-1', 'text': 'das wichtigste Argument meiner Meinung ist, dass die AutoKI dann das Tempolimit einhalten kann & diesbezueglich weniger Unfaelle passieren wuerden,'}, {'id': 2396, 'label': 'Z.C2-1', 'text': 'AutoKi sollte zugelassen werde, da durch die KI Auto bezueglich dem Tempolimit weniger Unfaelle brauen wuerden '}]"
324,2721,2,"Ja die soziale Teilhabe wird erhoeht, allerdings benoetigt das autonome Fahren andere Faehigkeiten die nicht jeder Mensch hat und damit schliessen wir andere Gruppen wiederum aus",['Z.P6-1'],AUTOAI,"[['Greeting_Message'], ['Z.C11'], ['intro_32', 'Z.C11', 'intro_2', 'Z.C11-1'], ['Z.P12-2'], ['intro_61'], ['Z.P12-2'], ['intro_2', 'z_trans_11', 'Z.P6']]","[2019, 2020, 2073, 2198, 2308, 2309, 2353, 6641, 6642, 6643, 6644, 6645, 6646, 6647, 6648, 6649, 6650, 6651, 6652, 6653, 6654, 6655, 6656, 6657, 6658, 6659, 6660, 6661, 6662, 6663, 6664, 6665, 6666, 6667]",746,9138,91.83628802801488,34,34,0.04185568087067703,"[{'id': 4, 'label': 'Z.P5', 'text': 'Durch Einsparung von Personal bei Aerztinnen, kann mehr fuer Pflegepersonal ausgegeben werden. '}, {'id': 5, 'label': 'Z.P4-1', 'text': 'Aber ist es realistisch, dass das Gesundheitssystem besser finanziert wird bevor eine medKI in der Lage ist fundierte Entscheidungen zu treffen?'}, {'id': 12, 'label': 'Z.P4', 'text': 'Die MedKI kann unterstuetzen, den Mangel an Aerzten entgegenzuwirken. Durch den demographischen Wandel wird es mehr kranke und alte Menschen geben. Dadurch brauchen wir mehr Aerzte'}, {'id': 13, 'label': 'Z.P5', 'text': 'Die KI kann von mehreren Nationen entwickelt werden. Dadurch sinken die Kosten'}, {'id': 14, 'label': 'Z.P5', 'text': 'Sobald eine selbst lernende Ki entwickelt wurde, wird das Entwickeln nicht mehr viel kosten'}, {'id': 15, 'label': 'Z.P5', 'text': 'Dafuer kann der First Level Support von Aerzten abgewendet werden und durch KIs uebernommen werden'}, {'id': 83, 'label': 'Z.P4-1', 'text': 'Dann sollen die Unis mehr Medizin Plaetze anbieten dann gibt es mehr Aerzte '}, {'id': 84, 'label': 'Z.P6', 'text': 'KI sind praeziser '}, {'id': 108, 'label': 'Z.P4-1', 'text': 'Man koennte auch das Medizin Studium zugaenglicher machen'}, {'id': 109, 'label': 'Z.P4-1', 'text': 'Anstelle der KI kann man auch das Medizin Studium zugaenglicher machen'}]"
325,2722,2,"Die KI benoetigt im Strassenverkehr mehr Sensoren, die wiederum mehr Rohstoffe benoetigen und das ist schlecht fuer die Umwelt",['Z.P12-2'],AUTOAI,"[['Greeting_Message'], ['Z.C11'], ['intro_32', 'Z.C11', 'intro_2', 'Z.C11-1'], ['Z.P12-2'], ['intro_61'], ['Z.P12-2'], ['intro_2', 'z_trans_11', 'Z.P6'], ['Z.P6-1'], ['intro_32', 'Z.P6-1', 'intro_4', 'z_trans_1', 'Z.P7']]","[2071, 2072, 2074, 2157, 2158, 2358, 2458, 6851, 6852, 6853, 6854, 6855, 6856, 6857, 6858, 6859, 6860, 6861, 6862, 6863, 6864, 6865, 6866, 6867, 6868, 6869, 6870, 6871, 6872]",2565,9138,71.93040052527905,29,29,0.008132481930733305,"[{'id': 2, 'label': 'Z.P3', 'text': 'Das Wissen einer KI kann eine deutlich hoehere Menge erreichen, als das Wissen eines Menschen. '}, {'id': 3, 'label': 'Z.P3', 'text': 'Eine KI kann mehr Wissen als ein Mensch'}, {'id': 4, 'label': 'Z.P5', 'text': 'Durch Einsparung von Personal bei Aerztinnen, kann mehr fuer Pflegepersonal ausgegeben werden. '}, {'id': 5, 'label': 'Z.P4-1', 'text': 'Aber ist es realistisch, dass das Gesundheitssystem besser finanziert wird bevor eine medKI in der Lage ist fundierte Entscheidungen zu treffen?'}, {'id': 8, 'label': 'Z.P1', 'text': 'Der Trend geht ohnehin weg von kleinen Landarztpraxen und hin zu medizinischen Versorgungszentren'}, {'id': 12, 'label': 'Z.P4', 'text': 'Die MedKI kann unterstuetzen, den Mangel an Aerzten entgegenzuwirken. Durch den demographischen Wandel wird es mehr kranke und alte Menschen geben. Dadurch brauchen wir mehr Aerzte'}, {'id': 13, 'label': 'Z.P5', 'text': 'Die KI kann von mehreren Nationen entwickelt werden. Dadurch sinken die Kosten'}, {'id': 14, 'label': 'Z.P5', 'text': 'Sobald eine selbst lernende Ki entwickelt wurde, wird das Entwickeln nicht mehr viel kosten'}, {'id': 15, 'label': 'Z.P5', 'text': 'Dafuer kann der First Level Support von Aerzten abgewendet werden und durch KIs uebernommen werden'}, {'id': 24, 'label': 'Z.P1', 'text': 'Aerzte sind doch auch Rund um die Uhr erreichbar?! Dafuer werden Sie auch dementsprechend bezahlt. Auf dem Land natuerlich nicht, aber eine KI koennte auch nicht ohne Beaufsichtigung das Krankenhaus leiten'}]"
326,2729,1,"Ich denke sobald es in der Gesellschaft anerkannt ist, dass weniger Unfaelle passieren, wird sich die Technologie durchsetzen.",['Z.C5-3'],AUTOAI,"[['Greeting_Message'], ['Z.P11'], ['intro_61'], ['Z.P11'], ['intro_3', 'z_trans_2', 'Z.P8-1'], ['Z.C3-2'], ['intro_62'], ['Z.C3-2'], ['intro_2', 'z_trans_12', 'Z.C5']]","[1858, 1877, 1878, 1923, 2080, 2081, 2257, 2258, 2363, 2419, 2441, 2442, 2492, 2629, 2684, 2696, 2748, 2780, 7377, 7378, 7379, 7380, 7381, 7382, 7383, 7384, 7385, 7386, 7387, 7388, 7389, 7390, 7391, 7392, 7393, 7394, 7395, 7396, 7397, 7398]",442,9138,95.163055373167,40,40,0.08612041210241357,"[{'id': 1858, 'label': 'Z.C5-3', 'text': ""Solange die Ki signifikant besser Auto fahren kann als die durchschnittliche Person, kann gerechtfertigt werden dass KI's zugelassen werden. Die absolute Zahl der unfaelle sollte dann, statistisch gesehen runtergehen.""}, {'id': 1863, 'label': 'Z.C5', 'text': 'Die aussage ist falsch, Menschen lieben es nicht selber Entscheidungen zu erabeiten, zur diese zu treffen, wir haben Algorithmen die uns sagen was fuer Buecher wir gerne lesen wuerden, wir moegen nur die Entscheidung treffen aus der erarbeiteten Auswahl'}, {'id': 1877, 'label': 'Z.C5-3', 'text': 'viele neue technologien werden zunaechst von der gesellschaft angelehnt, etablieren sich jedoch mit dem wandel der gesellschaft ueber laengere zeit'}, {'id': 1878, 'label': 'Z.C5-3', 'text': 'die gesellschaft akzeptiert neue technologien mit dem wandel der zeit'}, {'id': 1879, 'label': 'Z.C6-3-1', 'text': 'da kein eingreifen der menschen moeglich ist, muesste der programmierer der KI rechtlich fuer das handeln des KIs sein'}, {'id': 1880, 'label': 'Z.C6-3-1', 'text': 'da die menschen nicht eingreifen koennen muss der hersteller der KI verantwortung fuer das handeln der KI tragen'}, {'id': 1922, 'label': 'Z.C5', 'text': 'Es wird alles akzeptiert, wenn es funktioniert '}, {'id': 1923, 'label': 'Z.C5-3', 'text': 'Wenn das autonome Fahren ohne Unfall funktioniert, wird es auch von der Gesellschaft akzeptiert'}, {'id': 1930, 'label': 'Z.C5-2', 'text': 'Dafuer muss mehr Akzeptanz in der Gesellschaft geschaffen werden'}, {'id': 1978, 'label': 'Z.C5-1-1-1-1', 'text': 'Vollstaendig autonomes fahren ist zwar eine gute Idee auf dem Papier aber dabei fehlt eher die moeglichkeit einzugreifen'}]"
327,2757,2,Man hat keine Kontrolle ueber Auto,['Z.P4-1'],AUTOAI,"[['Greeting_Message'], ['Z.C6'], ['intro_61'], ['Z.C6'], ['intro_2', 'z_trans_2', 'Z.P6']]","[2102, 2314, 6513, 6514, 6515, 6516, 6517, 6518, 6519, 6520, 6521, 6522, 6523, 6524, 6525, 6526, 6527, 6528, 6529, 6530, 6531, 6532, 6533, 6534, 6535, 6536, 6537, 6538, 6539]",746,9138,91.83628802801488,29,29,0.03570043368381275,"[{'id': 4, 'label': 'Z.P5', 'text': 'Durch Einsparung von Personal bei Aerztinnen, kann mehr fuer Pflegepersonal ausgegeben werden. '}, {'id': 5, 'label': 'Z.P4-1', 'text': 'Aber ist es realistisch, dass das Gesundheitssystem besser finanziert wird bevor eine medKI in der Lage ist fundierte Entscheidungen zu treffen?'}, {'id': 12, 'label': 'Z.P4', 'text': 'Die MedKI kann unterstuetzen, den Mangel an Aerzten entgegenzuwirken. Durch den demographischen Wandel wird es mehr kranke und alte Menschen geben. Dadurch brauchen wir mehr Aerzte'}, {'id': 13, 'label': 'Z.P5', 'text': 'Die KI kann von mehreren Nationen entwickelt werden. Dadurch sinken die Kosten'}, {'id': 14, 'label': 'Z.P5', 'text': 'Sobald eine selbst lernende Ki entwickelt wurde, wird das Entwickeln nicht mehr viel kosten'}, {'id': 15, 'label': 'Z.P5', 'text': 'Dafuer kann der First Level Support von Aerzten abgewendet werden und durch KIs uebernommen werden'}, {'id': 83, 'label': 'Z.P4-1', 'text': 'Dann sollen die Unis mehr Medizin Plaetze anbieten dann gibt es mehr Aerzte '}, {'id': 84, 'label': 'Z.P6', 'text': 'KI sind praeziser '}, {'id': 108, 'label': 'Z.P4-1', 'text': 'Man koennte auch das Medizin Studium zugaenglicher machen'}, {'id': 109, 'label': 'Z.P4-1', 'text': 'Anstelle der KI kann man auch das Medizin Studium zugaenglicher machen'}]"
328,2781,1,"Man kann mit selbstfahrenden Autos weite Strecken am Stueck fahren, da man im besten Fall sogar dabei schlafen kann ",['Z.P2'],AUTOAI,"[['Greeting_Message'], ['Z.P12'], ['intro_26', 'Z.P10', 'intro_1', 'Z.P10-1'], ['Z.P11'], ['intro_61'], ['Z.P5'], ['intro_1', 'z_trans_2', 'Z.P8-1']]","[1886, 2124, 2221, 2225, 2272, 2315, 2435, 2436, 2469, 2488, 2495, 2518, 2537, 2578, 2626, 2627, 2644, 6405, 6406, 6407, 6408, 6409, 6410, 6411, 6412, 6413, 6414, 6415, 6416, 6417, 6418, 6419, 6420, 6421, 6422, 6423, 6424, 6425, 6426, 6427, 6428, 6429, 6430, 6431]",1819,9138,80.09411249726416,44,44,0.019374056898733498,"[{'id': 2, 'label': 'Z.P3', 'text': 'Das Wissen einer KI kann eine deutlich hoehere Menge erreichen, als das Wissen eines Menschen. '}, {'id': 3, 'label': 'Z.P3', 'text': 'Eine KI kann mehr Wissen als ein Mensch'}, {'id': 8, 'label': 'Z.P1', 'text': 'Der Trend geht ohnehin weg von kleinen Landarztpraxen und hin zu medizinischen Versorgungszentren'}, {'id': 24, 'label': 'Z.P1', 'text': 'Aerzte sind doch auch Rund um die Uhr erreichbar?! Dafuer werden Sie auch dementsprechend bezahlt. Auf dem Land natuerlich nicht, aber eine KI koennte auch nicht ohne Beaufsichtigung das Krankenhaus leiten'}, {'id': 85, 'label': 'Z.P2', 'text': 'KI sind objektiv '}, {'id': 86, 'label': 'Z.P2', 'text': 'KI sind nicht bestechbar'}, {'id': 100, 'label': 'Z.P1', 'text': 'Mit medKI gibt es immerhin genug Aerztinnen, die jetzt fehlen?'}, {'id': 103, 'label': 'Z.P1-1', 'text': 'Personal wird dann trotzdem benoetigt '}, {'id': 137, 'label': 'Z.P1', 'text': 'In vielen Medizinischen Bereichen herrscht ein grosser Personalmangel. Gerade bei einfachen Diagnosen kann es dann sinnvoll sein, dass diese eine KI uebernimmt'}, {'id': 138, 'label': 'Z.P1', 'text': 'Das ist zwar nicht ganz das was ich meinte aber auch ein guter Punkt. Ich wollte eher auf die Entlastung des Personals abzielen und eine Verschnoerkelung des diagnostischen Prozesses, sowie verkuerzte Wartezeiten.'}]"
329,2785,1,"Wenn es nur autonome Autos gaebe, wuerde das Problem nicht auftreten",['Z.P8-1-2'],AUTOAI,"[['Greeting_Message'], ['Z.P12'], ['intro_61'], ['Z.P11'], ['intro_3', 'z_trans_12', 'Z.P8-1']]","[1862, 1875, 1876, 1900, 1901, 1921, 1928, 1929, 1950, 1953, 1954, 1997, 2082, 2128, 2129, 2174, 2175, 2216, 2217, 2224, 2239, 2240, 2302, 2303, 2343, 2408, 2409, 2416, 2417, 2437, 2464, 2476, 2477, 2555, 2621, 2628, 2731, 7480, 7481, 7482, 7483, 7484, 7485, 7486, 7487, 7488, 7489, 7490, 7491, 7492, 7493, 7494, 7495, 7496, 7497, 7498, 7499, 7500, 7501, 7502, 7503, 7504, 7505]",1819,9138,80.09411249726416,63,63,0.0277401269231866,"[{'id': 2, 'label': 'Z.P3', 'text': 'Das Wissen einer KI kann eine deutlich hoehere Menge erreichen, als das Wissen eines Menschen. '}, {'id': 3, 'label': 'Z.P3', 'text': 'Eine KI kann mehr Wissen als ein Mensch'}, {'id': 8, 'label': 'Z.P1', 'text': 'Der Trend geht ohnehin weg von kleinen Landarztpraxen und hin zu medizinischen Versorgungszentren'}, {'id': 24, 'label': 'Z.P1', 'text': 'Aerzte sind doch auch Rund um die Uhr erreichbar?! Dafuer werden Sie auch dementsprechend bezahlt. Auf dem Land natuerlich nicht, aber eine KI koennte auch nicht ohne Beaufsichtigung das Krankenhaus leiten'}, {'id': 85, 'label': 'Z.P2', 'text': 'KI sind objektiv '}, {'id': 86, 'label': 'Z.P2', 'text': 'KI sind nicht bestechbar'}, {'id': 100, 'label': 'Z.P1', 'text': 'Mit medKI gibt es immerhin genug Aerztinnen, die jetzt fehlen?'}, {'id': 103, 'label': 'Z.P1-1', 'text': 'Personal wird dann trotzdem benoetigt '}, {'id': 137, 'label': 'Z.P1', 'text': 'In vielen Medizinischen Bereichen herrscht ein grosser Personalmangel. Gerade bei einfachen Diagnosen kann es dann sinnvoll sein, dass diese eine KI uebernimmt'}, {'id': 138, 'label': 'Z.P1', 'text': 'Das ist zwar nicht ganz das was ich meinte aber auch ein guter Punkt. Ich wollte eher auf die Entlastung des Personals abzielen und eine Verschnoerkelung des diagnostischen Prozesses, sowie verkuerzte Wartezeiten.'}]"
330,2787,1,Das passiert bereits jetzt,['Z.C5-1'],AUTOAI,"[['Greeting_Message'], ['Z.P12'], ['intro_61'], ['Z.P11'], ['intro_3', 'z_trans_12', 'Z.P8-1'], ['Z.P8-1-2'], ['intro_62'], ['Z.P8-1-2'], ['intro_1', 'z_trans_13', 'Z.C5']]","[1998, 2130, 2304, 2399, 2664, 7219, 7220, 7221, 7222, 7223, 7224, 7225, 7226, 7227, 7228, 7229, 7230, 7231, 7232, 7233, 7234, 7235, 7236, 7237, 7238, 7239, 7240, 7241, 7242, 7243, 7244, 7245]",442,9138,95.163055373167,32,32,0.06889632968193087,"[{'id': 1858, 'label': 'Z.C5-3', 'text': ""Solange die Ki signifikant besser Auto fahren kann als die durchschnittliche Person, kann gerechtfertigt werden dass KI's zugelassen werden. Die absolute Zahl der unfaelle sollte dann, statistisch gesehen runtergehen.""}, {'id': 1863, 'label': 'Z.C5', 'text': 'Die aussage ist falsch, Menschen lieben es nicht selber Entscheidungen zu erabeiten, zur diese zu treffen, wir haben Algorithmen die uns sagen was fuer Buecher wir gerne lesen wuerden, wir moegen nur die Entscheidung treffen aus der erarbeiteten Auswahl'}, {'id': 1877, 'label': 'Z.C5-3', 'text': 'viele neue technologien werden zunaechst von der gesellschaft angelehnt, etablieren sich jedoch mit dem wandel der gesellschaft ueber laengere zeit'}, {'id': 1878, 'label': 'Z.C5-3', 'text': 'die gesellschaft akzeptiert neue technologien mit dem wandel der zeit'}, {'id': 1879, 'label': 'Z.C6-3-1', 'text': 'da kein eingreifen der menschen moeglich ist, muesste der programmierer der KI rechtlich fuer das handeln des KIs sein'}, {'id': 1880, 'label': 'Z.C6-3-1', 'text': 'da die menschen nicht eingreifen koennen muss der hersteller der KI verantwortung fuer das handeln der KI tragen'}, {'id': 1922, 'label': 'Z.C5', 'text': 'Es wird alles akzeptiert, wenn es funktioniert '}, {'id': 1923, 'label': 'Z.C5-3', 'text': 'Wenn das autonome Fahren ohne Unfall funktioniert, wird es auch von der Gesellschaft akzeptiert'}, {'id': 1930, 'label': 'Z.C5-2', 'text': 'Dafuer muss mehr Akzeptanz in der Gesellschaft geschaffen werden'}, {'id': 1978, 'label': 'Z.C5-1-1-1-1', 'text': 'Vollstaendig autonomes fahren ist zwar eine gute Idee auf dem Papier aber dabei fehlt eher die moeglichkeit einzugreifen'}]"
331,2790,1,"Das habe ich zwar nicht gemeint, aber gut. Arbeitsplaetze fallen zwar insofern weg, dass man keine LKW-Fahrer mehr bezahlen muss, allerdings entstehen durch den Einsatz von KI in der Automobilbrange auch neue Arbeitsplaetze. Beispielsweisse die Einrichtung des KI Systems, deren Auswertung und Optimierung. Arbeiter muessen nur umgeschult werden.","['Z.P10-1', 'Z.P10-1-1']",AUTOAI,"[['Greeting_Message'], ['Z.P11'], ['intro_27', 'Z.P10', 'intro_3', 'Z.P10-1']]","[1882, 1897, 1973, 1984, 2085, 2086, 2132, 2133, 2153, 2154, 2227, 2412, 2413, 2480, 2499, 2523, 2557, 2577, 2604, 2733, 7853, 7854, 7855, 7856, 7857, 7858, 7859, 7860, 7861, 7862, 7863, 7864, 7865, 7866, 7867, 7868, 7869, 7870, 7871, 7872, 7873, 7874, 7875, 7876, 7877, 7878, 7879, 7880, 7881, 7882, 7883, 7884, 7885, 7886, 7887, 7888, 7889, 7890, 7891, 7892, 7893, 7894, 7895, 7896, 7897, 7898, 7899, 7900, 7901, 7902, 7903, 7904, 7905, 7906, 7907]",192,9138,97.8988837820092,75,75,0.3824175147734734,"[{'id': 1882, 'label': 'Z.P10-1', 'text': 'durch die modernisierung des arbeitsmarkts durch KIs werden viele arbeitsplaetze verschwinden '}, {'id': 1885, 'label': 'Z.P10-2', 'text': 'Die Technologie ist bestimmt sehr teuer.'}, {'id': 1897, 'label': 'Z.P10-1-1', 'text': 'Dann kann man das Personal umschulen'}, {'id': 1973, 'label': 'Z.P10-1-1', 'text': 'Ich denke das wird akzeptiert, es bleiben ja noch viele andere Aufgaben bei denen Menschen mehr gebraucht werden'}, {'id': 1984, 'label': 'Z.P10-1', 'text': 'K.I. als fahrer mit rechten udn Pflichten ermoeglichen leider auch unterbezqhlte Arbeiter anderer Felder zu ersetzen'}, {'id': 1995, 'label': 'Z.P10', 'text': 'Ermoeglicht guenstigere fahrtickets, da keine Arbeitskraefte mehr benoetigt werden'}, {'id': 1996, 'label': 'Z.P10', 'text': 'Es werden keine Fahrer mehr benoetigt, was wiederum bedeutet, dass man in dem Bereich Geld einsparrt'}, {'id': 2085, 'label': 'Z.P10-1-1', 'text': 'In Deutschland gibt es viele freie Arbeitsstellen. Umschulungen sind notwendig, aber das ist machbar.'}, {'id': 2086, 'label': 'Z.P10-1-1', 'text': 'In Deutschland gibt es viele freie Arbeitsplaetze '}, {'id': 2132, 'label': 'Z.P10-1', 'text': 'Arbeitsplaetze fallen zwar insofern weg, dass man keine LKW-Fahrer mehr bezahlen muss,'}]"
332,2791,1,"Die Ungerechtigkeitsproblematik resultiert allerdings aus dem kapitalistischen System, in dem wir leben, und nicht an der Nutzung von KI Systemen. Man kann sich nicht vor dem Fortschritt verschliessen, nur weil es Anfangs fuer manche zu teuer ist.",['Z.C7-1'],AUTOAI,"[['Greeting_Message'], ['Z.P11'], ['intro_27', 'Z.P10', 'intro_3', 'Z.P10-1'], ['OTHER', 'Z.P10-1', 'Z.P10-1-1'], ['intro_24', 'Z.P10-1-1', 'intro_4', 'z_trans_16', 'Z.C7']]","[2134, 2498, 7989, 7990, 7991, 7992, 7993, 7994, 7995, 7996, 7997, 7998, 7999, 8000, 8001, 8002, 8003, 8004, 8005, 8006, 8007, 8008, 8009, 8010, 8011, 8012, 8013, 8014, 8015]",258,9138,97.17662508207485,29,29,0.10922953982093686,"[{'id': 1882, 'label': 'Z.P10-1', 'text': 'durch die modernisierung des arbeitsmarkts durch KIs werden viele arbeitsplaetze verschwinden '}, {'id': 1885, 'label': 'Z.P10-2', 'text': 'Die Technologie ist bestimmt sehr teuer.'}, {'id': 1897, 'label': 'Z.P10-1-1', 'text': 'Dann kann man das Personal umschulen'}, {'id': 1973, 'label': 'Z.P10-1-1', 'text': 'Ich denke das wird akzeptiert, es bleiben ja noch viele andere Aufgaben bei denen Menschen mehr gebraucht werden'}, {'id': 1984, 'label': 'Z.P10-1', 'text': 'K.I. als fahrer mit rechten udn Pflichten ermoeglichen leider auch unterbezqhlte Arbeiter anderer Felder zu ersetzen'}, {'id': 1995, 'label': 'Z.P10', 'text': 'Ermoeglicht guenstigere fahrtickets, da keine Arbeitskraefte mehr benoetigt werden'}, {'id': 1996, 'label': 'Z.P10', 'text': 'Es werden keine Fahrer mehr benoetigt, was wiederum bedeutet, dass man in dem Bereich Geld einsparrt'}, {'id': 2085, 'label': 'Z.P10-1-1', 'text': 'In Deutschland gibt es viele freie Arbeitsstellen. Umschulungen sind notwendig, aber das ist machbar.'}, {'id': 2086, 'label': 'Z.P10-1-1', 'text': 'In Deutschland gibt es viele freie Arbeitsplaetze '}, {'id': 2132, 'label': 'Z.P10-1', 'text': 'Arbeitsplaetze fallen zwar insofern weg, dass man keine LKW-Fahrer mehr bezahlen muss,'}]"
333,2799,1,"Autofahrer sind darin aber doch nicht unbedingt besser, oder?",['Z.P8-1-1'],AUTOAI,"[['Greeting_Message'], ['Z.P11'], ['intro_61'], ['Z.P11'], ['intro_2', 'z_trans_2', 'Z.P8-1']]","[2140, 2141, 2178, 2179, 2255, 2256, 2397, 2764, 7453, 7454, 7455, 7456, 7457, 7458, 7459, 7460, 7461, 7462, 7463, 7464, 7465, 7466, 7467, 7468, 7469, 7470, 7471, 7472, 7473, 7474, 7475, 7476, 7477, 7478, 7479]",1819,9138,80.09411249726416,35,35,0.015411181623992555,"[{'id': 2, 'label': 'Z.P3', 'text': 'Das Wissen einer KI kann eine deutlich hoehere Menge erreichen, als das Wissen eines Menschen. '}, {'id': 3, 'label': 'Z.P3', 'text': 'Eine KI kann mehr Wissen als ein Mensch'}, {'id': 8, 'label': 'Z.P1', 'text': 'Der Trend geht ohnehin weg von kleinen Landarztpraxen und hin zu medizinischen Versorgungszentren'}, {'id': 24, 'label': 'Z.P1', 'text': 'Aerzte sind doch auch Rund um die Uhr erreichbar?! Dafuer werden Sie auch dementsprechend bezahlt. Auf dem Land natuerlich nicht, aber eine KI koennte auch nicht ohne Beaufsichtigung das Krankenhaus leiten'}, {'id': 85, 'label': 'Z.P2', 'text': 'KI sind objektiv '}, {'id': 86, 'label': 'Z.P2', 'text': 'KI sind nicht bestechbar'}, {'id': 100, 'label': 'Z.P1', 'text': 'Mit medKI gibt es immerhin genug Aerztinnen, die jetzt fehlen?'}, {'id': 103, 'label': 'Z.P1-1', 'text': 'Personal wird dann trotzdem benoetigt '}, {'id': 137, 'label': 'Z.P1', 'text': 'In vielen Medizinischen Bereichen herrscht ein grosser Personalmangel. Gerade bei einfachen Diagnosen kann es dann sinnvoll sein, dass diese eine KI uebernimmt'}, {'id': 138, 'label': 'Z.P1', 'text': 'Das ist zwar nicht ganz das was ich meinte aber auch ein guter Punkt. Ich wollte eher auf die Entlastung des Personals abzielen und eine Verschnoerkelung des diagnostischen Prozesses, sowie verkuerzte Wartezeiten.'}]"
334,2803,1,Den kann man ja schaffen.,['Z.C11-1'],AUTOAI,"[['Greeting_Message'], ['Z.P11'], ['intro_61'], ['Z.P11'], ['intro_2', 'z_trans_2', 'Z.P8-1'], ['Z.P8-1-1'], ['intro_62'], ['Z.P8-1-1'], ['intro_3', 'z_trans_11', 'Z.C5'], ['OTHER'], ['intro_61'], ['OTHER'], ['intro_3', 'z_trans_13', 'Z.C10']]","[1931, 1932, 2142, 2143, 2243, 2244, 2348, 2390, 2391, 2400, 2401, 2420, 2421, 2432, 2443, 2444, 2781, 8304, 8305, 8306, 8307, 8308, 8309, 8310, 8311, 8312, 8313, 8314, 8315, 8316, 8317, 8318, 8319, 8320, 8321, 8322, 8323, 8324, 8325, 8326, 8327, 8328, 8329, 8330]",370,9138,95.95097395491354,44,44,0.11410386091935666,"[{'id': 1870, 'label': 'Z.C11', 'text': 'Firma oder Fahrer falls gefaehrliche Befehle gegeben'}, {'id': 1887, 'label': 'Z.C11', 'text': 'Wer haftet bei einem Unfall?'}, {'id': 1889, 'label': 'Z.C12', 'text': '2. Argument: Keiner kann mehr Auto fahren'}, {'id': 1890, 'label': 'Z.C12', 'text': '2. Argument: Es lernt keiner mehr Auto zu fahren.'}, {'id': 1891, 'label': 'Z.C11', 'text': '3. Argument: Die Rechtslage ist unklar bei Unfaellen.'}, {'id': 1902, 'label': 'Z.C11', 'text': 'Jeder Mensch sollte trotzdem eine Fahrausbildung Besitzen und im Falle eines Unfalles haften '}, {'id': 1903, 'label': 'Z.C11', 'text': 'Der mensch sollte trotzdem haften '}, {'id': 1913, 'label': 'Z.C10-1', 'text': 'Wenn auto kis zugelassen werden, gibt es ja einen rechtsrahmen'}, {'id': 1914, 'label': 'Z.C10-1', 'text': 'Eine zulassung ist ein rechtsrahmen'}, {'id': 1924, 'label': 'Z.C10-1', 'text': 'Dann muss dieser Gesetztesrahmen kommen '}]"
335,2807,1,Aber geht das nicht auch mit normalen Autos?,['Z.C4-1-2'],AUTOAI,"[['Greeting_Message'], ['Z.P11'], ['intro_61'], ['Z.P11'], ['intro_2', 'z_trans_2', 'Z.P8-1'], ['Z.P8-1-1'], ['intro_62'], ['Z.P8-1-1'], ['intro_3', 'z_trans_11', 'Z.C5'], ['OTHER'], ['intro_61'], ['OTHER'], ['intro_3', 'z_trans_13', 'Z.C10'], ['Z.C11-1'], ['intro_62'], ['Z.C11-1'], ['intro_1', 'z_trans_13', 'Z.C2'], ['DISSENT', 'Z.P12-1-2'], ['intro_62'], ['DISSENT'], ['intro_2', 'z_trans_12', 'Z.C4']]","[1986, 2145, 2146, 2270, 2393, 2424, 2580, 2631, 2728, 7165, 7166, 7167, 7168, 7169, 7170, 7171, 7172, 7173, 7174, 7175, 7176, 7177, 7178, 7179, 7180, 7181, 7182, 7183, 7184, 7185, 7186, 7187, 7188, 7189, 7190, 7191]",329,9138,96.39964981396368,36,36,0.10548289949248305,"[{'id': 1861, 'label': 'Z.C3-2', 'text': 'Wenn ein Mensch einen Fehler macht lernt nur dieser ein Mensch und macht ihn nicht wieder. Ein autonomes Auto kann Fehler direk an alle weitergeben, sodass alle davon lernen, jeder Fehler sollte nur ein einziges mal gemacht werden '}, {'id': 1865, 'label': 'Z.C8-1', 'text': ' man kann anonymisiert daten ueber fahrtweg austauschen ohne gesamte fahrplaene freizugeben'}, {'id': 1869, 'label': 'Z.C8-1', 'text': 'Dann macht man Syteme die diese Daten nicht teilen'}, {'id': 1916, 'label': 'Z.C4-1', 'text': 'Das kann man ja aber durch eine gute firewall absichern'}, {'id': 1917, 'label': 'Z.C4-1', 'text': 'Das kann man sicher machen'}, {'id': 1918, 'label': 'Z.C8-1', 'text': 'Das kann man loesen indem keine daten gespeichert werden'}, {'id': 1919, 'label': 'Z.C8-1', 'text': 'Daten nicht speichern'}, {'id': 1933, 'label': 'Z.C3-2', 'text': 'Die Autos muessten deshalb untereinander vernetzt sein'}, {'id': 1934, 'label': 'Z.C3-2', 'text': 'Autos aller Hersteller muessten dann untereinander kommunizieren koennen'}, {'id': 1935, 'label': 'Z.C8-1', 'text': 'Dafuer gibt es Datenschutzgesetze '}]"
336,2809,1,"Das ist richtig, ich finde, hier braucht es entsprechende Gesetze.",['Z.C8-1'],AUTOAI,"[['Greeting_Message'], ['Z.P11'], ['intro_61'], ['Z.P11'], ['intro_2', 'z_trans_2', 'Z.P8-1'], ['Z.P8-1-1'], ['intro_62'], ['Z.P8-1-1'], ['intro_3', 'z_trans_11', 'Z.C5'], ['OTHER'], ['intro_61'], ['OTHER'], ['intro_3', 'z_trans_13', 'Z.C10'], ['Z.C11-1'], ['intro_62'], ['Z.C11-1'], ['intro_1', 'z_trans_13', 'Z.C2'], ['DISSENT', 'Z.P12-1-2'], ['intro_62'], ['DISSENT'], ['intro_2', 'z_trans_12', 'Z.C4'], ['Z.C4-1-2'], ['intro_62'], ['Z.C4-1-2'], ['intro_1', 'z_trans_2', 'Z.C8']]","[1865, 1869, 1918, 1919, 1935, 1976, 1977, 2147, 2148, 2554, 2745, 2791, 8087, 8088, 8089, 8090, 8091, 8092, 8093, 8094, 8095, 8096, 8097, 8098, 8099, 8100, 8101, 8102, 8103, 8104, 8105, 8106, 8107, 8108, 8109, 8110, 8111, 8112, 8113]",329,9138,96.39964981396368,39,39,0.11427314111685663,"[{'id': 1861, 'label': 'Z.C3-2', 'text': 'Wenn ein Mensch einen Fehler macht lernt nur dieser ein Mensch und macht ihn nicht wieder. Ein autonomes Auto kann Fehler direk an alle weitergeben, sodass alle davon lernen, jeder Fehler sollte nur ein einziges mal gemacht werden '}, {'id': 1865, 'label': 'Z.C8-1', 'text': ' man kann anonymisiert daten ueber fahrtweg austauschen ohne gesamte fahrplaene freizugeben'}, {'id': 1869, 'label': 'Z.C8-1', 'text': 'Dann macht man Syteme die diese Daten nicht teilen'}, {'id': 1916, 'label': 'Z.C4-1', 'text': 'Das kann man ja aber durch eine gute firewall absichern'}, {'id': 1917, 'label': 'Z.C4-1', 'text': 'Das kann man sicher machen'}, {'id': 1918, 'label': 'Z.C8-1', 'text': 'Das kann man loesen indem keine daten gespeichert werden'}, {'id': 1919, 'label': 'Z.C8-1', 'text': 'Daten nicht speichern'}, {'id': 1933, 'label': 'Z.C3-2', 'text': 'Die Autos muessten deshalb untereinander vernetzt sein'}, {'id': 1934, 'label': 'Z.C3-2', 'text': 'Autos aller Hersteller muessten dann untereinander kommunizieren koennen'}, {'id': 1935, 'label': 'Z.C8-1', 'text': 'Dafuer gibt es Datenschutzgesetze '}]"
337,2827,2,Individualverkehr mit Autos ist im Sinne der Energiewende nicht die richtige Richtung ,['Z.P12-1'],AUTOAI,"[['Greeting_Message'], ['Z.C6'], ['intro_61'], ['Z.C6'], ['intro_1', 'z_trans_13', 'Z.P6'], ['Z.P10-1'], ['intro_62'], ['Z.P10-1'], ['intro_1', 'z_trans_13', 'Z.P7']]","[2155, 2156, 2454, 2538, 2638, 6748, 6749, 6750, 6751, 6752, 6753, 6754, 6755, 6756, 6757, 6758, 6759, 6760, 6761, 6762, 6763, 6764, 6765, 6766, 6767, 6768, 6769, 6770, 6771, 6772, 6773, 6774]",1819,9138,80.09411249726416,32,32,0.014090223199078909,"[{'id': 2, 'label': 'Z.P3', 'text': 'Das Wissen einer KI kann eine deutlich hoehere Menge erreichen, als das Wissen eines Menschen. '}, {'id': 3, 'label': 'Z.P3', 'text': 'Eine KI kann mehr Wissen als ein Mensch'}, {'id': 8, 'label': 'Z.P1', 'text': 'Der Trend geht ohnehin weg von kleinen Landarztpraxen und hin zu medizinischen Versorgungszentren'}, {'id': 24, 'label': 'Z.P1', 'text': 'Aerzte sind doch auch Rund um die Uhr erreichbar?! Dafuer werden Sie auch dementsprechend bezahlt. Auf dem Land natuerlich nicht, aber eine KI koennte auch nicht ohne Beaufsichtigung das Krankenhaus leiten'}, {'id': 85, 'label': 'Z.P2', 'text': 'KI sind objektiv '}, {'id': 86, 'label': 'Z.P2', 'text': 'KI sind nicht bestechbar'}, {'id': 100, 'label': 'Z.P1', 'text': 'Mit medKI gibt es immerhin genug Aerztinnen, die jetzt fehlen?'}, {'id': 103, 'label': 'Z.P1-1', 'text': 'Personal wird dann trotzdem benoetigt '}, {'id': 137, 'label': 'Z.P1', 'text': 'In vielen Medizinischen Bereichen herrscht ein grosser Personalmangel. Gerade bei einfachen Diagnosen kann es dann sinnvoll sein, dass diese eine KI uebernimmt'}, {'id': 138, 'label': 'Z.P1', 'text': 'Das ist zwar nicht ganz das was ich meinte aber auch ein guter Punkt. Ich wollte eher auf die Entlastung des Personals abzielen und eine Verschnoerkelung des diagnostischen Prozesses, sowie verkuerzte Wartezeiten.'}]"
338,2849,1,"Wenn alles Autos durch KI gefahren werden wuerde, gaebe es dieses Problem nicht ",['Z.P8-1-2'],AUTOAI,"[['Greeting_Message'], ['Z.P11'], ['intro_61'], ['Z.P11'], ['intro_1', 'z_trans_11', 'Z.P8-1']]","[1862, 1875, 1876, 1900, 1901, 1921, 1928, 1929, 1950, 1953, 1954, 1997, 2082, 2128, 2129, 2174, 2175, 2216, 2217, 2224, 2239, 2240, 2302, 2303, 2343, 2408, 2409, 2416, 2417, 2437, 2464, 2476, 2477, 2555, 2621, 2628, 2731, 7480, 7481, 7482, 7483, 7484, 7485, 7486, 7487, 7488, 7489, 7490, 7491, 7492, 7493, 7494, 7495, 7496, 7497, 7498, 7499, 7500, 7501, 7502, 7503, 7504, 7505]",1819,9138,80.09411249726416,63,63,0.0277401269231866,"[{'id': 2, 'label': 'Z.P3', 'text': 'Das Wissen einer KI kann eine deutlich hoehere Menge erreichen, als das Wissen eines Menschen. '}, {'id': 3, 'label': 'Z.P3', 'text': 'Eine KI kann mehr Wissen als ein Mensch'}, {'id': 8, 'label': 'Z.P1', 'text': 'Der Trend geht ohnehin weg von kleinen Landarztpraxen und hin zu medizinischen Versorgungszentren'}, {'id': 24, 'label': 'Z.P1', 'text': 'Aerzte sind doch auch Rund um die Uhr erreichbar?! Dafuer werden Sie auch dementsprechend bezahlt. Auf dem Land natuerlich nicht, aber eine KI koennte auch nicht ohne Beaufsichtigung das Krankenhaus leiten'}, {'id': 85, 'label': 'Z.P2', 'text': 'KI sind objektiv '}, {'id': 86, 'label': 'Z.P2', 'text': 'KI sind nicht bestechbar'}, {'id': 100, 'label': 'Z.P1', 'text': 'Mit medKI gibt es immerhin genug Aerztinnen, die jetzt fehlen?'}, {'id': 103, 'label': 'Z.P1-1', 'text': 'Personal wird dann trotzdem benoetigt '}, {'id': 137, 'label': 'Z.P1', 'text': 'In vielen Medizinischen Bereichen herrscht ein grosser Personalmangel. Gerade bei einfachen Diagnosen kann es dann sinnvoll sein, dass diese eine KI uebernimmt'}, {'id': 138, 'label': 'Z.P1', 'text': 'Das ist zwar nicht ganz das was ich meinte aber auch ein guter Punkt. Ich wollte eher auf die Entlastung des Personals abzielen und eine Verschnoerkelung des diagnostischen Prozesses, sowie verkuerzte Wartezeiten.'}]"
339,2854,1,"Ja, das kann ich verstehen. Aber auch Menschen sind nicht immer darin erfolgreich, sich auf das Verhalten anderer Verkehrsteilnehmer einzustellen.",['Z.P8-1-1'],AUTOAI,"[['Greeting_Message'], ['Z.P11'], ['intro_61'], ['Z.P11'], ['intro_2', 'z_trans_2', 'Z.P8-1']]","[2140, 2141, 2178, 2179, 2255, 2256, 2397, 2764, 7453, 7454, 7455, 7456, 7457, 7458, 7459, 7460, 7461, 7462, 7463, 7464, 7465, 7466, 7467, 7468, 7469, 7470, 7471, 7472, 7473, 7474, 7475, 7476, 7477, 7478, 7479]",1819,9138,80.09411249726416,35,35,0.015411181623992555,"[{'id': 2, 'label': 'Z.P3', 'text': 'Das Wissen einer KI kann eine deutlich hoehere Menge erreichen, als das Wissen eines Menschen. '}, {'id': 3, 'label': 'Z.P3', 'text': 'Eine KI kann mehr Wissen als ein Mensch'}, {'id': 8, 'label': 'Z.P1', 'text': 'Der Trend geht ohnehin weg von kleinen Landarztpraxen und hin zu medizinischen Versorgungszentren'}, {'id': 24, 'label': 'Z.P1', 'text': 'Aerzte sind doch auch Rund um die Uhr erreichbar?! Dafuer werden Sie auch dementsprechend bezahlt. Auf dem Land natuerlich nicht, aber eine KI koennte auch nicht ohne Beaufsichtigung das Krankenhaus leiten'}, {'id': 85, 'label': 'Z.P2', 'text': 'KI sind objektiv '}, {'id': 86, 'label': 'Z.P2', 'text': 'KI sind nicht bestechbar'}, {'id': 100, 'label': 'Z.P1', 'text': 'Mit medKI gibt es immerhin genug Aerztinnen, die jetzt fehlen?'}, {'id': 103, 'label': 'Z.P1-1', 'text': 'Personal wird dann trotzdem benoetigt '}, {'id': 137, 'label': 'Z.P1', 'text': 'In vielen Medizinischen Bereichen herrscht ein grosser Personalmangel. Gerade bei einfachen Diagnosen kann es dann sinnvoll sein, dass diese eine KI uebernimmt'}, {'id': 138, 'label': 'Z.P1', 'text': 'Das ist zwar nicht ganz das was ich meinte aber auch ein guter Punkt. Ich wollte eher auf die Entlastung des Personals abzielen und eine Verschnoerkelung des diagnostischen Prozesses, sowie verkuerzte Wartezeiten.'}]"
340,2856,1,"Ich stimme zu, dass es schwer sein kann, eine kulturelle Akzeptanz fuer AutoKI zu erlangen.",['Z.C5'],AUTOAI,"[['Greeting_Message'], ['Z.P11'], ['intro_61'], ['Z.P11'], ['intro_2', 'z_trans_2', 'Z.P8-1'], ['CONSENT', 'Z.P8-1-1'], ['intro_62'], ['Z.P8-1-1'], ['intro_3', 'z_trans_13', 'Z.C5']]","[1863, 1922, 2180, 2355, 2356, 2371, 2418, 7192, 7193, 7194, 7195, 7196, 7197, 7198, 7199, 7200, 7201, 7202, 7203, 7204, 7205, 7206, 7207, 7208, 7209, 7210, 7211, 7212, 7213, 7214, 7215, 7216, 7217, 7218]",442,9138,95.163055373167,34,34,0.07320235028705153,"[{'id': 1858, 'label': 'Z.C5-3', 'text': ""Solange die Ki signifikant besser Auto fahren kann als die durchschnittliche Person, kann gerechtfertigt werden dass KI's zugelassen werden. Die absolute Zahl der unfaelle sollte dann, statistisch gesehen runtergehen.""}, {'id': 1863, 'label': 'Z.C5', 'text': 'Die aussage ist falsch, Menschen lieben es nicht selber Entscheidungen zu erabeiten, zur diese zu treffen, wir haben Algorithmen die uns sagen was fuer Buecher wir gerne lesen wuerden, wir moegen nur die Entscheidung treffen aus der erarbeiteten Auswahl'}, {'id': 1877, 'label': 'Z.C5-3', 'text': 'viele neue technologien werden zunaechst von der gesellschaft angelehnt, etablieren sich jedoch mit dem wandel der gesellschaft ueber laengere zeit'}, {'id': 1878, 'label': 'Z.C5-3', 'text': 'die gesellschaft akzeptiert neue technologien mit dem wandel der zeit'}, {'id': 1879, 'label': 'Z.C6-3-1', 'text': 'da kein eingreifen der menschen moeglich ist, muesste der programmierer der KI rechtlich fuer das handeln des KIs sein'}, {'id': 1880, 'label': 'Z.C6-3-1', 'text': 'da die menschen nicht eingreifen koennen muss der hersteller der KI verantwortung fuer das handeln der KI tragen'}, {'id': 1922, 'label': 'Z.C5', 'text': 'Es wird alles akzeptiert, wenn es funktioniert '}, {'id': 1923, 'label': 'Z.C5-3', 'text': 'Wenn das autonome Fahren ohne Unfall funktioniert, wird es auch von der Gesellschaft akzeptiert'}, {'id': 1930, 'label': 'Z.C5-2', 'text': 'Dafuer muss mehr Akzeptanz in der Gesellschaft geschaffen werden'}, {'id': 1978, 'label': 'Z.C5-1-1-1-1', 'text': 'Vollstaendig autonomes fahren ist zwar eine gute Idee auf dem Papier aber dabei fehlt eher die moeglichkeit einzugreifen'}]"
341,2884,2,Menschen mit Behinderung koennen im Zweifel aber auch schwierig intervenieren ,['Z.P6-1'],AUTOAI,"[['Greeting_Message'], ['OTHER'], ['intro_61'], ['CON_NZARG'], ['intro_2', 'z_trans_12', 'Z.P6']]","[2019, 2020, 2073, 2198, 2308, 2309, 2353, 6641, 6642, 6643, 6644, 6645, 6646, 6647, 6648, 6649, 6650, 6651, 6652, 6653, 6654, 6655, 6656, 6657, 6658, 6659, 6660, 6661, 6662, 6663, 6664, 6665, 6666, 6667]",746,9138,91.83628802801488,34,34,0.04185568087067703,"[{'id': 4, 'label': 'Z.P5', 'text': 'Durch Einsparung von Personal bei Aerztinnen, kann mehr fuer Pflegepersonal ausgegeben werden. '}, {'id': 5, 'label': 'Z.P4-1', 'text': 'Aber ist es realistisch, dass das Gesundheitssystem besser finanziert wird bevor eine medKI in der Lage ist fundierte Entscheidungen zu treffen?'}, {'id': 12, 'label': 'Z.P4', 'text': 'Die MedKI kann unterstuetzen, den Mangel an Aerzten entgegenzuwirken. Durch den demographischen Wandel wird es mehr kranke und alte Menschen geben. Dadurch brauchen wir mehr Aerzte'}, {'id': 13, 'label': 'Z.P5', 'text': 'Die KI kann von mehreren Nationen entwickelt werden. Dadurch sinken die Kosten'}, {'id': 14, 'label': 'Z.P5', 'text': 'Sobald eine selbst lernende Ki entwickelt wurde, wird das Entwickeln nicht mehr viel kosten'}, {'id': 15, 'label': 'Z.P5', 'text': 'Dafuer kann der First Level Support von Aerzten abgewendet werden und durch KIs uebernommen werden'}, {'id': 83, 'label': 'Z.P4-1', 'text': 'Dann sollen die Unis mehr Medizin Plaetze anbieten dann gibt es mehr Aerzte '}, {'id': 84, 'label': 'Z.P6', 'text': 'KI sind praeziser '}, {'id': 108, 'label': 'Z.P4-1', 'text': 'Man koennte auch das Medizin Studium zugaenglicher machen'}, {'id': 109, 'label': 'Z.P4-1', 'text': 'Anstelle der KI kann man auch das Medizin Studium zugaenglicher machen'}]"
342,2925,1,Wenn ausschliesslich nur noch Autos mit kuenstlicher Intelligenz fahren wuerde es dieses Problem nicht mehr geben ,['Z.P8-1-2'],AUTOAI,"[['Greeting_Message'], ['Z.P8'], ['intro_61'], ['Z.P11'], ['intro_1', 'z_trans_13', 'Z.P8-1']]","[1862, 1875, 1876, 1900, 1901, 1921, 1928, 1929, 1950, 1953, 1954, 1997, 2082, 2128, 2129, 2174, 2175, 2216, 2217, 2224, 2239, 2240, 2302, 2303, 2343, 2408, 2409, 2416, 2417, 2437, 2464, 2476, 2477, 2555, 2621, 2628, 2731, 7480, 7481, 7482, 7483, 7484, 7485, 7486, 7487, 7488, 7489, 7490, 7491, 7492, 7493, 7494, 7495, 7496, 7497, 7498, 7499, 7500, 7501, 7502, 7503, 7504, 7505]",1819,9138,80.09411249726416,63,63,0.0277401269231866,"[{'id': 2, 'label': 'Z.P3', 'text': 'Das Wissen einer KI kann eine deutlich hoehere Menge erreichen, als das Wissen eines Menschen. '}, {'id': 3, 'label': 'Z.P3', 'text': 'Eine KI kann mehr Wissen als ein Mensch'}, {'id': 8, 'label': 'Z.P1', 'text': 'Der Trend geht ohnehin weg von kleinen Landarztpraxen und hin zu medizinischen Versorgungszentren'}, {'id': 24, 'label': 'Z.P1', 'text': 'Aerzte sind doch auch Rund um die Uhr erreichbar?! Dafuer werden Sie auch dementsprechend bezahlt. Auf dem Land natuerlich nicht, aber eine KI koennte auch nicht ohne Beaufsichtigung das Krankenhaus leiten'}, {'id': 85, 'label': 'Z.P2', 'text': 'KI sind objektiv '}, {'id': 86, 'label': 'Z.P2', 'text': 'KI sind nicht bestechbar'}, {'id': 100, 'label': 'Z.P1', 'text': 'Mit medKI gibt es immerhin genug Aerztinnen, die jetzt fehlen?'}, {'id': 103, 'label': 'Z.P1-1', 'text': 'Personal wird dann trotzdem benoetigt '}, {'id': 137, 'label': 'Z.P1', 'text': 'In vielen Medizinischen Bereichen herrscht ein grosser Personalmangel. Gerade bei einfachen Diagnosen kann es dann sinnvoll sein, dass diese eine KI uebernimmt'}, {'id': 138, 'label': 'Z.P1', 'text': 'Das ist zwar nicht ganz das was ich meinte aber auch ein guter Punkt. Ich wollte eher auf die Entlastung des Personals abzielen und eine Verschnoerkelung des diagnostischen Prozesses, sowie verkuerzte Wartezeiten.'}]"
343,2927,1,Das stimmt bleibt aber eine offene Frage da wir noch nicht an dem Punkt angelangt sind. Wir entwickeln uns mit der Technik und nutzen diese zu unserem Vorteil. Deswegen werden wir frueher oder spaeter auch autonomes Fahren integrieren ,['Z.C5-2'],AUTOAI,"[['Greeting_Message'], ['Z.P8'], ['intro_61'], ['Z.P11'], ['intro_1', 'z_trans_13', 'Z.P8-1'], ['Z.P8-1-2'], ['intro_62'], ['Z.P8-1-2'], ['intro_3', 'z_trans_2', 'Z.C5']]","[1930, 2218, 2241, 2242, 2332, 2346, 2347, 2450, 2535, 2654, 2734, 7349, 7350, 7351, 7352, 7353, 7354, 7355, 7356, 7357, 7358, 7359, 7360, 7361, 7362, 7363, 7364, 7365, 7366, 7367, 7368, 7369, 7370, 7371, 7372, 7373, 7374, 7375, 7376]",442,9138,95.163055373167,39,39,0.08396740179985324,"[{'id': 1858, 'label': 'Z.C5-3', 'text': ""Solange die Ki signifikant besser Auto fahren kann als die durchschnittliche Person, kann gerechtfertigt werden dass KI's zugelassen werden. Die absolute Zahl der unfaelle sollte dann, statistisch gesehen runtergehen.""}, {'id': 1863, 'label': 'Z.C5', 'text': 'Die aussage ist falsch, Menschen lieben es nicht selber Entscheidungen zu erabeiten, zur diese zu treffen, wir haben Algorithmen die uns sagen was fuer Buecher wir gerne lesen wuerden, wir moegen nur die Entscheidung treffen aus der erarbeiteten Auswahl'}, {'id': 1877, 'label': 'Z.C5-3', 'text': 'viele neue technologien werden zunaechst von der gesellschaft angelehnt, etablieren sich jedoch mit dem wandel der gesellschaft ueber laengere zeit'}, {'id': 1878, 'label': 'Z.C5-3', 'text': 'die gesellschaft akzeptiert neue technologien mit dem wandel der zeit'}, {'id': 1879, 'label': 'Z.C6-3-1', 'text': 'da kein eingreifen der menschen moeglich ist, muesste der programmierer der KI rechtlich fuer das handeln des KIs sein'}, {'id': 1880, 'label': 'Z.C6-3-1', 'text': 'da die menschen nicht eingreifen koennen muss der hersteller der KI verantwortung fuer das handeln der KI tragen'}, {'id': 1922, 'label': 'Z.C5', 'text': 'Es wird alles akzeptiert, wenn es funktioniert '}, {'id': 1923, 'label': 'Z.C5-3', 'text': 'Wenn das autonome Fahren ohne Unfall funktioniert, wird es auch von der Gesellschaft akzeptiert'}, {'id': 1930, 'label': 'Z.C5-2', 'text': 'Dafuer muss mehr Akzeptanz in der Gesellschaft geschaffen werden'}, {'id': 1978, 'label': 'Z.C5-1-1-1-1', 'text': 'Vollstaendig autonomes fahren ist zwar eine gute Idee auf dem Papier aber dabei fehlt eher die moeglichkeit einzugreifen'}]"
344,2932,1,Autonomes macht lange Strecken bequemer und sicherer ,['Z.P2'],AUTOAI,"[['Greeting_Message'], ['Z.P8'], ['intro_61'], ['Z.P11'], ['intro_1', 'z_trans_13', 'Z.P8-1'], ['Z.P8-1-2'], ['intro_62'], ['Z.P8-1-2'], ['intro_3', 'z_trans_2', 'Z.C5'], ['CONSENT', 'Z.C5-2'], ['intro_62'], ['DISSENT'], ['intro_2', 'z_trans_13', 'Z.C10'], ['OTHER'], ['intro_62'], ['Z.C11'], ['intro_2', 'z_trans_12', 'Z.C2'], ['Z.P12'], ['intro_28', 'Z.P11', 'intro_1', 'Z.P11-1']]","[1886, 2124, 2221, 2225, 2272, 2315, 2435, 2436, 2469, 2488, 2495, 2518, 2537, 2578, 2626, 2627, 2644, 6405, 6406, 6407, 6408, 6409, 6410, 6411, 6412, 6413, 6414, 6415, 6416, 6417, 6418, 6419, 6420, 6421, 6422, 6423, 6424, 6425, 6426, 6427, 6428, 6429, 6430, 6431]",1819,9138,80.09411249726416,44,44,0.019374056898733498,"[{'id': 2, 'label': 'Z.P3', 'text': 'Das Wissen einer KI kann eine deutlich hoehere Menge erreichen, als das Wissen eines Menschen. '}, {'id': 3, 'label': 'Z.P3', 'text': 'Eine KI kann mehr Wissen als ein Mensch'}, {'id': 8, 'label': 'Z.P1', 'text': 'Der Trend geht ohnehin weg von kleinen Landarztpraxen und hin zu medizinischen Versorgungszentren'}, {'id': 24, 'label': 'Z.P1', 'text': 'Aerzte sind doch auch Rund um die Uhr erreichbar?! Dafuer werden Sie auch dementsprechend bezahlt. Auf dem Land natuerlich nicht, aber eine KI koennte auch nicht ohne Beaufsichtigung das Krankenhaus leiten'}, {'id': 85, 'label': 'Z.P2', 'text': 'KI sind objektiv '}, {'id': 86, 'label': 'Z.P2', 'text': 'KI sind nicht bestechbar'}, {'id': 100, 'label': 'Z.P1', 'text': 'Mit medKI gibt es immerhin genug Aerztinnen, die jetzt fehlen?'}, {'id': 103, 'label': 'Z.P1-1', 'text': 'Personal wird dann trotzdem benoetigt '}, {'id': 137, 'label': 'Z.P1', 'text': 'In vielen Medizinischen Bereichen herrscht ein grosser Personalmangel. Gerade bei einfachen Diagnosen kann es dann sinnvoll sein, dass diese eine KI uebernimmt'}, {'id': 138, 'label': 'Z.P1', 'text': 'Das ist zwar nicht ganz das was ich meinte aber auch ein guter Punkt. Ich wollte eher auf die Entlastung des Personals abzielen und eine Verschnoerkelung des diagnostischen Prozesses, sowie verkuerzte Wartezeiten.'}]"
345,2952,1,"Aber dann geht die Gefahr ja von den mueden und abgelenkten Menschen aus, die es sowieso nicht geben sollte, und nicht von der autoKi",['Z.P8-1-2'],AUTOAI,"[['Greeting_Message'], ['Z.P11'], ['intro_61'], ['Z.P11'], ['intro_2', 'z_trans_12', 'Z.P8-1']]","[1862, 1875, 1876, 1900, 1901, 1921, 1928, 1929, 1950, 1953, 1954, 1997, 2082, 2128, 2129, 2174, 2175, 2216, 2217, 2224, 2239, 2240, 2302, 2303, 2343, 2408, 2409, 2416, 2417, 2437, 2464, 2476, 2477, 2555, 2621, 2628, 2731, 7480, 7481, 7482, 7483, 7484, 7485, 7486, 7487, 7488, 7489, 7490, 7491, 7492, 7493, 7494, 7495, 7496, 7497, 7498, 7499, 7500, 7501, 7502, 7503, 7504, 7505]",1819,9138,80.09411249726416,63,63,0.0277401269231866,"[{'id': 2, 'label': 'Z.P3', 'text': 'Das Wissen einer KI kann eine deutlich hoehere Menge erreichen, als das Wissen eines Menschen. '}, {'id': 3, 'label': 'Z.P3', 'text': 'Eine KI kann mehr Wissen als ein Mensch'}, {'id': 8, 'label': 'Z.P1', 'text': 'Der Trend geht ohnehin weg von kleinen Landarztpraxen und hin zu medizinischen Versorgungszentren'}, {'id': 24, 'label': 'Z.P1', 'text': 'Aerzte sind doch auch Rund um die Uhr erreichbar?! Dafuer werden Sie auch dementsprechend bezahlt. Auf dem Land natuerlich nicht, aber eine KI koennte auch nicht ohne Beaufsichtigung das Krankenhaus leiten'}, {'id': 85, 'label': 'Z.P2', 'text': 'KI sind objektiv '}, {'id': 86, 'label': 'Z.P2', 'text': 'KI sind nicht bestechbar'}, {'id': 100, 'label': 'Z.P1', 'text': 'Mit medKI gibt es immerhin genug Aerztinnen, die jetzt fehlen?'}, {'id': 103, 'label': 'Z.P1-1', 'text': 'Personal wird dann trotzdem benoetigt '}, {'id': 137, 'label': 'Z.P1', 'text': 'In vielen Medizinischen Bereichen herrscht ein grosser Personalmangel. Gerade bei einfachen Diagnosen kann es dann sinnvoll sein, dass diese eine KI uebernimmt'}, {'id': 138, 'label': 'Z.P1', 'text': 'Das ist zwar nicht ganz das was ich meinte aber auch ein guter Punkt. Ich wollte eher auf die Entlastung des Personals abzielen und eine Verschnoerkelung des diagnostischen Prozesses, sowie verkuerzte Wartezeiten.'}]"
346,2954,1,Das stimmt. Dafuer braeuchte es mehr Aufklaerung ,['Z.C5-2'],AUTOAI,"[['Greeting_Message'], ['Z.P11'], ['intro_61'], ['Z.P11'], ['intro_2', 'z_trans_12', 'Z.P8-1'], ['Z.P8-1-2'], ['intro_62'], ['Z.P8-1-2'], ['intro_1', 'z_trans_13', 'Z.C5']]","[1930, 2218, 2241, 2242, 2332, 2346, 2347, 2450, 2535, 2654, 2734, 7349, 7350, 7351, 7352, 7353, 7354, 7355, 7356, 7357, 7358, 7359, 7360, 7361, 7362, 7363, 7364, 7365, 7366, 7367, 7368, 7369, 7370, 7371, 7372, 7373, 7374, 7375, 7376]",442,9138,95.163055373167,39,39,0.08396740179985324,"[{'id': 1858, 'label': 'Z.C5-3', 'text': ""Solange die Ki signifikant besser Auto fahren kann als die durchschnittliche Person, kann gerechtfertigt werden dass KI's zugelassen werden. Die absolute Zahl der unfaelle sollte dann, statistisch gesehen runtergehen.""}, {'id': 1863, 'label': 'Z.C5', 'text': 'Die aussage ist falsch, Menschen lieben es nicht selber Entscheidungen zu erabeiten, zur diese zu treffen, wir haben Algorithmen die uns sagen was fuer Buecher wir gerne lesen wuerden, wir moegen nur die Entscheidung treffen aus der erarbeiteten Auswahl'}, {'id': 1877, 'label': 'Z.C5-3', 'text': 'viele neue technologien werden zunaechst von der gesellschaft angelehnt, etablieren sich jedoch mit dem wandel der gesellschaft ueber laengere zeit'}, {'id': 1878, 'label': 'Z.C5-3', 'text': 'die gesellschaft akzeptiert neue technologien mit dem wandel der zeit'}, {'id': 1879, 'label': 'Z.C6-3-1', 'text': 'da kein eingreifen der menschen moeglich ist, muesste der programmierer der KI rechtlich fuer das handeln des KIs sein'}, {'id': 1880, 'label': 'Z.C6-3-1', 'text': 'da die menschen nicht eingreifen koennen muss der hersteller der KI verantwortung fuer das handeln der KI tragen'}, {'id': 1922, 'label': 'Z.C5', 'text': 'Es wird alles akzeptiert, wenn es funktioniert '}, {'id': 1923, 'label': 'Z.C5-3', 'text': 'Wenn das autonome Fahren ohne Unfall funktioniert, wird es auch von der Gesellschaft akzeptiert'}, {'id': 1930, 'label': 'Z.C5-2', 'text': 'Dafuer muss mehr Akzeptanz in der Gesellschaft geschaffen werden'}, {'id': 1978, 'label': 'Z.C5-1-1-1-1', 'text': 'Vollstaendig autonomes fahren ist zwar eine gute Idee auf dem Papier aber dabei fehlt eher die moeglichkeit einzugreifen'}]"
347,2956,1,"Diese Rechtsrahmen kann ja von der Regierung beschlossen werden. Wahrscheinlich braeuchte es eine Expertenberatung dazu, aber dann ist das gut umsetzbar",['Z.C11-1'],AUTOAI,"[['Greeting_Message'], ['Z.P11'], ['intro_61'], ['Z.P11'], ['intro_2', 'z_trans_12', 'Z.P8-1'], ['Z.P8-1-2'], ['intro_62'], ['Z.P8-1-2'], ['intro_1', 'z_trans_13', 'Z.C5'], ['CONSENT', 'Z.C5-2'], ['intro_62'], ['CONSENT', 'Z.C5-2'], ['intro_2', 'z_trans_2', 'Z.C10']]","[1931, 1932, 2142, 2143, 2243, 2244, 2348, 2390, 2391, 2400, 2401, 2420, 2421, 2432, 2443, 2444, 2781, 8304, 8305, 8306, 8307, 8308, 8309, 8310, 8311, 8312, 8313, 8314, 8315, 8316, 8317, 8318, 8319, 8320, 8321, 8322, 8323, 8324, 8325, 8326, 8327, 8328, 8329, 8330]",370,9138,95.95097395491354,44,44,0.11410386091935666,"[{'id': 1870, 'label': 'Z.C11', 'text': 'Firma oder Fahrer falls gefaehrliche Befehle gegeben'}, {'id': 1887, 'label': 'Z.C11', 'text': 'Wer haftet bei einem Unfall?'}, {'id': 1889, 'label': 'Z.C12', 'text': '2. Argument: Keiner kann mehr Auto fahren'}, {'id': 1890, 'label': 'Z.C12', 'text': '2. Argument: Es lernt keiner mehr Auto zu fahren.'}, {'id': 1891, 'label': 'Z.C11', 'text': '3. Argument: Die Rechtslage ist unklar bei Unfaellen.'}, {'id': 1902, 'label': 'Z.C11', 'text': 'Jeder Mensch sollte trotzdem eine Fahrausbildung Besitzen und im Falle eines Unfalles haften '}, {'id': 1903, 'label': 'Z.C11', 'text': 'Der mensch sollte trotzdem haften '}, {'id': 1913, 'label': 'Z.C10-1', 'text': 'Wenn auto kis zugelassen werden, gibt es ja einen rechtsrahmen'}, {'id': 1914, 'label': 'Z.C10-1', 'text': 'Eine zulassung ist ein rechtsrahmen'}, {'id': 1924, 'label': 'Z.C10-1', 'text': 'Dann muss dieser Gesetztesrahmen kommen '}]"
348,2985,1,Ja das mag sein aber auch wir Menschen tun uns schwer auf dieses irrationale Fahrverhalten von anderen zu reagieren,['Z.P8-1-1'],AUTOAI,"[['Greeting_Message'], ['Z.P11'], ['intro_61'], ['Z.P11'], ['intro_3', 'z_trans_2', 'Z.P8-1']]","[2140, 2141, 2178, 2179, 2255, 2256, 2397, 2764, 7453, 7454, 7455, 7456, 7457, 7458, 7459, 7460, 7461, 7462, 7463, 7464, 7465, 7466, 7467, 7468, 7469, 7470, 7471, 7472, 7473, 7474, 7475, 7476, 7477, 7478, 7479]",1819,9138,80.09411249726416,35,35,0.015411181623992555,"[{'id': 2, 'label': 'Z.P3', 'text': 'Das Wissen einer KI kann eine deutlich hoehere Menge erreichen, als das Wissen eines Menschen. '}, {'id': 3, 'label': 'Z.P3', 'text': 'Eine KI kann mehr Wissen als ein Mensch'}, {'id': 8, 'label': 'Z.P1', 'text': 'Der Trend geht ohnehin weg von kleinen Landarztpraxen und hin zu medizinischen Versorgungszentren'}, {'id': 24, 'label': 'Z.P1', 'text': 'Aerzte sind doch auch Rund um die Uhr erreichbar?! Dafuer werden Sie auch dementsprechend bezahlt. Auf dem Land natuerlich nicht, aber eine KI koennte auch nicht ohne Beaufsichtigung das Krankenhaus leiten'}, {'id': 85, 'label': 'Z.P2', 'text': 'KI sind objektiv '}, {'id': 86, 'label': 'Z.P2', 'text': 'KI sind nicht bestechbar'}, {'id': 100, 'label': 'Z.P1', 'text': 'Mit medKI gibt es immerhin genug Aerztinnen, die jetzt fehlen?'}, {'id': 103, 'label': 'Z.P1-1', 'text': 'Personal wird dann trotzdem benoetigt '}, {'id': 137, 'label': 'Z.P1', 'text': 'In vielen Medizinischen Bereichen herrscht ein grosser Personalmangel. Gerade bei einfachen Diagnosen kann es dann sinnvoll sein, dass diese eine KI uebernimmt'}, {'id': 138, 'label': 'Z.P1', 'text': 'Das ist zwar nicht ganz das was ich meinte aber auch ein guter Punkt. Ich wollte eher auf die Entlastung des Personals abzielen und eine Verschnoerkelung des diagnostischen Prozesses, sowie verkuerzte Wartezeiten.'}]"
349,2987,1,Das ist der Lauf der zeit und auch kritiker werden das akzeptieren. Am anfang waren viele menschen auch gegen die antibaby pille,['Z.C5-3'],AUTOAI,"[['Greeting_Message'], ['Z.P11'], ['intro_61'], ['Z.P11'], ['intro_3', 'z_trans_2', 'Z.P8-1'], ['Z.P8-1-1'], ['intro_62'], ['Z.P8-1-1'], ['intro_3', 'z_trans_12', 'Z.C5']]","[1858, 1877, 1878, 1923, 2080, 2081, 2257, 2258, 2363, 2419, 2441, 2442, 2492, 2629, 2684, 2696, 2748, 2780, 7377, 7378, 7379, 7380, 7381, 7382, 7383, 7384, 7385, 7386, 7387, 7388, 7389, 7390, 7391, 7392, 7393, 7394, 7395, 7396, 7397, 7398]",442,9138,95.163055373167,40,40,0.08612041210241357,"[{'id': 1858, 'label': 'Z.C5-3', 'text': ""Solange die Ki signifikant besser Auto fahren kann als die durchschnittliche Person, kann gerechtfertigt werden dass KI's zugelassen werden. Die absolute Zahl der unfaelle sollte dann, statistisch gesehen runtergehen.""}, {'id': 1863, 'label': 'Z.C5', 'text': 'Die aussage ist falsch, Menschen lieben es nicht selber Entscheidungen zu erabeiten, zur diese zu treffen, wir haben Algorithmen die uns sagen was fuer Buecher wir gerne lesen wuerden, wir moegen nur die Entscheidung treffen aus der erarbeiteten Auswahl'}, {'id': 1877, 'label': 'Z.C5-3', 'text': 'viele neue technologien werden zunaechst von der gesellschaft angelehnt, etablieren sich jedoch mit dem wandel der gesellschaft ueber laengere zeit'}, {'id': 1878, 'label': 'Z.C5-3', 'text': 'die gesellschaft akzeptiert neue technologien mit dem wandel der zeit'}, {'id': 1879, 'label': 'Z.C6-3-1', 'text': 'da kein eingreifen der menschen moeglich ist, muesste der programmierer der KI rechtlich fuer das handeln des KIs sein'}, {'id': 1880, 'label': 'Z.C6-3-1', 'text': 'da die menschen nicht eingreifen koennen muss der hersteller der KI verantwortung fuer das handeln der KI tragen'}, {'id': 1922, 'label': 'Z.C5', 'text': 'Es wird alles akzeptiert, wenn es funktioniert '}, {'id': 1923, 'label': 'Z.C5-3', 'text': 'Wenn das autonome Fahren ohne Unfall funktioniert, wird es auch von der Gesellschaft akzeptiert'}, {'id': 1930, 'label': 'Z.C5-2', 'text': 'Dafuer muss mehr Akzeptanz in der Gesellschaft geschaffen werden'}, {'id': 1978, 'label': 'Z.C5-1-1-1-1', 'text': 'Vollstaendig autonomes fahren ist zwar eine gute Idee auf dem Papier aber dabei fehlt eher die moeglichkeit einzugreifen'}]"
350,2989,1,"Natuerlich aber das land hat ja viele juristen. Und wie sagt man so schoen:"" viele haende schnelles ende"".",['Z.C10-1'],AUTOAI,"[['Greeting_Message'], ['Z.P11'], ['intro_61'], ['Z.P11'], ['intro_3', 'z_trans_2', 'Z.P8-1'], ['Z.P8-1-1'], ['intro_62'], ['Z.P8-1-1'], ['intro_3', 'z_trans_12', 'Z.C5'], ['Z.C5-3'], ['intro_62'], ['Z.C5-3'], ['intro_2', 'z_trans_2', 'Z.C10']]","[1913, 1914, 1924, 1925, 2259, 2276, 2305, 8223, 8224, 8225, 8226, 8227, 8228, 8229, 8230, 8231, 8232, 8233, 8234, 8235, 8236, 8237, 8238, 8239, 8240, 8241, 8242, 8243, 8244, 8245, 8246, 8247, 8248, 8249]",370,9138,95.95097395491354,34,34,0.0881711652558665,"[{'id': 1870, 'label': 'Z.C11', 'text': 'Firma oder Fahrer falls gefaehrliche Befehle gegeben'}, {'id': 1887, 'label': 'Z.C11', 'text': 'Wer haftet bei einem Unfall?'}, {'id': 1889, 'label': 'Z.C12', 'text': '2. Argument: Keiner kann mehr Auto fahren'}, {'id': 1890, 'label': 'Z.C12', 'text': '2. Argument: Es lernt keiner mehr Auto zu fahren.'}, {'id': 1891, 'label': 'Z.C11', 'text': '3. Argument: Die Rechtslage ist unklar bei Unfaellen.'}, {'id': 1902, 'label': 'Z.C11', 'text': 'Jeder Mensch sollte trotzdem eine Fahrausbildung Besitzen und im Falle eines Unfalles haften '}, {'id': 1903, 'label': 'Z.C11', 'text': 'Der mensch sollte trotzdem haften '}, {'id': 1913, 'label': 'Z.C10-1', 'text': 'Wenn auto kis zugelassen werden, gibt es ja einen rechtsrahmen'}, {'id': 1914, 'label': 'Z.C10-1', 'text': 'Eine zulassung ist ein rechtsrahmen'}, {'id': 1924, 'label': 'Z.C10-1', 'text': 'Dann muss dieser Gesetztesrahmen kommen '}]"
351,3004,2,"Aber eben nur, wenn das Programm eine solche Situation erkennt. Es kommt also auf die Qualitaet des Angriffes an. ",['Z.C4-1-2'],AUTOAI,"[['Greeting_Message'], ['Z.C4'], ['intro_32', 'Z.C4', 'intro_3', 'Z.C3-1']]","[1986, 2145, 2146, 2270, 2393, 2424, 2580, 2631, 2728, 7165, 7166, 7167, 7168, 7169, 7170, 7171, 7172, 7173, 7174, 7175, 7176, 7177, 7178, 7179, 7180, 7181, 7182, 7183, 7184, 7185, 7186, 7187, 7188, 7189, 7190, 7191]",329,9138,96.39964981396368,36,36,0.10548289949248305,"[{'id': 1861, 'label': 'Z.C3-2', 'text': 'Wenn ein Mensch einen Fehler macht lernt nur dieser ein Mensch und macht ihn nicht wieder. Ein autonomes Auto kann Fehler direk an alle weitergeben, sodass alle davon lernen, jeder Fehler sollte nur ein einziges mal gemacht werden '}, {'id': 1865, 'label': 'Z.C8-1', 'text': ' man kann anonymisiert daten ueber fahrtweg austauschen ohne gesamte fahrplaene freizugeben'}, {'id': 1869, 'label': 'Z.C8-1', 'text': 'Dann macht man Syteme die diese Daten nicht teilen'}, {'id': 1916, 'label': 'Z.C4-1', 'text': 'Das kann man ja aber durch eine gute firewall absichern'}, {'id': 1917, 'label': 'Z.C4-1', 'text': 'Das kann man sicher machen'}, {'id': 1918, 'label': 'Z.C8-1', 'text': 'Das kann man loesen indem keine daten gespeichert werden'}, {'id': 1919, 'label': 'Z.C8-1', 'text': 'Daten nicht speichern'}, {'id': 1933, 'label': 'Z.C3-2', 'text': 'Die Autos muessten deshalb untereinander vernetzt sein'}, {'id': 1934, 'label': 'Z.C3-2', 'text': 'Autos aller Hersteller muessten dann untereinander kommunizieren koennen'}, {'id': 1935, 'label': 'Z.C8-1', 'text': 'Dafuer gibt es Datenschutzgesetze '}]"
352,3011,1,Ja das umzusetzen ist ja nur eine Sache der Politik das muesste doch relativ schnell durchgehen ,['Z.C10-1'],AUTOAI,"[['Greeting_Message'], ['Z.P1'], ['intro_61'], ['Z.P2'], ['intro_2', 'z_trans_2', 'Z.P8-1'], ['PRO_NZARG'], ['intro_62'], ['Z.P11'], ['intro_1', 'z_trans_13', 'Z.C5'], ['Z.P12'], ['intro_62'], ['Z.P12'], ['intro_1', 'z_trans_11', 'Z.C10']]","[1913, 1914, 1924, 1925, 2259, 2276, 2305, 8223, 8224, 8225, 8226, 8227, 8228, 8229, 8230, 8231, 8232, 8233, 8234, 8235, 8236, 8237, 8238, 8239, 8240, 8241, 8242, 8243, 8244, 8245, 8246, 8247, 8248, 8249]",370,9138,95.95097395491354,34,34,0.0881711652558665,"[{'id': 1870, 'label': 'Z.C11', 'text': 'Firma oder Fahrer falls gefaehrliche Befehle gegeben'}, {'id': 1887, 'label': 'Z.C11', 'text': 'Wer haftet bei einem Unfall?'}, {'id': 1889, 'label': 'Z.C12', 'text': '2. Argument: Keiner kann mehr Auto fahren'}, {'id': 1890, 'label': 'Z.C12', 'text': '2. Argument: Es lernt keiner mehr Auto zu fahren.'}, {'id': 1891, 'label': 'Z.C11', 'text': '3. Argument: Die Rechtslage ist unklar bei Unfaellen.'}, {'id': 1902, 'label': 'Z.C11', 'text': 'Jeder Mensch sollte trotzdem eine Fahrausbildung Besitzen und im Falle eines Unfalles haften '}, {'id': 1903, 'label': 'Z.C11', 'text': 'Der mensch sollte trotzdem haften '}, {'id': 1913, 'label': 'Z.C10-1', 'text': 'Wenn auto kis zugelassen werden, gibt es ja einen rechtsrahmen'}, {'id': 1914, 'label': 'Z.C10-1', 'text': 'Eine zulassung ist ein rechtsrahmen'}, {'id': 1924, 'label': 'Z.C10-1', 'text': 'Dann muss dieser Gesetztesrahmen kommen '}]"
353,3046,1,Aber wenn ausschliesslich KIs unterwegs waeren?,['Z.P8-1-2'],AUTOAI,"[['Greeting_Message'], ['Z.P11'], ['intro_61'], ['Z.P11'], ['intro_1', 'z_trans_13', 'Z.P8-1']]","[1862, 1875, 1876, 1900, 1901, 1921, 1928, 1929, 1950, 1953, 1954, 1997, 2082, 2128, 2129, 2174, 2175, 2216, 2217, 2224, 2239, 2240, 2302, 2303, 2343, 2408, 2409, 2416, 2417, 2437, 2464, 2476, 2477, 2555, 2621, 2628, 2731, 7480, 7481, 7482, 7483, 7484, 7485, 7486, 7487, 7488, 7489, 7490, 7491, 7492, 7493, 7494, 7495, 7496, 7497, 7498, 7499, 7500, 7501, 7502, 7503, 7504, 7505]",1819,9138,80.09411249726416,63,63,0.0277401269231866,"[{'id': 2, 'label': 'Z.P3', 'text': 'Das Wissen einer KI kann eine deutlich hoehere Menge erreichen, als das Wissen eines Menschen. '}, {'id': 3, 'label': 'Z.P3', 'text': 'Eine KI kann mehr Wissen als ein Mensch'}, {'id': 8, 'label': 'Z.P1', 'text': 'Der Trend geht ohnehin weg von kleinen Landarztpraxen und hin zu medizinischen Versorgungszentren'}, {'id': 24, 'label': 'Z.P1', 'text': 'Aerzte sind doch auch Rund um die Uhr erreichbar?! Dafuer werden Sie auch dementsprechend bezahlt. Auf dem Land natuerlich nicht, aber eine KI koennte auch nicht ohne Beaufsichtigung das Krankenhaus leiten'}, {'id': 85, 'label': 'Z.P2', 'text': 'KI sind objektiv '}, {'id': 86, 'label': 'Z.P2', 'text': 'KI sind nicht bestechbar'}, {'id': 100, 'label': 'Z.P1', 'text': 'Mit medKI gibt es immerhin genug Aerztinnen, die jetzt fehlen?'}, {'id': 103, 'label': 'Z.P1-1', 'text': 'Personal wird dann trotzdem benoetigt '}, {'id': 137, 'label': 'Z.P1', 'text': 'In vielen Medizinischen Bereichen herrscht ein grosser Personalmangel. Gerade bei einfachen Diagnosen kann es dann sinnvoll sein, dass diese eine KI uebernimmt'}, {'id': 138, 'label': 'Z.P1', 'text': 'Das ist zwar nicht ganz das was ich meinte aber auch ein guter Punkt. Ich wollte eher auf die Entlastung des Personals abzielen und eine Verschnoerkelung des diagnostischen Prozesses, sowie verkuerzte Wartezeiten.'}]"
354,3050,1,Den Rechtsrahmen kann man schaffen. Sobald es das gibt und zugelassen wird ,['Z.C10-1'],AUTOAI,"[['Greeting_Message'], ['Z.P11'], ['intro_61'], ['Z.P11'], ['intro_1', 'z_trans_13', 'Z.P8-1'], ['Z.P8-1-2'], ['intro_62'], ['Z.P8-1-2'], ['intro_1', 'z_trans_12', 'Z.C5'], ['PRO_NZARG'], ['intro_62'], ['Z.C5-1'], ['intro_2', 'z_trans_13', 'Z.C10']]","[1913, 1914, 1924, 1925, 2259, 2276, 2305, 8223, 8224, 8225, 8226, 8227, 8228, 8229, 8230, 8231, 8232, 8233, 8234, 8235, 8236, 8237, 8238, 8239, 8240, 8241, 8242, 8243, 8244, 8245, 8246, 8247, 8248, 8249]",370,9138,95.95097395491354,34,34,0.0881711652558665,"[{'id': 1870, 'label': 'Z.C11', 'text': 'Firma oder Fahrer falls gefaehrliche Befehle gegeben'}, {'id': 1887, 'label': 'Z.C11', 'text': 'Wer haftet bei einem Unfall?'}, {'id': 1889, 'label': 'Z.C12', 'text': '2. Argument: Keiner kann mehr Auto fahren'}, {'id': 1890, 'label': 'Z.C12', 'text': '2. Argument: Es lernt keiner mehr Auto zu fahren.'}, {'id': 1891, 'label': 'Z.C11', 'text': '3. Argument: Die Rechtslage ist unklar bei Unfaellen.'}, {'id': 1902, 'label': 'Z.C11', 'text': 'Jeder Mensch sollte trotzdem eine Fahrausbildung Besitzen und im Falle eines Unfalles haften '}, {'id': 1903, 'label': 'Z.C11', 'text': 'Der mensch sollte trotzdem haften '}, {'id': 1913, 'label': 'Z.C10-1', 'text': 'Wenn auto kis zugelassen werden, gibt es ja einen rechtsrahmen'}, {'id': 1914, 'label': 'Z.C10-1', 'text': 'Eine zulassung ist ein rechtsrahmen'}, {'id': 1924, 'label': 'Z.C10-1', 'text': 'Dann muss dieser Gesetztesrahmen kommen '}]"
355,3055,2,"Das stimmt, aber es gibt auch Angebote fuer diese Menschen, die von Nicht-KI-gesteuerten Fahrzeugen gefahren werden",['Z.P6-1'],AUTOAI,"[['Greeting_Message'], ['Z.C11'], ['intro_61'], ['Z.C11'], ['intro_1', 'z_trans_11', 'Z.P6']]","[2019, 2020, 2073, 2198, 2308, 2309, 2353, 6641, 6642, 6643, 6644, 6645, 6646, 6647, 6648, 6649, 6650, 6651, 6652, 6653, 6654, 6655, 6656, 6657, 6658, 6659, 6660, 6661, 6662, 6663, 6664, 6665, 6666, 6667]",746,9138,91.83628802801488,34,34,0.04185568087067703,"[{'id': 4, 'label': 'Z.P5', 'text': 'Durch Einsparung von Personal bei Aerztinnen, kann mehr fuer Pflegepersonal ausgegeben werden. '}, {'id': 5, 'label': 'Z.P4-1', 'text': 'Aber ist es realistisch, dass das Gesundheitssystem besser finanziert wird bevor eine medKI in der Lage ist fundierte Entscheidungen zu treffen?'}, {'id': 12, 'label': 'Z.P4', 'text': 'Die MedKI kann unterstuetzen, den Mangel an Aerzten entgegenzuwirken. Durch den demographischen Wandel wird es mehr kranke und alte Menschen geben. Dadurch brauchen wir mehr Aerzte'}, {'id': 13, 'label': 'Z.P5', 'text': 'Die KI kann von mehreren Nationen entwickelt werden. Dadurch sinken die Kosten'}, {'id': 14, 'label': 'Z.P5', 'text': 'Sobald eine selbst lernende Ki entwickelt wurde, wird das Entwickeln nicht mehr viel kosten'}, {'id': 15, 'label': 'Z.P5', 'text': 'Dafuer kann der First Level Support von Aerzten abgewendet werden und durch KIs uebernommen werden'}, {'id': 83, 'label': 'Z.P4-1', 'text': 'Dann sollen die Unis mehr Medizin Plaetze anbieten dann gibt es mehr Aerzte '}, {'id': 84, 'label': 'Z.P6', 'text': 'KI sind praeziser '}, {'id': 108, 'label': 'Z.P4-1', 'text': 'Man koennte auch das Medizin Studium zugaenglicher machen'}, {'id': 109, 'label': 'Z.P4-1', 'text': 'Anstelle der KI kann man auch das Medizin Studium zugaenglicher machen'}]"
356,3072,1,Das Tempolimit sollte so oder so eingefphrt werden. Dadurch haben wir einen weiteren grund diese KI zu benutzen,['Z.C2-1'],AUTOAI,"[['Greeting_Message'], ['Z.P2'], ['intro_38', 'FAQ.1', 'FAQ.1-1', 'faq_trans_1', 'Z.P8-1'], ['OTHER'], ['intro_61'], ['Z.P9'], ['intro_3', 'z_trans_12', 'Z.C5'], ['Z.P5'], ['intro_62'], ['Z.P1'], ['intro_3', 'z_trans_13', 'Z.C10'], ['Z.P5'], ['intro_62'], ['Z.C5-1-1-1-1'], ['intro_1', 'z_trans_12', 'Z.C2']]","[1915, 1955, 1956, 1985, 2023, 2024, 2075, 2321, 2394, 2396, 2403, 2422, 2423, 2485, 2504, 6954, 6955, 6956, 6957, 6958, 6959, 6960, 6961, 6962, 6963, 6964, 6965, 6966, 6967, 6968, 6969, 6970, 6971, 6972, 6973, 6974, 6975, 6976, 6977, 6978, 6979, 6980]",96,9138,98.9494418910046,42,42,0.4329038082731451,"[{'id': 1915, 'label': 'Z.C2-1', 'text': 'Geschwindigkeitsbegrenuzungen verlangsamen den verkehr in der regel nicht'}, {'id': 1955, 'label': 'Z.C2-1', 'text': 'Aber es gibt in anderen Laender sowieso striktere Geschwindigkeitsbegrenzungen also sollte das kein groesseres Problem sein'}, {'id': 1956, 'label': 'Z.C2-1', 'text': 'In anderen Laendern gibt es schon striktere Geschwindigkeitsbegrenzungen und das funktioniert dort auch'}, {'id': 1985, 'label': 'Z.C2-1', 'text': 'Je schneller menschen fahren desto mehr unfaelle entstehen, logischerweise bedeutet eine reduzierung des Tempolimits nicht dass fahrten ineffizienter werden sondern wenn dann eher sicherer'}, {'id': 2023, 'label': 'Z.C2-1', 'text': 'Geschwindigkeitsbeschraenkungen haben nur bedingt etwas mit autoKI zu tun. Geschwindigkeitsbegrenzungen im Allgemeinen verbessern die Sicherheit'}, {'id': 2024, 'label': 'Z.C2-1', 'text': 'Geschwindigkeitsbegrenzungen foerdern so oder so die Sicherheit'}, {'id': 2075, 'label': 'Z.C2-1', 'text': 'Striktere Geschwindigkeitsbegrenzungen koennten auch jetzt schon, ohne die KI durchgesetzt werden und wuerden dann zu einem sichereren Verkehr fuehren'}, {'id': 2321, 'label': 'Z.C2-1', 'text': 'Das Tempolimit sollte so oder so eingefphrt werden. Dadurch haben wir einen weiteren grund diese KI zu benutzen'}, {'id': 2394, 'label': 'Z.C2-1', 'text': 'das wichtigste Argument meiner Meinung ist, dass die AutoKI dann das Tempolimit einhalten kann & diesbezueglich weniger Unfaelle passieren wuerden,'}, {'id': 2396, 'label': 'Z.C2-1', 'text': 'AutoKi sollte zugelassen werde, da durch die KI Auto bezueglich dem Tempolimit weniger Unfaelle brauen wuerden '}]"
357,3109,2,"Die autoKI ermoeglicht einen groesseren Raum fuer Privatsphaere, denn die Angewiesenheit auf andere (oeffentliche) Verkehrsmittel wie z.B. das Taxi oder den Bus wird reduziert.",['Z.P3'],AUTOAI,"[['Greeting_Message'], ['Z.C11'], ['intro_25', 'Z.C11', 'intro_1', 'Z.C11-1'], ['OTHER'], ['intro_61'], ['Z.P8-1'], ['intro_2', 'z_trans_12', 'Z.P6'], ['Z.C12'], ['intro_62'], ['Z.C3'], ['intro_2', 'z_trans_13', 'Z.P7'], ['Z.C4'], ['intro_61'], ['Z.P1'], ['intro_2', 'z_trans_13', 'Z.C2-1'], ['OTHER'], ['intro_32', 'Z.C2', 'intro_5', 'z_trans_11', 'Z.P8'], ['OTHER'], ['intro_37', 'FAQ.1', 'FAQ.1-1', 'faq_trans_2', 'Z.P11'], ['OTHER'], ['intro_38', 'FAQ.1', 'faq_trans_3', 'Z.P2'], ['OTHER'], ['intro_37', 'FAQ.1', 'faq_trans_3', 'Z.P12'], ['OTHER'], ['intro_37', 'FAQ.1', 'faq_trans_1', 'Z.P14'], ['OTHER'], ['intro_38', 'FAQ.1', 'faq_trans_3', 'Z.P9'], ['OTHER'], ['intro_38', 'FAQ.1', 'faq_trans_3', 'Z.C10-1'], ['OTHER'], ['intro_62'], ['OTHER'], ['intro_2', 'z_trans_11', 'Z.P1'], ['OTHER'], ['intro_62'], ['Z.P1'], ['intro_3', 'z_trans_12', 'Z.P3']]","[2340, 6459, 6460, 6461, 6462, 6463, 6464, 6465, 6466, 6467, 6468, 6469, 6470, 6471, 6472, 6473, 6474, 6475, 6476, 6477, 6478, 6479, 6480, 6481, 6482, 6483, 6484, 6485]",1819,9138,80.09411249726416,28,28,0.012328945299194045,"[{'id': 2, 'label': 'Z.P3', 'text': 'Das Wissen einer KI kann eine deutlich hoehere Menge erreichen, als das Wissen eines Menschen. '}, {'id': 3, 'label': 'Z.P3', 'text': 'Eine KI kann mehr Wissen als ein Mensch'}, {'id': 8, 'label': 'Z.P1', 'text': 'Der Trend geht ohnehin weg von kleinen Landarztpraxen und hin zu medizinischen Versorgungszentren'}, {'id': 24, 'label': 'Z.P1', 'text': 'Aerzte sind doch auch Rund um die Uhr erreichbar?! Dafuer werden Sie auch dementsprechend bezahlt. Auf dem Land natuerlich nicht, aber eine KI koennte auch nicht ohne Beaufsichtigung das Krankenhaus leiten'}, {'id': 85, 'label': 'Z.P2', 'text': 'KI sind objektiv '}, {'id': 86, 'label': 'Z.P2', 'text': 'KI sind nicht bestechbar'}, {'id': 100, 'label': 'Z.P1', 'text': 'Mit medKI gibt es immerhin genug Aerztinnen, die jetzt fehlen?'}, {'id': 103, 'label': 'Z.P1-1', 'text': 'Personal wird dann trotzdem benoetigt '}, {'id': 137, 'label': 'Z.P1', 'text': 'In vielen Medizinischen Bereichen herrscht ein grosser Personalmangel. Gerade bei einfachen Diagnosen kann es dann sinnvoll sein, dass diese eine KI uebernimmt'}, {'id': 138, 'label': 'Z.P1', 'text': 'Das ist zwar nicht ganz das was ich meinte aber auch ein guter Punkt. Ich wollte eher auf die Entlastung des Personals abzielen und eine Verschnoerkelung des diagnostischen Prozesses, sowie verkuerzte Wartezeiten.'}]"
358,3112,1,"Um sich nicht auf irrationales Verhalten von anderen Verkehrsteilnehmern einstellen zu muessen, sollte jedes Fahrzeug die autoKI verwenden.",['Z.P8-1-2'],AUTOAI,"[['Greeting_Message'], ['Z.P8'], ['intro_61'], ['Z.P8'], ['intro_2', 'z_trans_12', 'Z.P8-1']]","[1862, 1875, 1876, 1900, 1901, 1921, 1928, 1929, 1950, 1953, 1954, 1997, 2082, 2128, 2129, 2174, 2175, 2216, 2217, 2224, 2239, 2240, 2302, 2303, 2343, 2408, 2409, 2416, 2417, 2437, 2464, 2476, 2477, 2555, 2621, 2628, 2731, 7480, 7481, 7482, 7483, 7484, 7485, 7486, 7487, 7488, 7489, 7490, 7491, 7492, 7493, 7494, 7495, 7496, 7497, 7498, 7499, 7500, 7501, 7502, 7503, 7504, 7505]",1819,9138,80.09411249726416,63,63,0.0277401269231866,"[{'id': 2, 'label': 'Z.P3', 'text': 'Das Wissen einer KI kann eine deutlich hoehere Menge erreichen, als das Wissen eines Menschen. '}, {'id': 3, 'label': 'Z.P3', 'text': 'Eine KI kann mehr Wissen als ein Mensch'}, {'id': 8, 'label': 'Z.P1', 'text': 'Der Trend geht ohnehin weg von kleinen Landarztpraxen und hin zu medizinischen Versorgungszentren'}, {'id': 24, 'label': 'Z.P1', 'text': 'Aerzte sind doch auch Rund um die Uhr erreichbar?! Dafuer werden Sie auch dementsprechend bezahlt. Auf dem Land natuerlich nicht, aber eine KI koennte auch nicht ohne Beaufsichtigung das Krankenhaus leiten'}, {'id': 85, 'label': 'Z.P2', 'text': 'KI sind objektiv '}, {'id': 86, 'label': 'Z.P2', 'text': 'KI sind nicht bestechbar'}, {'id': 100, 'label': 'Z.P1', 'text': 'Mit medKI gibt es immerhin genug Aerztinnen, die jetzt fehlen?'}, {'id': 103, 'label': 'Z.P1-1', 'text': 'Personal wird dann trotzdem benoetigt '}, {'id': 137, 'label': 'Z.P1', 'text': 'In vielen Medizinischen Bereichen herrscht ein grosser Personalmangel. Gerade bei einfachen Diagnosen kann es dann sinnvoll sein, dass diese eine KI uebernimmt'}, {'id': 138, 'label': 'Z.P1', 'text': 'Das ist zwar nicht ganz das was ich meinte aber auch ein guter Punkt. Ich wollte eher auf die Entlastung des Personals abzielen und eine Verschnoerkelung des diagnostischen Prozesses, sowie verkuerzte Wartezeiten.'}]"
359,3113,1,"Wie du bereits anmerkst, kann fuer derartige Situationen ethisch keine richtige Entscheidung getroffen werden, weder vom Menschen, noch von der Maschine. Es entstuende hier also kein Nachteil durch Nutzung der KI",['Z.C6'],AUTOAI,"[['Greeting_Message'], ['Z.P8'], ['intro_61'], ['Z.P8'], ['intro_2', 'z_trans_12', 'Z.P8-1'], ['Z.P8-1-2'], ['intro_28', 'Z.P8-1-1', 'intro_5', 'z_trans_16', 'Z.C6']]","[2100, 2101, 2151, 2152, 2344, 2345, 2502, 2506, 2525, 2634, 2636, 2637, 2705, 2707, 2712, 2724, 2749, 7609, 7610, 7611, 7612, 7613, 7614, 7615, 7616, 7617, 7618, 7619, 7620, 7621, 7622, 7623, 7624, 7625, 7626, 7627, 7628, 7629, 7630, 7631, 7632, 7633, 7634, 7635]",2261,9138,75.25716787043116,44,44,0.0146453577456832,"[{'id': 2, 'label': 'Z.P3', 'text': 'Das Wissen einer KI kann eine deutlich hoehere Menge erreichen, als das Wissen eines Menschen. '}, {'id': 3, 'label': 'Z.P3', 'text': 'Eine KI kann mehr Wissen als ein Mensch'}, {'id': 8, 'label': 'Z.P1', 'text': 'Der Trend geht ohnehin weg von kleinen Landarztpraxen und hin zu medizinischen Versorgungszentren'}, {'id': 24, 'label': 'Z.P1', 'text': 'Aerzte sind doch auch Rund um die Uhr erreichbar?! Dafuer werden Sie auch dementsprechend bezahlt. Auf dem Land natuerlich nicht, aber eine KI koennte auch nicht ohne Beaufsichtigung das Krankenhaus leiten'}, {'id': 85, 'label': 'Z.P2', 'text': 'KI sind objektiv '}, {'id': 86, 'label': 'Z.P2', 'text': 'KI sind nicht bestechbar'}, {'id': 100, 'label': 'Z.P1', 'text': 'Mit medKI gibt es immerhin genug Aerztinnen, die jetzt fehlen?'}, {'id': 103, 'label': 'Z.P1-1', 'text': 'Personal wird dann trotzdem benoetigt '}, {'id': 137, 'label': 'Z.P1', 'text': 'In vielen Medizinischen Bereichen herrscht ein grosser Personalmangel. Gerade bei einfachen Diagnosen kann es dann sinnvoll sein, dass diese eine KI uebernimmt'}, {'id': 138, 'label': 'Z.P1', 'text': 'Das ist zwar nicht ganz das was ich meinte aber auch ein guter Punkt. Ich wollte eher auf die Entlastung des Personals abzielen und eine Verschnoerkelung des diagnostischen Prozesses, sowie verkuerzte Wartezeiten.'}]"
360,3115,1,"Die Gesellschaft muss langsam an die neue Technologie herangefuehrt werden, um Vertrauen aufzubauen. Dies geschieht bereits mit beispielsweise dem Spurhalteassistenten und aehnlichen Hilfsmitteln ",['Z.C5-2'],AUTOAI,"[['Greeting_Message'], ['Z.P8'], ['intro_61'], ['Z.P8'], ['intro_2', 'z_trans_12', 'Z.P8-1'], ['Z.P8-1-2'], ['intro_28', 'Z.P8-1-1', 'intro_5', 'z_trans_16', 'Z.C6'], ['Z.C6'], ['intro_62'], ['Z.C6'], ['intro_1', 'z_trans_13', 'Z.C5']]","[1930, 2218, 2241, 2242, 2332, 2346, 2347, 2450, 2535, 2654, 2734, 7349, 7350, 7351, 7352, 7353, 7354, 7355, 7356, 7357, 7358, 7359, 7360, 7361, 7362, 7363, 7364, 7365, 7366, 7367, 7368, 7369, 7370, 7371, 7372, 7373, 7374, 7375, 7376]",442,9138,95.163055373167,39,39,0.08396740179985324,"[{'id': 1858, 'label': 'Z.C5-3', 'text': ""Solange die Ki signifikant besser Auto fahren kann als die durchschnittliche Person, kann gerechtfertigt werden dass KI's zugelassen werden. Die absolute Zahl der unfaelle sollte dann, statistisch gesehen runtergehen.""}, {'id': 1863, 'label': 'Z.C5', 'text': 'Die aussage ist falsch, Menschen lieben es nicht selber Entscheidungen zu erabeiten, zur diese zu treffen, wir haben Algorithmen die uns sagen was fuer Buecher wir gerne lesen wuerden, wir moegen nur die Entscheidung treffen aus der erarbeiteten Auswahl'}, {'id': 1877, 'label': 'Z.C5-3', 'text': 'viele neue technologien werden zunaechst von der gesellschaft angelehnt, etablieren sich jedoch mit dem wandel der gesellschaft ueber laengere zeit'}, {'id': 1878, 'label': 'Z.C5-3', 'text': 'die gesellschaft akzeptiert neue technologien mit dem wandel der zeit'}, {'id': 1879, 'label': 'Z.C6-3-1', 'text': 'da kein eingreifen der menschen moeglich ist, muesste der programmierer der KI rechtlich fuer das handeln des KIs sein'}, {'id': 1880, 'label': 'Z.C6-3-1', 'text': 'da die menschen nicht eingreifen koennen muss der hersteller der KI verantwortung fuer das handeln der KI tragen'}, {'id': 1922, 'label': 'Z.C5', 'text': 'Es wird alles akzeptiert, wenn es funktioniert '}, {'id': 1923, 'label': 'Z.C5-3', 'text': 'Wenn das autonome Fahren ohne Unfall funktioniert, wird es auch von der Gesellschaft akzeptiert'}, {'id': 1930, 'label': 'Z.C5-2', 'text': 'Dafuer muss mehr Akzeptanz in der Gesellschaft geschaffen werden'}, {'id': 1978, 'label': 'Z.C5-1-1-1-1', 'text': 'Vollstaendig autonomes fahren ist zwar eine gute Idee auf dem Papier aber dabei fehlt eher die moeglichkeit einzugreifen'}]"
361,3123,2,"Ja das stimmt, hierbei sollte aber kein vollstaendiges Vertrauen auf die KI gesetzt werden",['Z.P6-1'],AUTOAI,"[['Greeting_Message'], ['Z.C3'], ['intro_61'], ['Z.P8-1'], ['intro_2', 'z_trans_11', 'Z.P6']]","[2019, 2020, 2073, 2198, 2308, 2309, 2353, 6641, 6642, 6643, 6644, 6645, 6646, 6647, 6648, 6649, 6650, 6651, 6652, 6653, 6654, 6655, 6656, 6657, 6658, 6659, 6660, 6661, 6662, 6663, 6664, 6665, 6666, 6667]",746,9138,91.83628802801488,34,34,0.04185568087067703,"[{'id': 4, 'label': 'Z.P5', 'text': 'Durch Einsparung von Personal bei Aerztinnen, kann mehr fuer Pflegepersonal ausgegeben werden. '}, {'id': 5, 'label': 'Z.P4-1', 'text': 'Aber ist es realistisch, dass das Gesundheitssystem besser finanziert wird bevor eine medKI in der Lage ist fundierte Entscheidungen zu treffen?'}, {'id': 12, 'label': 'Z.P4', 'text': 'Die MedKI kann unterstuetzen, den Mangel an Aerzten entgegenzuwirken. Durch den demographischen Wandel wird es mehr kranke und alte Menschen geben. Dadurch brauchen wir mehr Aerzte'}, {'id': 13, 'label': 'Z.P5', 'text': 'Die KI kann von mehreren Nationen entwickelt werden. Dadurch sinken die Kosten'}, {'id': 14, 'label': 'Z.P5', 'text': 'Sobald eine selbst lernende Ki entwickelt wurde, wird das Entwickeln nicht mehr viel kosten'}, {'id': 15, 'label': 'Z.P5', 'text': 'Dafuer kann der First Level Support von Aerzten abgewendet werden und durch KIs uebernommen werden'}, {'id': 83, 'label': 'Z.P4-1', 'text': 'Dann sollen die Unis mehr Medizin Plaetze anbieten dann gibt es mehr Aerzte '}, {'id': 84, 'label': 'Z.P6', 'text': 'KI sind praeziser '}, {'id': 108, 'label': 'Z.P4-1', 'text': 'Man koennte auch das Medizin Studium zugaenglicher machen'}, {'id': 109, 'label': 'Z.P4-1', 'text': 'Anstelle der KI kann man auch das Medizin Studium zugaenglicher machen'}]"
362,3134,1,Teilweise autonome Autos werden bereits von der Gesellschaft akzeptiert. Es ist alles eine Frage der Zeit ,['Z.C5-3'],AUTOAI,"[['Greeting_Message'], ['Z.P11'], ['intro_61'], ['Z.P11'], ['intro_3', 'z_trans_11', 'Z.P8-1'], ['CONSENT'], ['intro_62'], ['Z.P8'], ['intro_2', 'z_trans_2', 'Z.C5']]","[1858, 1877, 1878, 1923, 2080, 2081, 2257, 2258, 2363, 2419, 2441, 2442, 2492, 2629, 2684, 2696, 2748, 2780, 7377, 7378, 7379, 7380, 7381, 7382, 7383, 7384, 7385, 7386, 7387, 7388, 7389, 7390, 7391, 7392, 7393, 7394, 7395, 7396, 7397, 7398]",442,9138,95.163055373167,40,40,0.08612041210241357,"[{'id': 1858, 'label': 'Z.C5-3', 'text': ""Solange die Ki signifikant besser Auto fahren kann als die durchschnittliche Person, kann gerechtfertigt werden dass KI's zugelassen werden. Die absolute Zahl der unfaelle sollte dann, statistisch gesehen runtergehen.""}, {'id': 1863, 'label': 'Z.C5', 'text': 'Die aussage ist falsch, Menschen lieben es nicht selber Entscheidungen zu erabeiten, zur diese zu treffen, wir haben Algorithmen die uns sagen was fuer Buecher wir gerne lesen wuerden, wir moegen nur die Entscheidung treffen aus der erarbeiteten Auswahl'}, {'id': 1877, 'label': 'Z.C5-3', 'text': 'viele neue technologien werden zunaechst von der gesellschaft angelehnt, etablieren sich jedoch mit dem wandel der gesellschaft ueber laengere zeit'}, {'id': 1878, 'label': 'Z.C5-3', 'text': 'die gesellschaft akzeptiert neue technologien mit dem wandel der zeit'}, {'id': 1879, 'label': 'Z.C6-3-1', 'text': 'da kein eingreifen der menschen moeglich ist, muesste der programmierer der KI rechtlich fuer das handeln des KIs sein'}, {'id': 1880, 'label': 'Z.C6-3-1', 'text': 'da die menschen nicht eingreifen koennen muss der hersteller der KI verantwortung fuer das handeln der KI tragen'}, {'id': 1922, 'label': 'Z.C5', 'text': 'Es wird alles akzeptiert, wenn es funktioniert '}, {'id': 1923, 'label': 'Z.C5-3', 'text': 'Wenn das autonome Fahren ohne Unfall funktioniert, wird es auch von der Gesellschaft akzeptiert'}, {'id': 1930, 'label': 'Z.C5-2', 'text': 'Dafuer muss mehr Akzeptanz in der Gesellschaft geschaffen werden'}, {'id': 1978, 'label': 'Z.C5-1-1-1-1', 'text': 'Vollstaendig autonomes fahren ist zwar eine gute Idee auf dem Papier aber dabei fehlt eher die moeglichkeit einzugreifen'}]"
363,3140,2,Aber wenn es keine Moeglichkeit gibt an den Seitenstreifen zu fahren ,['Z.C3-1'],AUTOAI,"[['Greeting_Message'], ['Z.C3'], ['intro_25', 'Z.C3', 'intro_2', 'Z.C3-1']]","[2369, 2370, 2448, 2449, 7035, 7036, 7037, 7038, 7039, 7040, 7041, 7042, 7043, 7044, 7045, 7046, 7047, 7048, 7049, 7050, 7051, 7052, 7053, 7054, 7055, 7056, 7057, 7058, 7059, 7060, 7061]",329,9138,96.39964981396368,31,31,0.09083249678519373,"[{'id': 1861, 'label': 'Z.C3-2', 'text': 'Wenn ein Mensch einen Fehler macht lernt nur dieser ein Mensch und macht ihn nicht wieder. Ein autonomes Auto kann Fehler direk an alle weitergeben, sodass alle davon lernen, jeder Fehler sollte nur ein einziges mal gemacht werden '}, {'id': 1865, 'label': 'Z.C8-1', 'text': ' man kann anonymisiert daten ueber fahrtweg austauschen ohne gesamte fahrplaene freizugeben'}, {'id': 1869, 'label': 'Z.C8-1', 'text': 'Dann macht man Syteme die diese Daten nicht teilen'}, {'id': 1916, 'label': 'Z.C4-1', 'text': 'Das kann man ja aber durch eine gute firewall absichern'}, {'id': 1917, 'label': 'Z.C4-1', 'text': 'Das kann man sicher machen'}, {'id': 1918, 'label': 'Z.C8-1', 'text': 'Das kann man loesen indem keine daten gespeichert werden'}, {'id': 1919, 'label': 'Z.C8-1', 'text': 'Daten nicht speichern'}, {'id': 1933, 'label': 'Z.C3-2', 'text': 'Die Autos muessten deshalb untereinander vernetzt sein'}, {'id': 1934, 'label': 'Z.C3-2', 'text': 'Autos aller Hersteller muessten dann untereinander kommunizieren koennen'}, {'id': 1935, 'label': 'Z.C8-1', 'text': 'Dafuer gibt es Datenschutzgesetze '}]"
364,3168,1,"Wenn die Auto Ki weniger Fehler macht als Menschen, warum sollte sie dann nicht alleine Fahren duerfen ",['Z.P11'],AUTOAI,"[['Greeting_Message'], ['Z.P10'], ['intro_61'], ['Z.P10'], ['intro_1', 'z_trans_12', 'Z.P8-1']]","[1859, 1873, 1874, 1898, 1899, 1926, 1927, 1948, 1949, 1979, 1980, 1987, 1988, 1994, 2076, 2077, 2122, 2127, 2131, 2138, 2139, 2172, 2173, 2176, 2177, 2183, 2184, 2215, 2223, 2231, 2232, 2237, 2238, 2253, 2254, 2273, 2277, 2300, 2301, 2311, 2312, 2313, 2322, 2329, 2360, 2361, 2387, 2388, 2414, 2415, 2428, 2429, 2439, 2447, 2463, 2468, 2484, 2508, 2515, 2533, 2550, 2553, 2573, 2576, 2588, 2590, 2600, 2615, 2618, 2639, 2642, 2647, 2662, 2666, 2668, 2674, 2693, 2694, 2714, 2716, 2730, 2735, 2744, 2757, 2762, 2778, 2788, 2790, 7744, 7745, 7746, 7747, 7748, 7749, 7750, 7751, 7752, 7753, 7754, 7755, 7756, 7757, 7758, 7759, 7760, 7761, 7762, 7763, 7764, 7765, 7766, 7767, 7768, 7769, 7770]",1819,9138,80.09411249726416,115,115,0.05063673962168983,"[{'id': 2, 'label': 'Z.P3', 'text': 'Das Wissen einer KI kann eine deutlich hoehere Menge erreichen, als das Wissen eines Menschen. '}, {'id': 3, 'label': 'Z.P3', 'text': 'Eine KI kann mehr Wissen als ein Mensch'}, {'id': 8, 'label': 'Z.P1', 'text': 'Der Trend geht ohnehin weg von kleinen Landarztpraxen und hin zu medizinischen Versorgungszentren'}, {'id': 24, 'label': 'Z.P1', 'text': 'Aerzte sind doch auch Rund um die Uhr erreichbar?! Dafuer werden Sie auch dementsprechend bezahlt. Auf dem Land natuerlich nicht, aber eine KI koennte auch nicht ohne Beaufsichtigung das Krankenhaus leiten'}, {'id': 85, 'label': 'Z.P2', 'text': 'KI sind objektiv '}, {'id': 86, 'label': 'Z.P2', 'text': 'KI sind nicht bestechbar'}, {'id': 100, 'label': 'Z.P1', 'text': 'Mit medKI gibt es immerhin genug Aerztinnen, die jetzt fehlen?'}, {'id': 103, 'label': 'Z.P1-1', 'text': 'Personal wird dann trotzdem benoetigt '}, {'id': 137, 'label': 'Z.P1', 'text': 'In vielen Medizinischen Bereichen herrscht ein grosser Personalmangel. Gerade bei einfachen Diagnosen kann es dann sinnvoll sein, dass diese eine KI uebernimmt'}, {'id': 138, 'label': 'Z.P1', 'text': 'Das ist zwar nicht ganz das was ich meinte aber auch ein guter Punkt. Ich wollte eher auf die Entlastung des Personals abzielen und eine Verschnoerkelung des diagnostischen Prozesses, sowie verkuerzte Wartezeiten.'}]"
365,3172,1,Der kann geschaffen werden .,['Z.C11-1'],AUTOAI,"[['Greeting_Message'], ['Z.P10'], ['intro_61'], ['Z.P10'], ['intro_1', 'z_trans_12', 'Z.P8-1'], ['Z.P11'], ['intro_62'], ['Z.P11'], ['intro_3', 'z_trans_12', 'Z.C5'], ['NZ.G3'], ['intro_61'], ['Z.C5-1-1-1'], ['intro_1', 'z_trans_2', 'Z.C10']]","[1931, 1932, 2142, 2143, 2243, 2244, 2348, 2390, 2391, 2400, 2401, 2420, 2421, 2432, 2443, 2444, 2781, 8304, 8305, 8306, 8307, 8308, 8309, 8310, 8311, 8312, 8313, 8314, 8315, 8316, 8317, 8318, 8319, 8320, 8321, 8322, 8323, 8324, 8325, 8326, 8327, 8328, 8329, 8330]",370,9138,95.95097395491354,44,44,0.11410386091935666,"[{'id': 1870, 'label': 'Z.C11', 'text': 'Firma oder Fahrer falls gefaehrliche Befehle gegeben'}, {'id': 1887, 'label': 'Z.C11', 'text': 'Wer haftet bei einem Unfall?'}, {'id': 1889, 'label': 'Z.C12', 'text': '2. Argument: Keiner kann mehr Auto fahren'}, {'id': 1890, 'label': 'Z.C12', 'text': '2. Argument: Es lernt keiner mehr Auto zu fahren.'}, {'id': 1891, 'label': 'Z.C11', 'text': '3. Argument: Die Rechtslage ist unklar bei Unfaellen.'}, {'id': 1902, 'label': 'Z.C11', 'text': 'Jeder Mensch sollte trotzdem eine Fahrausbildung Besitzen und im Falle eines Unfalles haften '}, {'id': 1903, 'label': 'Z.C11', 'text': 'Der mensch sollte trotzdem haften '}, {'id': 1913, 'label': 'Z.C10-1', 'text': 'Wenn auto kis zugelassen werden, gibt es ja einen rechtsrahmen'}, {'id': 1914, 'label': 'Z.C10-1', 'text': 'Eine zulassung ist ein rechtsrahmen'}, {'id': 1924, 'label': 'Z.C10-1', 'text': 'Dann muss dieser Gesetztesrahmen kommen '}]"
366,3176,1,"Das stimmt das muesste man verhindern, man kann aber genauso den aktuellen Verkehr manipulieren !",['Z.C4-1-2'],AUTOAI,"[['Greeting_Message'], ['Z.P10'], ['intro_61'], ['Z.P10'], ['intro_1', 'z_trans_12', 'Z.P8-1'], ['Z.P11'], ['intro_62'], ['Z.P11'], ['intro_3', 'z_trans_12', 'Z.C5'], ['NZ.G3'], ['intro_61'], ['Z.C5-1-1-1'], ['intro_1', 'z_trans_2', 'Z.C10'], ['Z.C11-1'], ['intro_61'], ['Z.C11-1'], ['intro_3', 'z_trans_13', 'Z.C2'], ['DISSENT', 'Z.P8'], ['intro_61'], ['DISSENT'], ['intro_3', 'z_trans_2', 'Z.C4']]","[1986, 2145, 2146, 2270, 2393, 2424, 2580, 2631, 2728, 7165, 7166, 7167, 7168, 7169, 7170, 7171, 7172, 7173, 7174, 7175, 7176, 7177, 7178, 7179, 7180, 7181, 7182, 7183, 7184, 7185, 7186, 7187, 7188, 7189, 7190, 7191]",329,9138,96.39964981396368,36,36,0.10548289949248305,"[{'id': 1861, 'label': 'Z.C3-2', 'text': 'Wenn ein Mensch einen Fehler macht lernt nur dieser ein Mensch und macht ihn nicht wieder. Ein autonomes Auto kann Fehler direk an alle weitergeben, sodass alle davon lernen, jeder Fehler sollte nur ein einziges mal gemacht werden '}, {'id': 1865, 'label': 'Z.C8-1', 'text': ' man kann anonymisiert daten ueber fahrtweg austauschen ohne gesamte fahrplaene freizugeben'}, {'id': 1869, 'label': 'Z.C8-1', 'text': 'Dann macht man Syteme die diese Daten nicht teilen'}, {'id': 1916, 'label': 'Z.C4-1', 'text': 'Das kann man ja aber durch eine gute firewall absichern'}, {'id': 1917, 'label': 'Z.C4-1', 'text': 'Das kann man sicher machen'}, {'id': 1918, 'label': 'Z.C8-1', 'text': 'Das kann man loesen indem keine daten gespeichert werden'}, {'id': 1919, 'label': 'Z.C8-1', 'text': 'Daten nicht speichern'}, {'id': 1933, 'label': 'Z.C3-2', 'text': 'Die Autos muessten deshalb untereinander vernetzt sein'}, {'id': 1934, 'label': 'Z.C3-2', 'text': 'Autos aller Hersteller muessten dann untereinander kommunizieren koennen'}, {'id': 1935, 'label': 'Z.C8-1', 'text': 'Dafuer gibt es Datenschutzgesetze '}]"
367,3182,1,"ja sie werden angenommen & akzepiert, da es schon Autos gibt die Spurhalteassistentwn besitzen & da auch sehr viel moeglich ist ",['Z.C5-1-1-1'],AUTOAI,"[['Greeting_Message'], ['Z.C2-1', 'Z.P12'], ['intro_61'], ['Z.C2-1'], ['intro_3', 'z_trans_11', 'Z.P8-1'], ['DISSENT', 'PRO_ZARG'], ['intro_62'], ['Z.P8-1-1'], ['intro_2', 'z_trans_11', 'Z.C5']]","[2331, 2389, 2398, 2665, 2759, 7273, 7274, 7275, 7276, 7277, 7278, 7279, 7280, 7281, 7282, 7283, 7284, 7285, 7286, 7287, 7288, 7289, 7290, 7291, 7292, 7293, 7294, 7295, 7296, 7297, 7298, 7299]",442,9138,95.163055373167,32,32,0.06889632968193087,"[{'id': 1858, 'label': 'Z.C5-3', 'text': ""Solange die Ki signifikant besser Auto fahren kann als die durchschnittliche Person, kann gerechtfertigt werden dass KI's zugelassen werden. Die absolute Zahl der unfaelle sollte dann, statistisch gesehen runtergehen.""}, {'id': 1863, 'label': 'Z.C5', 'text': 'Die aussage ist falsch, Menschen lieben es nicht selber Entscheidungen zu erabeiten, zur diese zu treffen, wir haben Algorithmen die uns sagen was fuer Buecher wir gerne lesen wuerden, wir moegen nur die Entscheidung treffen aus der erarbeiteten Auswahl'}, {'id': 1877, 'label': 'Z.C5-3', 'text': 'viele neue technologien werden zunaechst von der gesellschaft angelehnt, etablieren sich jedoch mit dem wandel der gesellschaft ueber laengere zeit'}, {'id': 1878, 'label': 'Z.C5-3', 'text': 'die gesellschaft akzeptiert neue technologien mit dem wandel der zeit'}, {'id': 1879, 'label': 'Z.C6-3-1', 'text': 'da kein eingreifen der menschen moeglich ist, muesste der programmierer der KI rechtlich fuer das handeln des KIs sein'}, {'id': 1880, 'label': 'Z.C6-3-1', 'text': 'da die menschen nicht eingreifen koennen muss der hersteller der KI verantwortung fuer das handeln der KI tragen'}, {'id': 1922, 'label': 'Z.C5', 'text': 'Es wird alles akzeptiert, wenn es funktioniert '}, {'id': 1923, 'label': 'Z.C5-3', 'text': 'Wenn das autonome Fahren ohne Unfall funktioniert, wird es auch von der Gesellschaft akzeptiert'}, {'id': 1930, 'label': 'Z.C5-2', 'text': 'Dafuer muss mehr Akzeptanz in der Gesellschaft geschaffen werden'}, {'id': 1978, 'label': 'Z.C5-1-1-1-1', 'text': 'Vollstaendig autonomes fahren ist zwar eine gute Idee auf dem Papier aber dabei fehlt eher die moeglichkeit einzugreifen'}]"
368,3184,1,die Verantwortung liegt dann bei dem Fahrer des Autos ,['Z.C11-1'],AUTOAI,"[['Greeting_Message'], ['Z.C2-1', 'Z.P12'], ['intro_61'], ['Z.C2-1'], ['intro_3', 'z_trans_11', 'Z.P8-1'], ['DISSENT', 'PRO_ZARG'], ['intro_62'], ['Z.P8-1-1'], ['intro_2', 'z_trans_11', 'Z.C5'], ['Z.C5-1-1-1'], ['intro_61'], ['Z.C5-1'], ['intro_3', 'z_trans_13', 'Z.C10']]","[1931, 1932, 2142, 2143, 2243, 2244, 2348, 2390, 2391, 2400, 2401, 2420, 2421, 2432, 2443, 2444, 2781, 8304, 8305, 8306, 8307, 8308, 8309, 8310, 8311, 8312, 8313, 8314, 8315, 8316, 8317, 8318, 8319, 8320, 8321, 8322, 8323, 8324, 8325, 8326, 8327, 8328, 8329, 8330]",370,9138,95.95097395491354,44,44,0.11410386091935666,"[{'id': 1870, 'label': 'Z.C11', 'text': 'Firma oder Fahrer falls gefaehrliche Befehle gegeben'}, {'id': 1887, 'label': 'Z.C11', 'text': 'Wer haftet bei einem Unfall?'}, {'id': 1889, 'label': 'Z.C12', 'text': '2. Argument: Keiner kann mehr Auto fahren'}, {'id': 1890, 'label': 'Z.C12', 'text': '2. Argument: Es lernt keiner mehr Auto zu fahren.'}, {'id': 1891, 'label': 'Z.C11', 'text': '3. Argument: Die Rechtslage ist unklar bei Unfaellen.'}, {'id': 1902, 'label': 'Z.C11', 'text': 'Jeder Mensch sollte trotzdem eine Fahrausbildung Besitzen und im Falle eines Unfalles haften '}, {'id': 1903, 'label': 'Z.C11', 'text': 'Der mensch sollte trotzdem haften '}, {'id': 1913, 'label': 'Z.C10-1', 'text': 'Wenn auto kis zugelassen werden, gibt es ja einen rechtsrahmen'}, {'id': 1914, 'label': 'Z.C10-1', 'text': 'Eine zulassung ist ein rechtsrahmen'}, {'id': 1924, 'label': 'Z.C10-1', 'text': 'Dann muss dieser Gesetztesrahmen kommen '}]"
369,3194,1,Das funktioniert nur wenn alle im Strassenverkehr autonom fahren.,['Z.P8-1-2'],AUTOAI,"[['Greeting_Message'], ['OTHER'], ['intro_25', 'Z.P4', 'intro_1', 'Z.P4-1'], ['Z.P8-1'], ['intro_61'], ['CON_NZARG'], ['intro_3', 'z_trans_13', 'Z.P8-1']]","[1862, 1875, 1876, 1900, 1901, 1921, 1928, 1929, 1950, 1953, 1954, 1997, 2082, 2128, 2129, 2174, 2175, 2216, 2217, 2224, 2239, 2240, 2302, 2303, 2343, 2408, 2409, 2416, 2417, 2437, 2464, 2476, 2477, 2555, 2621, 2628, 2731, 7480, 7481, 7482, 7483, 7484, 7485, 7486, 7487, 7488, 7489, 7490, 7491, 7492, 7493, 7494, 7495, 7496, 7497, 7498, 7499, 7500, 7501, 7502, 7503, 7504, 7505]",1819,9138,80.09411249726416,63,63,0.0277401269231866,"[{'id': 2, 'label': 'Z.P3', 'text': 'Das Wissen einer KI kann eine deutlich hoehere Menge erreichen, als das Wissen eines Menschen. '}, {'id': 3, 'label': 'Z.P3', 'text': 'Eine KI kann mehr Wissen als ein Mensch'}, {'id': 8, 'label': 'Z.P1', 'text': 'Der Trend geht ohnehin weg von kleinen Landarztpraxen und hin zu medizinischen Versorgungszentren'}, {'id': 24, 'label': 'Z.P1', 'text': 'Aerzte sind doch auch Rund um die Uhr erreichbar?! Dafuer werden Sie auch dementsprechend bezahlt. Auf dem Land natuerlich nicht, aber eine KI koennte auch nicht ohne Beaufsichtigung das Krankenhaus leiten'}, {'id': 85, 'label': 'Z.P2', 'text': 'KI sind objektiv '}, {'id': 86, 'label': 'Z.P2', 'text': 'KI sind nicht bestechbar'}, {'id': 100, 'label': 'Z.P1', 'text': 'Mit medKI gibt es immerhin genug Aerztinnen, die jetzt fehlen?'}, {'id': 103, 'label': 'Z.P1-1', 'text': 'Personal wird dann trotzdem benoetigt '}, {'id': 137, 'label': 'Z.P1', 'text': 'In vielen Medizinischen Bereichen herrscht ein grosser Personalmangel. Gerade bei einfachen Diagnosen kann es dann sinnvoll sein, dass diese eine KI uebernimmt'}, {'id': 138, 'label': 'Z.P1', 'text': 'Das ist zwar nicht ganz das was ich meinte aber auch ein guter Punkt. Ich wollte eher auf die Entlastung des Personals abzielen und eine Verschnoerkelung des diagnostischen Prozesses, sowie verkuerzte Wartezeiten.'}]"
370,3202,1,Aber wenn es nur noch AutoKI geben wuerde ?,['Z.P8-1-2'],AUTOAI,"[['Greeting_Message'], ['Z.P11'], ['intro_61'], ['Z.P11'], ['intro_3', 'z_trans_2', 'Z.P8-1']]","[1862, 1875, 1876, 1900, 1901, 1921, 1928, 1929, 1950, 1953, 1954, 1997, 2082, 2128, 2129, 2174, 2175, 2216, 2217, 2224, 2239, 2240, 2302, 2303, 2343, 2408, 2409, 2416, 2417, 2437, 2464, 2476, 2477, 2555, 2621, 2628, 2731, 7480, 7481, 7482, 7483, 7484, 7485, 7486, 7487, 7488, 7489, 7490, 7491, 7492, 7493, 7494, 7495, 7496, 7497, 7498, 7499, 7500, 7501, 7502, 7503, 7504, 7505]",1819,9138,80.09411249726416,63,63,0.0277401269231866,"[{'id': 2, 'label': 'Z.P3', 'text': 'Das Wissen einer KI kann eine deutlich hoehere Menge erreichen, als das Wissen eines Menschen. '}, {'id': 3, 'label': 'Z.P3', 'text': 'Eine KI kann mehr Wissen als ein Mensch'}, {'id': 8, 'label': 'Z.P1', 'text': 'Der Trend geht ohnehin weg von kleinen Landarztpraxen und hin zu medizinischen Versorgungszentren'}, {'id': 24, 'label': 'Z.P1', 'text': 'Aerzte sind doch auch Rund um die Uhr erreichbar?! Dafuer werden Sie auch dementsprechend bezahlt. Auf dem Land natuerlich nicht, aber eine KI koennte auch nicht ohne Beaufsichtigung das Krankenhaus leiten'}, {'id': 85, 'label': 'Z.P2', 'text': 'KI sind objektiv '}, {'id': 86, 'label': 'Z.P2', 'text': 'KI sind nicht bestechbar'}, {'id': 100, 'label': 'Z.P1', 'text': 'Mit medKI gibt es immerhin genug Aerztinnen, die jetzt fehlen?'}, {'id': 103, 'label': 'Z.P1-1', 'text': 'Personal wird dann trotzdem benoetigt '}, {'id': 137, 'label': 'Z.P1', 'text': 'In vielen Medizinischen Bereichen herrscht ein grosser Personalmangel. Gerade bei einfachen Diagnosen kann es dann sinnvoll sein, dass diese eine KI uebernimmt'}, {'id': 138, 'label': 'Z.P1', 'text': 'Das ist zwar nicht ganz das was ich meinte aber auch ein guter Punkt. Ich wollte eher auf die Entlastung des Personals abzielen und eine Verschnoerkelung des diagnostischen Prozesses, sowie verkuerzte Wartezeiten.'}]"
371,3204,1,Angst vor Veraenderung ist menschliche.,['Z.C5'],AUTOAI,"[['Greeting_Message'], ['Z.P11'], ['intro_61'], ['Z.P11'], ['intro_3', 'z_trans_2', 'Z.P8-1'], ['Z.P8-1-2'], ['intro_62'], ['Z.P8-1-2'], ['intro_1', 'z_trans_11', 'Z.C5']]","[1863, 1922, 2180, 2355, 2356, 2371, 2418, 7192, 7193, 7194, 7195, 7196, 7197, 7198, 7199, 7200, 7201, 7202, 7203, 7204, 7205, 7206, 7207, 7208, 7209, 7210, 7211, 7212, 7213, 7214, 7215, 7216, 7217, 7218]",442,9138,95.163055373167,34,34,0.07320235028705153,"[{'id': 1858, 'label': 'Z.C5-3', 'text': ""Solange die Ki signifikant besser Auto fahren kann als die durchschnittliche Person, kann gerechtfertigt werden dass KI's zugelassen werden. Die absolute Zahl der unfaelle sollte dann, statistisch gesehen runtergehen.""}, {'id': 1863, 'label': 'Z.C5', 'text': 'Die aussage ist falsch, Menschen lieben es nicht selber Entscheidungen zu erabeiten, zur diese zu treffen, wir haben Algorithmen die uns sagen was fuer Buecher wir gerne lesen wuerden, wir moegen nur die Entscheidung treffen aus der erarbeiteten Auswahl'}, {'id': 1877, 'label': 'Z.C5-3', 'text': 'viele neue technologien werden zunaechst von der gesellschaft angelehnt, etablieren sich jedoch mit dem wandel der gesellschaft ueber laengere zeit'}, {'id': 1878, 'label': 'Z.C5-3', 'text': 'die gesellschaft akzeptiert neue technologien mit dem wandel der zeit'}, {'id': 1879, 'label': 'Z.C6-3-1', 'text': 'da kein eingreifen der menschen moeglich ist, muesste der programmierer der KI rechtlich fuer das handeln des KIs sein'}, {'id': 1880, 'label': 'Z.C6-3-1', 'text': 'da die menschen nicht eingreifen koennen muss der hersteller der KI verantwortung fuer das handeln der KI tragen'}, {'id': 1922, 'label': 'Z.C5', 'text': 'Es wird alles akzeptiert, wenn es funktioniert '}, {'id': 1923, 'label': 'Z.C5-3', 'text': 'Wenn das autonome Fahren ohne Unfall funktioniert, wird es auch von der Gesellschaft akzeptiert'}, {'id': 1930, 'label': 'Z.C5-2', 'text': 'Dafuer muss mehr Akzeptanz in der Gesellschaft geschaffen werden'}, {'id': 1978, 'label': 'Z.C5-1-1-1-1', 'text': 'Vollstaendig autonomes fahren ist zwar eine gute Idee auf dem Papier aber dabei fehlt eher die moeglichkeit einzugreifen'}]"
372,3206,1,Eine Anpassung des Gesetzes waere sicher moeglich. Wenn die Menschen es mehr akzeptieren ,['Z.C11-1'],AUTOAI,"[['Greeting_Message'], ['Z.P11'], ['intro_61'], ['Z.P11'], ['intro_3', 'z_trans_2', 'Z.P8-1'], ['Z.P8-1-2'], ['intro_62'], ['Z.P8-1-2'], ['intro_1', 'z_trans_11', 'Z.C5'], ['Z.C5'], ['intro_61'], ['Z.C5-3'], ['intro_1', 'z_trans_13', 'Z.C10']]","[1931, 1932, 2142, 2143, 2243, 2244, 2348, 2390, 2391, 2400, 2401, 2420, 2421, 2432, 2443, 2444, 2781, 8304, 8305, 8306, 8307, 8308, 8309, 8310, 8311, 8312, 8313, 8314, 8315, 8316, 8317, 8318, 8319, 8320, 8321, 8322, 8323, 8324, 8325, 8326, 8327, 8328, 8329, 8330]",370,9138,95.95097395491354,44,44,0.11410386091935666,"[{'id': 1870, 'label': 'Z.C11', 'text': 'Firma oder Fahrer falls gefaehrliche Befehle gegeben'}, {'id': 1887, 'label': 'Z.C11', 'text': 'Wer haftet bei einem Unfall?'}, {'id': 1889, 'label': 'Z.C12', 'text': '2. Argument: Keiner kann mehr Auto fahren'}, {'id': 1890, 'label': 'Z.C12', 'text': '2. Argument: Es lernt keiner mehr Auto zu fahren.'}, {'id': 1891, 'label': 'Z.C11', 'text': '3. Argument: Die Rechtslage ist unklar bei Unfaellen.'}, {'id': 1902, 'label': 'Z.C11', 'text': 'Jeder Mensch sollte trotzdem eine Fahrausbildung Besitzen und im Falle eines Unfalles haften '}, {'id': 1903, 'label': 'Z.C11', 'text': 'Der mensch sollte trotzdem haften '}, {'id': 1913, 'label': 'Z.C10-1', 'text': 'Wenn auto kis zugelassen werden, gibt es ja einen rechtsrahmen'}, {'id': 1914, 'label': 'Z.C10-1', 'text': 'Eine zulassung ist ein rechtsrahmen'}, {'id': 1924, 'label': 'Z.C10-1', 'text': 'Dann muss dieser Gesetztesrahmen kommen '}]"
373,3208,1,Die Geschwindigkeit anpassen ,['Z.C2-1'],AUTOAI,"[['Greeting_Message'], ['Z.P11'], ['intro_61'], ['Z.P11'], ['intro_3', 'z_trans_2', 'Z.P8-1'], ['Z.P8-1-2'], ['intro_62'], ['Z.P8-1-2'], ['intro_1', 'z_trans_11', 'Z.C5'], ['Z.C5'], ['intro_61'], ['Z.C5-3'], ['intro_1', 'z_trans_13', 'Z.C10'], ['Z.C11-1'], ['intro_61'], ['Z.C11-1'], ['intro_1', 'z_trans_12', 'Z.C2']]","[1915, 1955, 1956, 1985, 2023, 2024, 2075, 2321, 2394, 2396, 2403, 2422, 2423, 2485, 2504, 6954, 6955, 6956, 6957, 6958, 6959, 6960, 6961, 6962, 6963, 6964, 6965, 6966, 6967, 6968, 6969, 6970, 6971, 6972, 6973, 6974, 6975, 6976, 6977, 6978, 6979, 6980]",96,9138,98.9494418910046,42,42,0.4329038082731451,"[{'id': 1915, 'label': 'Z.C2-1', 'text': 'Geschwindigkeitsbegrenuzungen verlangsamen den verkehr in der regel nicht'}, {'id': 1955, 'label': 'Z.C2-1', 'text': 'Aber es gibt in anderen Laender sowieso striktere Geschwindigkeitsbegrenzungen also sollte das kein groesseres Problem sein'}, {'id': 1956, 'label': 'Z.C2-1', 'text': 'In anderen Laendern gibt es schon striktere Geschwindigkeitsbegrenzungen und das funktioniert dort auch'}, {'id': 1985, 'label': 'Z.C2-1', 'text': 'Je schneller menschen fahren desto mehr unfaelle entstehen, logischerweise bedeutet eine reduzierung des Tempolimits nicht dass fahrten ineffizienter werden sondern wenn dann eher sicherer'}, {'id': 2023, 'label': 'Z.C2-1', 'text': 'Geschwindigkeitsbeschraenkungen haben nur bedingt etwas mit autoKI zu tun. Geschwindigkeitsbegrenzungen im Allgemeinen verbessern die Sicherheit'}, {'id': 2024, 'label': 'Z.C2-1', 'text': 'Geschwindigkeitsbegrenzungen foerdern so oder so die Sicherheit'}, {'id': 2075, 'label': 'Z.C2-1', 'text': 'Striktere Geschwindigkeitsbegrenzungen koennten auch jetzt schon, ohne die KI durchgesetzt werden und wuerden dann zu einem sichereren Verkehr fuehren'}, {'id': 2321, 'label': 'Z.C2-1', 'text': 'Das Tempolimit sollte so oder so eingefphrt werden. Dadurch haben wir einen weiteren grund diese KI zu benutzen'}, {'id': 2394, 'label': 'Z.C2-1', 'text': 'das wichtigste Argument meiner Meinung ist, dass die AutoKI dann das Tempolimit einhalten kann & diesbezueglich weniger Unfaelle passieren wuerden,'}, {'id': 2396, 'label': 'Z.C2-1', 'text': 'AutoKi sollte zugelassen werde, da durch die KI Auto bezueglich dem Tempolimit weniger Unfaelle brauen wuerden '}]"
374,3210,1,Das ist auch ohne autonomes fahren moeglich ,['Z.C4-1-2'],AUTOAI,"[['Greeting_Message'], ['Z.P11'], ['intro_61'], ['Z.P11'], ['intro_3', 'z_trans_2', 'Z.P8-1'], ['Z.P8-1-2'], ['intro_62'], ['Z.P8-1-2'], ['intro_1', 'z_trans_11', 'Z.C5'], ['Z.C5'], ['intro_61'], ['Z.C5-3'], ['intro_1', 'z_trans_13', 'Z.C10'], ['Z.C11-1'], ['intro_61'], ['Z.C11-1'], ['intro_1', 'z_trans_12', 'Z.C2'], ['Z.C2-1'], ['intro_61'], ['Z.C2-1'], ['intro_1', 'z_trans_12', 'Z.C4']]","[1986, 2145, 2146, 2270, 2393, 2424, 2580, 2631, 2728, 7165, 7166, 7167, 7168, 7169, 7170, 7171, 7172, 7173, 7174, 7175, 7176, 7177, 7178, 7179, 7180, 7181, 7182, 7183, 7184, 7185, 7186, 7187, 7188, 7189, 7190, 7191]",329,9138,96.39964981396368,36,36,0.10548289949248305,"[{'id': 1861, 'label': 'Z.C3-2', 'text': 'Wenn ein Mensch einen Fehler macht lernt nur dieser ein Mensch und macht ihn nicht wieder. Ein autonomes Auto kann Fehler direk an alle weitergeben, sodass alle davon lernen, jeder Fehler sollte nur ein einziges mal gemacht werden '}, {'id': 1865, 'label': 'Z.C8-1', 'text': ' man kann anonymisiert daten ueber fahrtweg austauschen ohne gesamte fahrplaene freizugeben'}, {'id': 1869, 'label': 'Z.C8-1', 'text': 'Dann macht man Syteme die diese Daten nicht teilen'}, {'id': 1916, 'label': 'Z.C4-1', 'text': 'Das kann man ja aber durch eine gute firewall absichern'}, {'id': 1917, 'label': 'Z.C4-1', 'text': 'Das kann man sicher machen'}, {'id': 1918, 'label': 'Z.C8-1', 'text': 'Das kann man loesen indem keine daten gespeichert werden'}, {'id': 1919, 'label': 'Z.C8-1', 'text': 'Daten nicht speichern'}, {'id': 1933, 'label': 'Z.C3-2', 'text': 'Die Autos muessten deshalb untereinander vernetzt sein'}, {'id': 1934, 'label': 'Z.C3-2', 'text': 'Autos aller Hersteller muessten dann untereinander kommunizieren koennen'}, {'id': 1935, 'label': 'Z.C8-1', 'text': 'Dafuer gibt es Datenschutzgesetze '}]"
375,3225,1,Kann man die autoKI nicht auch damit fuettern? ,['Z.P8-1'],AUTOAI,"[['Greeting_Message'], ['Z.P11'], ['intro_61'], ['Z.P11'], ['intro_1', 'z_trans_13', 'Z.P8-1']]","[1860, 1963, 1968, 1969, 1989, 2290, 2334, 2352, 2357, 2372, 2407, 2430, 2431, 2451, 2456, 2602, 2679, 2710, 7426, 7427, 7428, 7429, 7430, 7431, 7432, 7433, 7434, 7435, 7436, 7437, 7438, 7439, 7440, 7441, 7442, 7443, 7444, 7445, 7446, 7447, 7448, 7449, 7450, 7451, 7452]",1819,9138,80.09411249726416,45,45,0.019814376373704715,"[{'id': 2, 'label': 'Z.P3', 'text': 'Das Wissen einer KI kann eine deutlich hoehere Menge erreichen, als das Wissen eines Menschen. '}, {'id': 3, 'label': 'Z.P3', 'text': 'Eine KI kann mehr Wissen als ein Mensch'}, {'id': 8, 'label': 'Z.P1', 'text': 'Der Trend geht ohnehin weg von kleinen Landarztpraxen und hin zu medizinischen Versorgungszentren'}, {'id': 24, 'label': 'Z.P1', 'text': 'Aerzte sind doch auch Rund um die Uhr erreichbar?! Dafuer werden Sie auch dementsprechend bezahlt. Auf dem Land natuerlich nicht, aber eine KI koennte auch nicht ohne Beaufsichtigung das Krankenhaus leiten'}, {'id': 85, 'label': 'Z.P2', 'text': 'KI sind objektiv '}, {'id': 86, 'label': 'Z.P2', 'text': 'KI sind nicht bestechbar'}, {'id': 100, 'label': 'Z.P1', 'text': 'Mit medKI gibt es immerhin genug Aerztinnen, die jetzt fehlen?'}, {'id': 103, 'label': 'Z.P1-1', 'text': 'Personal wird dann trotzdem benoetigt '}, {'id': 137, 'label': 'Z.P1', 'text': 'In vielen Medizinischen Bereichen herrscht ein grosser Personalmangel. Gerade bei einfachen Diagnosen kann es dann sinnvoll sein, dass diese eine KI uebernimmt'}, {'id': 138, 'label': 'Z.P1', 'text': 'Das ist zwar nicht ganz das was ich meinte aber auch ein guter Punkt. Ich wollte eher auf die Entlastung des Personals abzielen und eine Verschnoerkelung des diagnostischen Prozesses, sowie verkuerzte Wartezeiten.'}]"
376,3229,1,"Der koennte ermoeglicht werden, wenn die Sicherheit gewaehrleistet ist ",['Z.C11-1'],AUTOAI,"[['Greeting_Message'], ['Z.P11'], ['intro_61'], ['Z.P11'], ['intro_1', 'z_trans_13', 'Z.P8-1'], ['Z.P8-1'], ['intro_62'], ['Z.P8-1'], ['intro_3', 'z_trans_11', 'Z.C5'], ['CON_NZARG'], ['intro_62'], ['DISSENT'], ['intro_1', 'z_trans_2', 'Z.C10']]","[1931, 1932, 2142, 2143, 2243, 2244, 2348, 2390, 2391, 2400, 2401, 2420, 2421, 2432, 2443, 2444, 2781, 8304, 8305, 8306, 8307, 8308, 8309, 8310, 8311, 8312, 8313, 8314, 8315, 8316, 8317, 8318, 8319, 8320, 8321, 8322, 8323, 8324, 8325, 8326, 8327, 8328, 8329, 8330]",370,9138,95.95097395491354,44,44,0.11410386091935666,"[{'id': 1870, 'label': 'Z.C11', 'text': 'Firma oder Fahrer falls gefaehrliche Befehle gegeben'}, {'id': 1887, 'label': 'Z.C11', 'text': 'Wer haftet bei einem Unfall?'}, {'id': 1889, 'label': 'Z.C12', 'text': '2. Argument: Keiner kann mehr Auto fahren'}, {'id': 1890, 'label': 'Z.C12', 'text': '2. Argument: Es lernt keiner mehr Auto zu fahren.'}, {'id': 1891, 'label': 'Z.C11', 'text': '3. Argument: Die Rechtslage ist unklar bei Unfaellen.'}, {'id': 1902, 'label': 'Z.C11', 'text': 'Jeder Mensch sollte trotzdem eine Fahrausbildung Besitzen und im Falle eines Unfalles haften '}, {'id': 1903, 'label': 'Z.C11', 'text': 'Der mensch sollte trotzdem haften '}, {'id': 1913, 'label': 'Z.C10-1', 'text': 'Wenn auto kis zugelassen werden, gibt es ja einen rechtsrahmen'}, {'id': 1914, 'label': 'Z.C10-1', 'text': 'Eine zulassung ist ein rechtsrahmen'}, {'id': 1924, 'label': 'Z.C10-1', 'text': 'Dann muss dieser Gesetztesrahmen kommen '}]"
377,3233,1,Das muss verhindert und ueberprueft werden ,['Z.C4-1'],AUTOAI,"[['Greeting_Message'], ['Z.P11'], ['intro_61'], ['Z.P11'], ['intro_1', 'z_trans_13', 'Z.P8-1'], ['Z.P8-1'], ['intro_62'], ['Z.P8-1'], ['intro_3', 'z_trans_11', 'Z.C5'], ['CON_NZARG'], ['intro_62'], ['DISSENT'], ['intro_1', 'z_trans_2', 'Z.C10'], ['Z.C11-1'], ['intro_61'], ['DISSENT'], ['intro_3', 'z_trans_12', 'Z.C2'], ['DISSENT', 'Z.P12'], ['intro_62'], ['DISSENT'], ['intro_2', 'z_trans_12', 'Z.C4']]","[1916, 1917, 2434, 2470, 2471, 2516, 7111, 7112, 7113, 7114, 7115, 7116, 7117, 7118, 7119, 7120, 7121, 7122, 7123, 7124, 7125, 7126, 7127, 7128, 7129, 7130, 7131, 7132, 7133, 7134, 7135, 7136, 7137]",329,9138,96.39964981396368,33,33,0.09669265786810946,"[{'id': 1861, 'label': 'Z.C3-2', 'text': 'Wenn ein Mensch einen Fehler macht lernt nur dieser ein Mensch und macht ihn nicht wieder. Ein autonomes Auto kann Fehler direk an alle weitergeben, sodass alle davon lernen, jeder Fehler sollte nur ein einziges mal gemacht werden '}, {'id': 1865, 'label': 'Z.C8-1', 'text': ' man kann anonymisiert daten ueber fahrtweg austauschen ohne gesamte fahrplaene freizugeben'}, {'id': 1869, 'label': 'Z.C8-1', 'text': 'Dann macht man Syteme die diese Daten nicht teilen'}, {'id': 1916, 'label': 'Z.C4-1', 'text': 'Das kann man ja aber durch eine gute firewall absichern'}, {'id': 1917, 'label': 'Z.C4-1', 'text': 'Das kann man sicher machen'}, {'id': 1918, 'label': 'Z.C8-1', 'text': 'Das kann man loesen indem keine daten gespeichert werden'}, {'id': 1919, 'label': 'Z.C8-1', 'text': 'Daten nicht speichern'}, {'id': 1933, 'label': 'Z.C3-2', 'text': 'Die Autos muessten deshalb untereinander vernetzt sein'}, {'id': 1934, 'label': 'Z.C3-2', 'text': 'Autos aller Hersteller muessten dann untereinander kommunizieren koennen'}, {'id': 1935, 'label': 'Z.C8-1', 'text': 'Dafuer gibt es Datenschutzgesetze '}]"
378,3238,1,Ja das sehe ich auch als ein Problem. Es macht halt erst sinn wenn alle Auto autonom fahren,['Z.P8-1-2'],AUTOAI,"[['Greeting_Message'], ['Z.P2'], ['intro_61'], ['Z.P2'], ['intro_1', 'z_trans_13', 'Z.P8-1']]","[1862, 1875, 1876, 1900, 1901, 1921, 1928, 1929, 1950, 1953, 1954, 1997, 2082, 2128, 2129, 2174, 2175, 2216, 2217, 2224, 2239, 2240, 2302, 2303, 2343, 2408, 2409, 2416, 2417, 2437, 2464, 2476, 2477, 2555, 2621, 2628, 2731, 7480, 7481, 7482, 7483, 7484, 7485, 7486, 7487, 7488, 7489, 7490, 7491, 7492, 7493, 7494, 7495, 7496, 7497, 7498, 7499, 7500, 7501, 7502, 7503, 7504, 7505]",1819,9138,80.09411249726416,63,63,0.0277401269231866,"[{'id': 2, 'label': 'Z.P3', 'text': 'Das Wissen einer KI kann eine deutlich hoehere Menge erreichen, als das Wissen eines Menschen. '}, {'id': 3, 'label': 'Z.P3', 'text': 'Eine KI kann mehr Wissen als ein Mensch'}, {'id': 8, 'label': 'Z.P1', 'text': 'Der Trend geht ohnehin weg von kleinen Landarztpraxen und hin zu medizinischen Versorgungszentren'}, {'id': 24, 'label': 'Z.P1', 'text': 'Aerzte sind doch auch Rund um die Uhr erreichbar?! Dafuer werden Sie auch dementsprechend bezahlt. Auf dem Land natuerlich nicht, aber eine KI koennte auch nicht ohne Beaufsichtigung das Krankenhaus leiten'}, {'id': 85, 'label': 'Z.P2', 'text': 'KI sind objektiv '}, {'id': 86, 'label': 'Z.P2', 'text': 'KI sind nicht bestechbar'}, {'id': 100, 'label': 'Z.P1', 'text': 'Mit medKI gibt es immerhin genug Aerztinnen, die jetzt fehlen?'}, {'id': 103, 'label': 'Z.P1-1', 'text': 'Personal wird dann trotzdem benoetigt '}, {'id': 137, 'label': 'Z.P1', 'text': 'In vielen Medizinischen Bereichen herrscht ein grosser Personalmangel. Gerade bei einfachen Diagnosen kann es dann sinnvoll sein, dass diese eine KI uebernimmt'}, {'id': 138, 'label': 'Z.P1', 'text': 'Das ist zwar nicht ganz das was ich meinte aber auch ein guter Punkt. Ich wollte eher auf die Entlastung des Personals abzielen und eine Verschnoerkelung des diagnostischen Prozesses, sowie verkuerzte Wartezeiten.'}]"
379,3244,1,Das ist ein guter Punkt. Wobei normale Autofahrer auch sehr emotional seien koennen und zum Beispiel sehr aggressiv fahren wenn sie gereizt sind. ,['Z.P11'],AUTOAI,"[['Greeting_Message'], ['Z.P12'], ['intro_26', 'Z.P11', 'intro_3', 'Z.P11-1'], ['PRO_ZARG'], ['intro_61'], ['PRO_ZARG'], ['intro_3', 'z_trans_13', 'Z.P8-1']]","[1859, 1873, 1874, 1898, 1899, 1926, 1927, 1948, 1949, 1979, 1980, 1987, 1988, 1994, 2076, 2077, 2122, 2127, 2131, 2138, 2139, 2172, 2173, 2176, 2177, 2183, 2184, 2215, 2223, 2231, 2232, 2237, 2238, 2253, 2254, 2273, 2277, 2300, 2301, 2311, 2312, 2313, 2322, 2329, 2360, 2361, 2387, 2388, 2414, 2415, 2428, 2429, 2439, 2447, 2463, 2468, 2484, 2508, 2515, 2533, 2550, 2553, 2573, 2576, 2588, 2590, 2600, 2615, 2618, 2639, 2642, 2647, 2662, 2666, 2668, 2674, 2693, 2694, 2714, 2716, 2730, 2735, 2744, 2757, 2762, 2778, 2788, 2790, 7744, 7745, 7746, 7747, 7748, 7749, 7750, 7751, 7752, 7753, 7754, 7755, 7756, 7757, 7758, 7759, 7760, 7761, 7762, 7763, 7764, 7765, 7766, 7767, 7768, 7769, 7770]",1819,9138,80.09411249726416,115,115,0.05063673962168983,"[{'id': 2, 'label': 'Z.P3', 'text': 'Das Wissen einer KI kann eine deutlich hoehere Menge erreichen, als das Wissen eines Menschen. '}, {'id': 3, 'label': 'Z.P3', 'text': 'Eine KI kann mehr Wissen als ein Mensch'}, {'id': 8, 'label': 'Z.P1', 'text': 'Der Trend geht ohnehin weg von kleinen Landarztpraxen und hin zu medizinischen Versorgungszentren'}, {'id': 24, 'label': 'Z.P1', 'text': 'Aerzte sind doch auch Rund um die Uhr erreichbar?! Dafuer werden Sie auch dementsprechend bezahlt. Auf dem Land natuerlich nicht, aber eine KI koennte auch nicht ohne Beaufsichtigung das Krankenhaus leiten'}, {'id': 85, 'label': 'Z.P2', 'text': 'KI sind objektiv '}, {'id': 86, 'label': 'Z.P2', 'text': 'KI sind nicht bestechbar'}, {'id': 100, 'label': 'Z.P1', 'text': 'Mit medKI gibt es immerhin genug Aerztinnen, die jetzt fehlen?'}, {'id': 103, 'label': 'Z.P1-1', 'text': 'Personal wird dann trotzdem benoetigt '}, {'id': 137, 'label': 'Z.P1', 'text': 'In vielen Medizinischen Bereichen herrscht ein grosser Personalmangel. Gerade bei einfachen Diagnosen kann es dann sinnvoll sein, dass diese eine KI uebernimmt'}, {'id': 138, 'label': 'Z.P1', 'text': 'Das ist zwar nicht ganz das was ich meinte aber auch ein guter Punkt. Ich wollte eher auf die Entlastung des Personals abzielen und eine Verschnoerkelung des diagnostischen Prozesses, sowie verkuerzte Wartezeiten.'}]"
380,3246,1,Das ist richtig. Ich glaube jedoch das diese Akzeptanz noch kommen wird. Die Menschheit ist meiner Meinung nach sehr zukunftsorientiert. ,['Z.C5-3'],AUTOAI,"[['Greeting_Message'], ['Z.P12'], ['intro_26', 'Z.P11', 'intro_3', 'Z.P11-1'], ['PRO_ZARG'], ['intro_61'], ['PRO_ZARG'], ['intro_3', 'z_trans_13', 'Z.P8-1'], ['CONSENT', 'Z.P11'], ['intro_62'], ['Z.C3-2'], ['intro_1', 'z_trans_12', 'Z.C5']]","[1858, 1877, 1878, 1923, 2080, 2081, 2257, 2258, 2363, 2419, 2441, 2442, 2492, 2629, 2684, 2696, 2748, 2780, 7377, 7378, 7379, 7380, 7381, 7382, 7383, 7384, 7385, 7386, 7387, 7388, 7389, 7390, 7391, 7392, 7393, 7394, 7395, 7396, 7397, 7398]",442,9138,95.163055373167,40,40,0.08612041210241357,"[{'id': 1858, 'label': 'Z.C5-3', 'text': ""Solange die Ki signifikant besser Auto fahren kann als die durchschnittliche Person, kann gerechtfertigt werden dass KI's zugelassen werden. Die absolute Zahl der unfaelle sollte dann, statistisch gesehen runtergehen.""}, {'id': 1863, 'label': 'Z.C5', 'text': 'Die aussage ist falsch, Menschen lieben es nicht selber Entscheidungen zu erabeiten, zur diese zu treffen, wir haben Algorithmen die uns sagen was fuer Buecher wir gerne lesen wuerden, wir moegen nur die Entscheidung treffen aus der erarbeiteten Auswahl'}, {'id': 1877, 'label': 'Z.C5-3', 'text': 'viele neue technologien werden zunaechst von der gesellschaft angelehnt, etablieren sich jedoch mit dem wandel der gesellschaft ueber laengere zeit'}, {'id': 1878, 'label': 'Z.C5-3', 'text': 'die gesellschaft akzeptiert neue technologien mit dem wandel der zeit'}, {'id': 1879, 'label': 'Z.C6-3-1', 'text': 'da kein eingreifen der menschen moeglich ist, muesste der programmierer der KI rechtlich fuer das handeln des KIs sein'}, {'id': 1880, 'label': 'Z.C6-3-1', 'text': 'da die menschen nicht eingreifen koennen muss der hersteller der KI verantwortung fuer das handeln der KI tragen'}, {'id': 1922, 'label': 'Z.C5', 'text': 'Es wird alles akzeptiert, wenn es funktioniert '}, {'id': 1923, 'label': 'Z.C5-3', 'text': 'Wenn das autonome Fahren ohne Unfall funktioniert, wird es auch von der Gesellschaft akzeptiert'}, {'id': 1930, 'label': 'Z.C5-2', 'text': 'Dafuer muss mehr Akzeptanz in der Gesellschaft geschaffen werden'}, {'id': 1978, 'label': 'Z.C5-1-1-1-1', 'text': 'Vollstaendig autonomes fahren ist zwar eine gute Idee auf dem Papier aber dabei fehlt eher die moeglichkeit einzugreifen'}]"
381,3248,1,Diesen Rechtsrahmen zu erstellen ist ein losbares Problem der Politik. ,['Z.C11-1'],AUTOAI,"[['Greeting_Message'], ['Z.P12'], ['intro_26', 'Z.P11', 'intro_3', 'Z.P11-1'], ['PRO_ZARG'], ['intro_61'], ['PRO_ZARG'], ['intro_3', 'z_trans_13', 'Z.P8-1'], ['CONSENT', 'Z.P11'], ['intro_62'], ['Z.C3-2'], ['intro_1', 'z_trans_12', 'Z.C5'], ['CONSENT', 'Z.C5-3'], ['intro_61'], ['Z.C5-3'], ['intro_1', 'z_trans_2', 'Z.C10']]","[1931, 1932, 2142, 2143, 2243, 2244, 2348, 2390, 2391, 2400, 2401, 2420, 2421, 2432, 2443, 2444, 2781, 8304, 8305, 8306, 8307, 8308, 8309, 8310, 8311, 8312, 8313, 8314, 8315, 8316, 8317, 8318, 8319, 8320, 8321, 8322, 8323, 8324, 8325, 8326, 8327, 8328, 8329, 8330]",370,9138,95.95097395491354,44,44,0.11410386091935666,"[{'id': 1870, 'label': 'Z.C11', 'text': 'Firma oder Fahrer falls gefaehrliche Befehle gegeben'}, {'id': 1887, 'label': 'Z.C11', 'text': 'Wer haftet bei einem Unfall?'}, {'id': 1889, 'label': 'Z.C12', 'text': '2. Argument: Keiner kann mehr Auto fahren'}, {'id': 1890, 'label': 'Z.C12', 'text': '2. Argument: Es lernt keiner mehr Auto zu fahren.'}, {'id': 1891, 'label': 'Z.C11', 'text': '3. Argument: Die Rechtslage ist unklar bei Unfaellen.'}, {'id': 1902, 'label': 'Z.C11', 'text': 'Jeder Mensch sollte trotzdem eine Fahrausbildung Besitzen und im Falle eines Unfalles haften '}, {'id': 1903, 'label': 'Z.C11', 'text': 'Der mensch sollte trotzdem haften '}, {'id': 1913, 'label': 'Z.C10-1', 'text': 'Wenn auto kis zugelassen werden, gibt es ja einen rechtsrahmen'}, {'id': 1914, 'label': 'Z.C10-1', 'text': 'Eine zulassung ist ein rechtsrahmen'}, {'id': 1924, 'label': 'Z.C10-1', 'text': 'Dann muss dieser Gesetztesrahmen kommen '}]"
382,3255,1,"Das ist wahr , aber sollte man deswegen den Fortschritt stoppen? Ich denke wenn man in kleinen schritten die Menschen daran gewoehnt ist alles moeglich ",['Z.C5-2'],AUTOAI,"[['Greeting_Message'], ['Z.P9'], ['intro_61'], ['Z.P11'], ['intro_1', 'z_trans_12', 'Z.P8-1'], ['Z.C3-1'], ['intro_62'], ['Z.C3-1'], ['intro_2', 'z_trans_2', 'Z.C5']]","[1930, 2218, 2241, 2242, 2332, 2346, 2347, 2450, 2535, 2654, 2734, 7349, 7350, 7351, 7352, 7353, 7354, 7355, 7356, 7357, 7358, 7359, 7360, 7361, 7362, 7363, 7364, 7365, 7366, 7367, 7368, 7369, 7370, 7371, 7372, 7373, 7374, 7375, 7376]",442,9138,95.163055373167,39,39,0.08396740179985324,"[{'id': 1858, 'label': 'Z.C5-3', 'text': ""Solange die Ki signifikant besser Auto fahren kann als die durchschnittliche Person, kann gerechtfertigt werden dass KI's zugelassen werden. Die absolute Zahl der unfaelle sollte dann, statistisch gesehen runtergehen.""}, {'id': 1863, 'label': 'Z.C5', 'text': 'Die aussage ist falsch, Menschen lieben es nicht selber Entscheidungen zu erabeiten, zur diese zu treffen, wir haben Algorithmen die uns sagen was fuer Buecher wir gerne lesen wuerden, wir moegen nur die Entscheidung treffen aus der erarbeiteten Auswahl'}, {'id': 1877, 'label': 'Z.C5-3', 'text': 'viele neue technologien werden zunaechst von der gesellschaft angelehnt, etablieren sich jedoch mit dem wandel der gesellschaft ueber laengere zeit'}, {'id': 1878, 'label': 'Z.C5-3', 'text': 'die gesellschaft akzeptiert neue technologien mit dem wandel der zeit'}, {'id': 1879, 'label': 'Z.C6-3-1', 'text': 'da kein eingreifen der menschen moeglich ist, muesste der programmierer der KI rechtlich fuer das handeln des KIs sein'}, {'id': 1880, 'label': 'Z.C6-3-1', 'text': 'da die menschen nicht eingreifen koennen muss der hersteller der KI verantwortung fuer das handeln der KI tragen'}, {'id': 1922, 'label': 'Z.C5', 'text': 'Es wird alles akzeptiert, wenn es funktioniert '}, {'id': 1923, 'label': 'Z.C5-3', 'text': 'Wenn das autonome Fahren ohne Unfall funktioniert, wird es auch von der Gesellschaft akzeptiert'}, {'id': 1930, 'label': 'Z.C5-2', 'text': 'Dafuer muss mehr Akzeptanz in der Gesellschaft geschaffen werden'}, {'id': 1978, 'label': 'Z.C5-1-1-1-1', 'text': 'Vollstaendig autonomes fahren ist zwar eine gute Idee auf dem Papier aber dabei fehlt eher die moeglichkeit einzugreifen'}]"
383,3269,1,aber menschen machen mehr fehler,['Z.P11'],AUTOAI,"[['Greeting_Message'], ['Z.P11'], ['intro_24', 'Z.P11', 'intro_2', 'Z.P11-1']]","[1859, 1873, 1874, 1898, 1899, 1926, 1927, 1948, 1949, 1979, 1980, 1987, 1988, 1994, 2076, 2077, 2122, 2127, 2131, 2138, 2139, 2172, 2173, 2176, 2177, 2183, 2184, 2215, 2223, 2231, 2232, 2237, 2238, 2253, 2254, 2273, 2277, 2300, 2301, 2311, 2312, 2313, 2322, 2329, 2360, 2361, 2387, 2388, 2414, 2415, 2428, 2429, 2439, 2447, 2463, 2468, 2484, 2508, 2515, 2533, 2550, 2553, 2573, 2576, 2588, 2590, 2600, 2615, 2618, 2639, 2642, 2647, 2662, 2666, 2668, 2674, 2693, 2694, 2714, 2716, 2730, 2735, 2744, 2757, 2762, 2778, 2788, 2790, 7744, 7745, 7746, 7747, 7748, 7749, 7750, 7751, 7752, 7753, 7754, 7755, 7756, 7757, 7758, 7759, 7760, 7761, 7762, 7763, 7764, 7765, 7766, 7767, 7768, 7769, 7770]",1819,9138,80.09411249726416,115,115,0.05063673962168983,"[{'id': 2, 'label': 'Z.P3', 'text': 'Das Wissen einer KI kann eine deutlich hoehere Menge erreichen, als das Wissen eines Menschen. '}, {'id': 3, 'label': 'Z.P3', 'text': 'Eine KI kann mehr Wissen als ein Mensch'}, {'id': 8, 'label': 'Z.P1', 'text': 'Der Trend geht ohnehin weg von kleinen Landarztpraxen und hin zu medizinischen Versorgungszentren'}, {'id': 24, 'label': 'Z.P1', 'text': 'Aerzte sind doch auch Rund um die Uhr erreichbar?! Dafuer werden Sie auch dementsprechend bezahlt. Auf dem Land natuerlich nicht, aber eine KI koennte auch nicht ohne Beaufsichtigung das Krankenhaus leiten'}, {'id': 85, 'label': 'Z.P2', 'text': 'KI sind objektiv '}, {'id': 86, 'label': 'Z.P2', 'text': 'KI sind nicht bestechbar'}, {'id': 100, 'label': 'Z.P1', 'text': 'Mit medKI gibt es immerhin genug Aerztinnen, die jetzt fehlen?'}, {'id': 103, 'label': 'Z.P1-1', 'text': 'Personal wird dann trotzdem benoetigt '}, {'id': 137, 'label': 'Z.P1', 'text': 'In vielen Medizinischen Bereichen herrscht ein grosser Personalmangel. Gerade bei einfachen Diagnosen kann es dann sinnvoll sein, dass diese eine KI uebernimmt'}, {'id': 138, 'label': 'Z.P1', 'text': 'Das ist zwar nicht ganz das was ich meinte aber auch ein guter Punkt. Ich wollte eher auf die Entlastung des Personals abzielen und eine Verschnoerkelung des diagnostischen Prozesses, sowie verkuerzte Wartezeiten.'}]"
384,3270,1,Wenn alle eine autoKi haben sollte es das problem nicht mehr geben,['Z.P8-1-2'],AUTOAI,"[['Greeting_Message'], ['Z.P11'], ['intro_24', 'Z.P11', 'intro_2', 'Z.P11-1'], ['Z.P11'], ['intro_27', 'Z.P11', 'intro_6', 'z_trans_16', 'Z.P8-1']]","[1862, 1875, 1876, 1900, 1901, 1921, 1928, 1929, 1950, 1953, 1954, 1997, 2082, 2128, 2129, 2174, 2175, 2216, 2217, 2224, 2239, 2240, 2302, 2303, 2343, 2408, 2409, 2416, 2417, 2437, 2464, 2476, 2477, 2555, 2621, 2628, 2731, 7480, 7481, 7482, 7483, 7484, 7485, 7486, 7487, 7488, 7489, 7490, 7491, 7492, 7493, 7494, 7495, 7496, 7497, 7498, 7499, 7500, 7501, 7502, 7503, 7504, 7505]",1819,9138,80.09411249726416,63,63,0.0277401269231866,"[{'id': 2, 'label': 'Z.P3', 'text': 'Das Wissen einer KI kann eine deutlich hoehere Menge erreichen, als das Wissen eines Menschen. '}, {'id': 3, 'label': 'Z.P3', 'text': 'Eine KI kann mehr Wissen als ein Mensch'}, {'id': 8, 'label': 'Z.P1', 'text': 'Der Trend geht ohnehin weg von kleinen Landarztpraxen und hin zu medizinischen Versorgungszentren'}, {'id': 24, 'label': 'Z.P1', 'text': 'Aerzte sind doch auch Rund um die Uhr erreichbar?! Dafuer werden Sie auch dementsprechend bezahlt. Auf dem Land natuerlich nicht, aber eine KI koennte auch nicht ohne Beaufsichtigung das Krankenhaus leiten'}, {'id': 85, 'label': 'Z.P2', 'text': 'KI sind objektiv '}, {'id': 86, 'label': 'Z.P2', 'text': 'KI sind nicht bestechbar'}, {'id': 100, 'label': 'Z.P1', 'text': 'Mit medKI gibt es immerhin genug Aerztinnen, die jetzt fehlen?'}, {'id': 103, 'label': 'Z.P1-1', 'text': 'Personal wird dann trotzdem benoetigt '}, {'id': 137, 'label': 'Z.P1', 'text': 'In vielen Medizinischen Bereichen herrscht ein grosser Personalmangel. Gerade bei einfachen Diagnosen kann es dann sinnvoll sein, dass diese eine KI uebernimmt'}, {'id': 138, 'label': 'Z.P1', 'text': 'Das ist zwar nicht ganz das was ich meinte aber auch ein guter Punkt. Ich wollte eher auf die Entlastung des Personals abzielen und eine Verschnoerkelung des diagnostischen Prozesses, sowie verkuerzte Wartezeiten.'}]"
385,3271,1,Menschen koennen produktiv sein waehrend dem autofahren,['Z.P1'],AUTOAI,"[['Greeting_Message'], ['Z.P11'], ['intro_24', 'Z.P11', 'intro_2', 'Z.P11-1'], ['Z.P11'], ['intro_27', 'Z.P11', 'intro_6', 'z_trans_16', 'Z.P8-1'], ['Z.P8-1-2'], ['Z.P2']]","[1951, 1952, 1991, 1992, 2226, 2271, 2318, 2338, 2339, 2465, 2479, 2489, 2556, 2603, 2652, 2653, 2669, 2720, 2732, 2777, 6352, 6353, 6354, 6355, 6356, 6357, 6358, 6359, 6360, 6361, 6362, 6363, 6364, 6365, 6366, 6367, 6368, 6369, 6370, 6371, 6372, 6373, 6374, 6375, 6376, 6377]",1819,9138,80.09411249726416,46,46,0.02025469584867593,"[{'id': 2, 'label': 'Z.P3', 'text': 'Das Wissen einer KI kann eine deutlich hoehere Menge erreichen, als das Wissen eines Menschen. '}, {'id': 3, 'label': 'Z.P3', 'text': 'Eine KI kann mehr Wissen als ein Mensch'}, {'id': 8, 'label': 'Z.P1', 'text': 'Der Trend geht ohnehin weg von kleinen Landarztpraxen und hin zu medizinischen Versorgungszentren'}, {'id': 24, 'label': 'Z.P1', 'text': 'Aerzte sind doch auch Rund um die Uhr erreichbar?! Dafuer werden Sie auch dementsprechend bezahlt. Auf dem Land natuerlich nicht, aber eine KI koennte auch nicht ohne Beaufsichtigung das Krankenhaus leiten'}, {'id': 85, 'label': 'Z.P2', 'text': 'KI sind objektiv '}, {'id': 86, 'label': 'Z.P2', 'text': 'KI sind nicht bestechbar'}, {'id': 100, 'label': 'Z.P1', 'text': 'Mit medKI gibt es immerhin genug Aerztinnen, die jetzt fehlen?'}, {'id': 103, 'label': 'Z.P1-1', 'text': 'Personal wird dann trotzdem benoetigt '}, {'id': 137, 'label': 'Z.P1', 'text': 'In vielen Medizinischen Bereichen herrscht ein grosser Personalmangel. Gerade bei einfachen Diagnosen kann es dann sinnvoll sein, dass diese eine KI uebernimmt'}, {'id': 138, 'label': 'Z.P1', 'text': 'Das ist zwar nicht ganz das was ich meinte aber auch ein guter Punkt. Ich wollte eher auf die Entlastung des Personals abzielen und eine Verschnoerkelung des diagnostischen Prozesses, sowie verkuerzte Wartezeiten.'}]"
386,3272,1,Wieso soziale probleme?,['Z.P1-1'],AUTOAI,"[['Greeting_Message'], ['Z.P11'], ['intro_24', 'Z.P11', 'intro_2', 'Z.P11-1'], ['Z.P11'], ['intro_27', 'Z.P11', 'intro_6', 'z_trans_16', 'Z.P8-1'], ['Z.P8-1-2'], ['Z.P2'], ['Z.P1'], ['intro_24', 'Z.P2', 'intro_6', 'z_trans_1', 'Z.P1-1']]","[1871, 1893, 2466, 2670, 2725, 2752, 2753, 6378, 6379, 6380, 6381, 6382, 6383, 6384, 6385, 6386, 6387, 6388, 6389, 6390, 6391, 6392, 6393, 6394, 6395, 6396, 6397, 6398, 6399, 6400, 6401, 6402, 6403, 6404]",1819,9138,80.09411249726416,34,34,0.014970862149021338,"[{'id': 2, 'label': 'Z.P3', 'text': 'Das Wissen einer KI kann eine deutlich hoehere Menge erreichen, als das Wissen eines Menschen. '}, {'id': 3, 'label': 'Z.P3', 'text': 'Eine KI kann mehr Wissen als ein Mensch'}, {'id': 8, 'label': 'Z.P1', 'text': 'Der Trend geht ohnehin weg von kleinen Landarztpraxen und hin zu medizinischen Versorgungszentren'}, {'id': 24, 'label': 'Z.P1', 'text': 'Aerzte sind doch auch Rund um die Uhr erreichbar?! Dafuer werden Sie auch dementsprechend bezahlt. Auf dem Land natuerlich nicht, aber eine KI koennte auch nicht ohne Beaufsichtigung das Krankenhaus leiten'}, {'id': 85, 'label': 'Z.P2', 'text': 'KI sind objektiv '}, {'id': 86, 'label': 'Z.P2', 'text': 'KI sind nicht bestechbar'}, {'id': 100, 'label': 'Z.P1', 'text': 'Mit medKI gibt es immerhin genug Aerztinnen, die jetzt fehlen?'}, {'id': 103, 'label': 'Z.P1-1', 'text': 'Personal wird dann trotzdem benoetigt '}, {'id': 137, 'label': 'Z.P1', 'text': 'In vielen Medizinischen Bereichen herrscht ein grosser Personalmangel. Gerade bei einfachen Diagnosen kann es dann sinnvoll sein, dass diese eine KI uebernimmt'}, {'id': 138, 'label': 'Z.P1', 'text': 'Das ist zwar nicht ganz das was ich meinte aber auch ein guter Punkt. Ich wollte eher auf die Entlastung des Personals abzielen und eine Verschnoerkelung des diagnostischen Prozesses, sowie verkuerzte Wartezeiten.'}]"
387,3275,1,"Das stimmt, anderer Seits kann eine KI besser auf kleinere Veraenderungen reagieren und beispielsweise Routen besser dynamisch neu berechnen ",['Z.P2'],AUTOAI,"[['Greeting_Message'], ['Z.P11'], ['intro_28', 'Z.P11', 'intro_1', 'Z.P11-1']]","[1886, 2124, 2221, 2225, 2272, 2315, 2435, 2436, 2469, 2488, 2495, 2518, 2537, 2578, 2626, 2627, 2644, 6405, 6406, 6407, 6408, 6409, 6410, 6411, 6412, 6413, 6414, 6415, 6416, 6417, 6418, 6419, 6420, 6421, 6422, 6423, 6424, 6425, 6426, 6427, 6428, 6429, 6430, 6431]",1819,9138,80.09411249726416,44,44,0.019374056898733498,"[{'id': 2, 'label': 'Z.P3', 'text': 'Das Wissen einer KI kann eine deutlich hoehere Menge erreichen, als das Wissen eines Menschen. '}, {'id': 3, 'label': 'Z.P3', 'text': 'Eine KI kann mehr Wissen als ein Mensch'}, {'id': 8, 'label': 'Z.P1', 'text': 'Der Trend geht ohnehin weg von kleinen Landarztpraxen und hin zu medizinischen Versorgungszentren'}, {'id': 24, 'label': 'Z.P1', 'text': 'Aerzte sind doch auch Rund um die Uhr erreichbar?! Dafuer werden Sie auch dementsprechend bezahlt. Auf dem Land natuerlich nicht, aber eine KI koennte auch nicht ohne Beaufsichtigung das Krankenhaus leiten'}, {'id': 85, 'label': 'Z.P2', 'text': 'KI sind objektiv '}, {'id': 86, 'label': 'Z.P2', 'text': 'KI sind nicht bestechbar'}, {'id': 100, 'label': 'Z.P1', 'text': 'Mit medKI gibt es immerhin genug Aerztinnen, die jetzt fehlen?'}, {'id': 103, 'label': 'Z.P1-1', 'text': 'Personal wird dann trotzdem benoetigt '}, {'id': 137, 'label': 'Z.P1', 'text': 'In vielen Medizinischen Bereichen herrscht ein grosser Personalmangel. Gerade bei einfachen Diagnosen kann es dann sinnvoll sein, dass diese eine KI uebernimmt'}, {'id': 138, 'label': 'Z.P1', 'text': 'Das ist zwar nicht ganz das was ich meinte aber auch ein guter Punkt. Ich wollte eher auf die Entlastung des Personals abzielen und eine Verschnoerkelung des diagnostischen Prozesses, sowie verkuerzte Wartezeiten.'}]"
388,3276,1,"Diese Art von Angriffen wird auch bei anderen IT System stattfinden, dennoch verwenden wir sie und entwickeln die Sicherheitsrichtlinien immer weiter. ",['Z.C4-1'],AUTOAI,"[['Greeting_Message'], ['Z.P11'], ['intro_28', 'Z.P11', 'intro_1', 'Z.P11-1'], ['Z.P2'], ['Z.C3-1']]","[1916, 1917, 2434, 2470, 2471, 2516, 7111, 7112, 7113, 7114, 7115, 7116, 7117, 7118, 7119, 7120, 7121, 7122, 7123, 7124, 7125, 7126, 7127, 7128, 7129, 7130, 7131, 7132, 7133, 7134, 7135, 7136, 7137]",329,9138,96.39964981396368,33,33,0.09669265786810946,"[{'id': 1861, 'label': 'Z.C3-2', 'text': 'Wenn ein Mensch einen Fehler macht lernt nur dieser ein Mensch und macht ihn nicht wieder. Ein autonomes Auto kann Fehler direk an alle weitergeben, sodass alle davon lernen, jeder Fehler sollte nur ein einziges mal gemacht werden '}, {'id': 1865, 'label': 'Z.C8-1', 'text': ' man kann anonymisiert daten ueber fahrtweg austauschen ohne gesamte fahrplaene freizugeben'}, {'id': 1869, 'label': 'Z.C8-1', 'text': 'Dann macht man Syteme die diese Daten nicht teilen'}, {'id': 1916, 'label': 'Z.C4-1', 'text': 'Das kann man ja aber durch eine gute firewall absichern'}, {'id': 1917, 'label': 'Z.C4-1', 'text': 'Das kann man sicher machen'}, {'id': 1918, 'label': 'Z.C8-1', 'text': 'Das kann man loesen indem keine daten gespeichert werden'}, {'id': 1919, 'label': 'Z.C8-1', 'text': 'Daten nicht speichern'}, {'id': 1933, 'label': 'Z.C3-2', 'text': 'Die Autos muessten deshalb untereinander vernetzt sein'}, {'id': 1934, 'label': 'Z.C3-2', 'text': 'Autos aller Hersteller muessten dann untereinander kommunizieren koennen'}, {'id': 1935, 'label': 'Z.C8-1', 'text': 'Dafuer gibt es Datenschutzgesetze '}]"
389,3277,1,"Wie auch eben schon erwaehnt, kann man sich ein Netzwerk als Beispiel heranziehen. Wenn es zu einem Angriff kommt, kann man das infizierte System aus dem Netz nehmen und in einer isolierten Test Umgebung untersuchen ",['Z.C4-1'],AUTOAI,"[['Greeting_Message'], ['Z.P11'], ['intro_28', 'Z.P11', 'intro_1', 'Z.P11-1'], ['Z.P2'], ['Z.C3-1'], ['Z.C4-1'], ['intro_27', 'Z.C4-1', 'intro_3', 'Z.C4-1-1']]","[1916, 1917, 2434, 2470, 2471, 2516, 7111, 7112, 7113, 7114, 7115, 7116, 7117, 7118, 7119, 7120, 7121, 7122, 7123, 7124, 7125, 7126, 7127, 7128, 7129, 7130, 7131, 7132, 7133, 7134, 7135, 7136, 7137]",329,9138,96.39964981396368,33,33,0.09669265786810946,"[{'id': 1861, 'label': 'Z.C3-2', 'text': 'Wenn ein Mensch einen Fehler macht lernt nur dieser ein Mensch und macht ihn nicht wieder. Ein autonomes Auto kann Fehler direk an alle weitergeben, sodass alle davon lernen, jeder Fehler sollte nur ein einziges mal gemacht werden '}, {'id': 1865, 'label': 'Z.C8-1', 'text': ' man kann anonymisiert daten ueber fahrtweg austauschen ohne gesamte fahrplaene freizugeben'}, {'id': 1869, 'label': 'Z.C8-1', 'text': 'Dann macht man Syteme die diese Daten nicht teilen'}, {'id': 1916, 'label': 'Z.C4-1', 'text': 'Das kann man ja aber durch eine gute firewall absichern'}, {'id': 1917, 'label': 'Z.C4-1', 'text': 'Das kann man sicher machen'}, {'id': 1918, 'label': 'Z.C8-1', 'text': 'Das kann man loesen indem keine daten gespeichert werden'}, {'id': 1919, 'label': 'Z.C8-1', 'text': 'Daten nicht speichern'}, {'id': 1933, 'label': 'Z.C3-2', 'text': 'Die Autos muessten deshalb untereinander vernetzt sein'}, {'id': 1934, 'label': 'Z.C3-2', 'text': 'Autos aller Hersteller muessten dann untereinander kommunizieren koennen'}, {'id': 1935, 'label': 'Z.C8-1', 'text': 'Dafuer gibt es Datenschutzgesetze '}]"
390,3282,1,Deshalb sollten alle Autos KI-gesteuert sein ,['Z.P8-1-2'],AUTOAI,"[['Greeting_Message'], ['Z.P8'], ['intro_32', 'Z.P8', 'intro_2', 'Z.P8-1']]","[1862, 1875, 1876, 1900, 1901, 1921, 1928, 1929, 1950, 1953, 1954, 1997, 2082, 2128, 2129, 2174, 2175, 2216, 2217, 2224, 2239, 2240, 2302, 2303, 2343, 2408, 2409, 2416, 2417, 2437, 2464, 2476, 2477, 2555, 2621, 2628, 2731, 7480, 7481, 7482, 7483, 7484, 7485, 7486, 7487, 7488, 7489, 7490, 7491, 7492, 7493, 7494, 7495, 7496, 7497, 7498, 7499, 7500, 7501, 7502, 7503, 7504, 7505]",1819,9138,80.09411249726416,63,63,0.0277401269231866,"[{'id': 2, 'label': 'Z.P3', 'text': 'Das Wissen einer KI kann eine deutlich hoehere Menge erreichen, als das Wissen eines Menschen. '}, {'id': 3, 'label': 'Z.P3', 'text': 'Eine KI kann mehr Wissen als ein Mensch'}, {'id': 8, 'label': 'Z.P1', 'text': 'Der Trend geht ohnehin weg von kleinen Landarztpraxen und hin zu medizinischen Versorgungszentren'}, {'id': 24, 'label': 'Z.P1', 'text': 'Aerzte sind doch auch Rund um die Uhr erreichbar?! Dafuer werden Sie auch dementsprechend bezahlt. Auf dem Land natuerlich nicht, aber eine KI koennte auch nicht ohne Beaufsichtigung das Krankenhaus leiten'}, {'id': 85, 'label': 'Z.P2', 'text': 'KI sind objektiv '}, {'id': 86, 'label': 'Z.P2', 'text': 'KI sind nicht bestechbar'}, {'id': 100, 'label': 'Z.P1', 'text': 'Mit medKI gibt es immerhin genug Aerztinnen, die jetzt fehlen?'}, {'id': 103, 'label': 'Z.P1-1', 'text': 'Personal wird dann trotzdem benoetigt '}, {'id': 137, 'label': 'Z.P1', 'text': 'In vielen Medizinischen Bereichen herrscht ein grosser Personalmangel. Gerade bei einfachen Diagnosen kann es dann sinnvoll sein, dass diese eine KI uebernimmt'}, {'id': 138, 'label': 'Z.P1', 'text': 'Das ist zwar nicht ganz das was ich meinte aber auch ein guter Punkt. Ich wollte eher auf die Entlastung des Personals abzielen und eine Verschnoerkelung des diagnostischen Prozesses, sowie verkuerzte Wartezeiten.'}]"
391,3284,1,Deshalb koennte man auch auf online abgespeicherte Verkehrszeichen zurueckgreifen,['Z.P11-1-1'],AUTOAI,"[['Greeting_Message'], ['Z.P8'], ['intro_32', 'Z.P8', 'intro_2', 'Z.P8-1'], ['Z.P8-1-2'], ['NoneOfTheAbove'], ['Z.P8-1-2'], ['intro_24', 'Z.P11', 'intro_2', 'Z.P11-1']]","[2365, 2478, 2574, 2601, 2663, 2667, 2729, 2763, 7798, 7799, 7800, 7801, 7802, 7803, 7804, 7805, 7806, 7807, 7808, 7809, 7810, 7811, 7812, 7813, 7814, 7815, 7816, 7817, 7818, 7819, 7820, 7821, 7822, 7823, 7824, 7825]",1819,9138,80.09411249726416,36,36,0.01585150109896377,"[{'id': 2, 'label': 'Z.P3', 'text': 'Das Wissen einer KI kann eine deutlich hoehere Menge erreichen, als das Wissen eines Menschen. '}, {'id': 3, 'label': 'Z.P3', 'text': 'Eine KI kann mehr Wissen als ein Mensch'}, {'id': 8, 'label': 'Z.P1', 'text': 'Der Trend geht ohnehin weg von kleinen Landarztpraxen und hin zu medizinischen Versorgungszentren'}, {'id': 24, 'label': 'Z.P1', 'text': 'Aerzte sind doch auch Rund um die Uhr erreichbar?! Dafuer werden Sie auch dementsprechend bezahlt. Auf dem Land natuerlich nicht, aber eine KI koennte auch nicht ohne Beaufsichtigung das Krankenhaus leiten'}, {'id': 85, 'label': 'Z.P2', 'text': 'KI sind objektiv '}, {'id': 86, 'label': 'Z.P2', 'text': 'KI sind nicht bestechbar'}, {'id': 100, 'label': 'Z.P1', 'text': 'Mit medKI gibt es immerhin genug Aerztinnen, die jetzt fehlen?'}, {'id': 103, 'label': 'Z.P1-1', 'text': 'Personal wird dann trotzdem benoetigt '}, {'id': 137, 'label': 'Z.P1', 'text': 'In vielen Medizinischen Bereichen herrscht ein grosser Personalmangel. Gerade bei einfachen Diagnosen kann es dann sinnvoll sein, dass diese eine KI uebernimmt'}, {'id': 138, 'label': 'Z.P1', 'text': 'Das ist zwar nicht ganz das was ich meinte aber auch ein guter Punkt. Ich wollte eher auf die Entlastung des Personals abzielen und eine Verschnoerkelung des diagnostischen Prozesses, sowie verkuerzte Wartezeiten.'}]"
392,3285,1,Die gewonnene Zeit und Sicherheit wuerde das sicher wettmachen ,['Z.P1'],AUTOAI,"[['Greeting_Message'], ['Z.P8'], ['intro_32', 'Z.P8', 'intro_2', 'Z.P8-1'], ['Z.P8-1-2'], ['NoneOfTheAbove'], ['Z.P8-1-2'], ['intro_24', 'Z.P11', 'intro_2', 'Z.P11-1'], ['Z.P11-1-1'], ['intro_32', 'Z.P11-1-1', 'intro_4', 'z_trans_12', 'Z.P2-1']]","[1951, 1952, 1991, 1992, 2226, 2271, 2318, 2338, 2339, 2465, 2479, 2489, 2556, 2603, 2652, 2653, 2669, 2720, 2732, 2777, 6352, 6353, 6354, 6355, 6356, 6357, 6358, 6359, 6360, 6361, 6362, 6363, 6364, 6365, 6366, 6367, 6368, 6369, 6370, 6371, 6372, 6373, 6374, 6375, 6376, 6377]",1819,9138,80.09411249726416,46,46,0.02025469584867593,"[{'id': 2, 'label': 'Z.P3', 'text': 'Das Wissen einer KI kann eine deutlich hoehere Menge erreichen, als das Wissen eines Menschen. '}, {'id': 3, 'label': 'Z.P3', 'text': 'Eine KI kann mehr Wissen als ein Mensch'}, {'id': 8, 'label': 'Z.P1', 'text': 'Der Trend geht ohnehin weg von kleinen Landarztpraxen und hin zu medizinischen Versorgungszentren'}, {'id': 24, 'label': 'Z.P1', 'text': 'Aerzte sind doch auch Rund um die Uhr erreichbar?! Dafuer werden Sie auch dementsprechend bezahlt. Auf dem Land natuerlich nicht, aber eine KI koennte auch nicht ohne Beaufsichtigung das Krankenhaus leiten'}, {'id': 85, 'label': 'Z.P2', 'text': 'KI sind objektiv '}, {'id': 86, 'label': 'Z.P2', 'text': 'KI sind nicht bestechbar'}, {'id': 100, 'label': 'Z.P1', 'text': 'Mit medKI gibt es immerhin genug Aerztinnen, die jetzt fehlen?'}, {'id': 103, 'label': 'Z.P1-1', 'text': 'Personal wird dann trotzdem benoetigt '}, {'id': 137, 'label': 'Z.P1', 'text': 'In vielen Medizinischen Bereichen herrscht ein grosser Personalmangel. Gerade bei einfachen Diagnosen kann es dann sinnvoll sein, dass diese eine KI uebernimmt'}, {'id': 138, 'label': 'Z.P1', 'text': 'Das ist zwar nicht ganz das was ich meinte aber auch ein guter Punkt. Ich wollte eher auf die Entlastung des Personals abzielen und eine Verschnoerkelung des diagnostischen Prozesses, sowie verkuerzte Wartezeiten.'}]"
393,3289,1,Das Auto kann ja dann am Absetzungsort wieder neue Leute mitnehmen ,['Z.P12-1-3'],AUTOAI,"[['Greeting_Message'], ['Z.P8'], ['intro_32', 'Z.P8', 'intro_2', 'Z.P8-1'], ['Z.P8-1-2'], ['NoneOfTheAbove'], ['Z.P8-1-2'], ['intro_24', 'Z.P11', 'intro_2', 'Z.P11-1'], ['Z.P11-1-1'], ['intro_32', 'Z.P11-1-1', 'intro_4', 'z_trans_12', 'Z.P2-1'], ['Z.P1'], ['intro_32', 'Z.P1', 'intro_1', 'Z.P1-1'], ['Z.P10-1-1'], ['NoneOfTheAbove'], ['PRO_ZARG'], ['NoneOfTheAbove'], ['Z.P12-1-3'], ['intro_23', 'Z.P15', 'intro_3', 'Z.P15-1']]","[1868, 1911, 2481, 2482, 2579, 2672, 2673, 2675, 2742, 6829, 6830, 6831, 6832, 6833, 6834, 6835, 6836, 6837, 6838, 6839, 6840, 6841, 6842, 6843, 6844, 6845, 6846, 6847, 6848, 6849, 6850]",1819,9138,80.09411249726416,31,31,0.013649903724107692,"[{'id': 2, 'label': 'Z.P3', 'text': 'Das Wissen einer KI kann eine deutlich hoehere Menge erreichen, als das Wissen eines Menschen. '}, {'id': 3, 'label': 'Z.P3', 'text': 'Eine KI kann mehr Wissen als ein Mensch'}, {'id': 8, 'label': 'Z.P1', 'text': 'Der Trend geht ohnehin weg von kleinen Landarztpraxen und hin zu medizinischen Versorgungszentren'}, {'id': 24, 'label': 'Z.P1', 'text': 'Aerzte sind doch auch Rund um die Uhr erreichbar?! Dafuer werden Sie auch dementsprechend bezahlt. Auf dem Land natuerlich nicht, aber eine KI koennte auch nicht ohne Beaufsichtigung das Krankenhaus leiten'}, {'id': 85, 'label': 'Z.P2', 'text': 'KI sind objektiv '}, {'id': 86, 'label': 'Z.P2', 'text': 'KI sind nicht bestechbar'}, {'id': 100, 'label': 'Z.P1', 'text': 'Mit medKI gibt es immerhin genug Aerztinnen, die jetzt fehlen?'}, {'id': 103, 'label': 'Z.P1-1', 'text': 'Personal wird dann trotzdem benoetigt '}, {'id': 137, 'label': 'Z.P1', 'text': 'In vielen Medizinischen Bereichen herrscht ein grosser Personalmangel. Gerade bei einfachen Diagnosen kann es dann sinnvoll sein, dass diese eine KI uebernimmt'}, {'id': 138, 'label': 'Z.P1', 'text': 'Das ist zwar nicht ganz das was ich meinte aber auch ein guter Punkt. Ich wollte eher auf die Entlastung des Personals abzielen und eine Verschnoerkelung des diagnostischen Prozesses, sowie verkuerzte Wartezeiten.'}]"
394,3295,1,Menschen die nicht am Verkehr teilnehmen koennen auf Grund einer Behinderung werden so inkludiert,['Z.P6'],AUTOAI,"[['Greeting_Message'], ['Z.P11'], ['intro_28', 'Z.P11', 'intro_2', 'Z.P11-1'], ['Z.C2-1'], ['intro_32', 'Z.C2-1', 'intro_1', 'Z.C2-1-1'], ['PRO_NZARG'], ['Z.P9'], ['Z.P6'], ['Z.P4']]","[1959, 1974, 1975, 2164, 2366, 2474, 2486, 2487, 2497, 2645, 2719, 6614, 6615, 6616, 6617, 6618, 6619, 6620, 6621, 6622, 6623, 6624, 6625, 6626, 6627, 6628, 6629, 6630, 6631, 6632, 6633, 6634, 6635, 6636, 6637, 6638, 6639, 6640]",746,9138,91.83628802801488,38,38,0.04677987862016844,"[{'id': 4, 'label': 'Z.P5', 'text': 'Durch Einsparung von Personal bei Aerztinnen, kann mehr fuer Pflegepersonal ausgegeben werden. '}, {'id': 5, 'label': 'Z.P4-1', 'text': 'Aber ist es realistisch, dass das Gesundheitssystem besser finanziert wird bevor eine medKI in der Lage ist fundierte Entscheidungen zu treffen?'}, {'id': 12, 'label': 'Z.P4', 'text': 'Die MedKI kann unterstuetzen, den Mangel an Aerzten entgegenzuwirken. Durch den demographischen Wandel wird es mehr kranke und alte Menschen geben. Dadurch brauchen wir mehr Aerzte'}, {'id': 13, 'label': 'Z.P5', 'text': 'Die KI kann von mehreren Nationen entwickelt werden. Dadurch sinken die Kosten'}, {'id': 14, 'label': 'Z.P5', 'text': 'Sobald eine selbst lernende Ki entwickelt wurde, wird das Entwickeln nicht mehr viel kosten'}, {'id': 15, 'label': 'Z.P5', 'text': 'Dafuer kann der First Level Support von Aerzten abgewendet werden und durch KIs uebernommen werden'}, {'id': 83, 'label': 'Z.P4-1', 'text': 'Dann sollen die Unis mehr Medizin Plaetze anbieten dann gibt es mehr Aerzte '}, {'id': 84, 'label': 'Z.P6', 'text': 'KI sind praeziser '}, {'id': 108, 'label': 'Z.P4-1', 'text': 'Man koennte auch das Medizin Studium zugaenglicher machen'}, {'id': 109, 'label': 'Z.P4-1', 'text': 'Anstelle der KI kann man auch das Medizin Studium zugaenglicher machen'}]"
395,3297,1,Autonomes Fahren mindert den Stress,['Z.P2'],AUTOAI,"[['Greeting_Message'], ['Z.P11'], ['intro_28', 'Z.P11', 'intro_2', 'Z.P11-1'], ['Z.C2-1'], ['intro_32', 'Z.C2-1', 'intro_1', 'Z.C2-1-1'], ['PRO_NZARG'], ['Z.P9'], ['Z.P6'], ['Z.P4'], ['Z.P6'], ['intro_23', 'Z.P6', 'intro_3', 'Z.P6-1'], ['OTHER'], ['intro_23', 'Z.P4', 'intro_6', 'z_trans_11', 'Z.P8-1']]","[1886, 2124, 2221, 2225, 2272, 2315, 2435, 2436, 2469, 2488, 2495, 2518, 2537, 2578, 2626, 2627, 2644, 6405, 6406, 6407, 6408, 6409, 6410, 6411, 6412, 6413, 6414, 6415, 6416, 6417, 6418, 6419, 6420, 6421, 6422, 6423, 6424, 6425, 6426, 6427, 6428, 6429, 6430, 6431]",2565,9138,71.93040052527905,44,44,0.012338938101802255,"[{'id': 2, 'label': 'Z.P3', 'text': 'Das Wissen einer KI kann eine deutlich hoehere Menge erreichen, als das Wissen eines Menschen. '}, {'id': 3, 'label': 'Z.P3', 'text': 'Eine KI kann mehr Wissen als ein Mensch'}, {'id': 4, 'label': 'Z.P5', 'text': 'Durch Einsparung von Personal bei Aerztinnen, kann mehr fuer Pflegepersonal ausgegeben werden. '}, {'id': 5, 'label': 'Z.P4-1', 'text': 'Aber ist es realistisch, dass das Gesundheitssystem besser finanziert wird bevor eine medKI in der Lage ist fundierte Entscheidungen zu treffen?'}, {'id': 8, 'label': 'Z.P1', 'text': 'Der Trend geht ohnehin weg von kleinen Landarztpraxen und hin zu medizinischen Versorgungszentren'}, {'id': 12, 'label': 'Z.P4', 'text': 'Die MedKI kann unterstuetzen, den Mangel an Aerzten entgegenzuwirken. Durch den demographischen Wandel wird es mehr kranke und alte Menschen geben. Dadurch brauchen wir mehr Aerzte'}, {'id': 13, 'label': 'Z.P5', 'text': 'Die KI kann von mehreren Nationen entwickelt werden. Dadurch sinken die Kosten'}, {'id': 14, 'label': 'Z.P5', 'text': 'Sobald eine selbst lernende Ki entwickelt wurde, wird das Entwickeln nicht mehr viel kosten'}, {'id': 15, 'label': 'Z.P5', 'text': 'Dafuer kann der First Level Support von Aerzten abgewendet werden und durch KIs uebernommen werden'}, {'id': 24, 'label': 'Z.P1', 'text': 'Aerzte sind doch auch Rund um die Uhr erreichbar?! Dafuer werden Sie auch dementsprechend bezahlt. Auf dem Land natuerlich nicht, aber eine KI koennte auch nicht ohne Beaufsichtigung das Krankenhaus leiten'}]"
396,3298,1,"Man kann die Zeit im Auto fuer eigene Dinge nutzen, ohne sich auf den Verkehr konzentrieren zu muesseb",['Z.P1'],AUTOAI,"[['Greeting_Message'], ['Z.P11'], ['intro_28', 'Z.P11', 'intro_2', 'Z.P11-1'], ['Z.C2-1'], ['intro_32', 'Z.C2-1', 'intro_1', 'Z.C2-1-1'], ['PRO_NZARG'], ['Z.P9'], ['Z.P6'], ['Z.P4'], ['Z.P6'], ['intro_23', 'Z.P6', 'intro_3', 'Z.P6-1'], ['OTHER'], ['intro_23', 'Z.P4', 'intro_6', 'z_trans_11', 'Z.P8-1'], ['Z.P2'], ['intro_24', 'Z.P2', 'intro_3', 'Z.P2-1']]","[1951, 1952, 1991, 1992, 2226, 2271, 2318, 2338, 2339, 2465, 2479, 2489, 2556, 2603, 2652, 2653, 2669, 2720, 2732, 2777, 6352, 6353, 6354, 6355, 6356, 6357, 6358, 6359, 6360, 6361, 6362, 6363, 6364, 6365, 6366, 6367, 6368, 6369, 6370, 6371, 6372, 6373, 6374, 6375, 6376, 6377]",1819,9138,80.09411249726416,46,46,0.02025469584867593,"[{'id': 2, 'label': 'Z.P3', 'text': 'Das Wissen einer KI kann eine deutlich hoehere Menge erreichen, als das Wissen eines Menschen. '}, {'id': 3, 'label': 'Z.P3', 'text': 'Eine KI kann mehr Wissen als ein Mensch'}, {'id': 8, 'label': 'Z.P1', 'text': 'Der Trend geht ohnehin weg von kleinen Landarztpraxen und hin zu medizinischen Versorgungszentren'}, {'id': 24, 'label': 'Z.P1', 'text': 'Aerzte sind doch auch Rund um die Uhr erreichbar?! Dafuer werden Sie auch dementsprechend bezahlt. Auf dem Land natuerlich nicht, aber eine KI koennte auch nicht ohne Beaufsichtigung das Krankenhaus leiten'}, {'id': 85, 'label': 'Z.P2', 'text': 'KI sind objektiv '}, {'id': 86, 'label': 'Z.P2', 'text': 'KI sind nicht bestechbar'}, {'id': 100, 'label': 'Z.P1', 'text': 'Mit medKI gibt es immerhin genug Aerztinnen, die jetzt fehlen?'}, {'id': 103, 'label': 'Z.P1-1', 'text': 'Personal wird dann trotzdem benoetigt '}, {'id': 137, 'label': 'Z.P1', 'text': 'In vielen Medizinischen Bereichen herrscht ein grosser Personalmangel. Gerade bei einfachen Diagnosen kann es dann sinnvoll sein, dass diese eine KI uebernimmt'}, {'id': 138, 'label': 'Z.P1', 'text': 'Das ist zwar nicht ganz das was ich meinte aber auch ein guter Punkt. Ich wollte eher auf die Entlastung des Personals abzielen und eine Verschnoerkelung des diagnostischen Prozesses, sowie verkuerzte Wartezeiten.'}]"
397,3300,1,"Wenn man nicht mehr selber sein Auto und die damit verbundenen Kosten tragen muss, koennte ein Teil der wegfallenden Gelder genutzt werden, um die autoKIs zu unterhalten",['Z.P10-2-1'],AUTOAI,"[['Greeting_Message'], ['Z.P11'], ['intro_28', 'Z.P11', 'intro_2', 'Z.P11-1'], ['Z.C2-1'], ['intro_32', 'Z.C2-1', 'intro_1', 'Z.C2-1-1'], ['PRO_NZARG'], ['Z.P9'], ['Z.P6'], ['Z.P4'], ['Z.P6'], ['intro_23', 'Z.P6', 'intro_3', 'Z.P6-1'], ['OTHER'], ['intro_23', 'Z.P4', 'intro_6', 'z_trans_11', 'Z.P8-1'], ['Z.P2'], ['intro_24', 'Z.P2', 'intro_3', 'Z.P2-1'], ['Z.P1'], ['intro_25', 'Z.P1', 'intro_1', 'Z.P1-1'], ['Z.P10'], ['intro_28', 'Z.P10', 'intro_2', 'Z.P10-2']]","[2491, 2651, 7935, 7936, 7937, 7938, 7939, 7940, 7941, 7942, 7943, 7944, 7945, 7946, 7947, 7948, 7949, 7950, 7951, 7952, 7953, 7954, 7955, 7956, 7957, 7958, 7959, 7960, 7961]",192,9138,97.8988837820092,29,29,0.14786810571240971,"[{'id': 1882, 'label': 'Z.P10-1', 'text': 'durch die modernisierung des arbeitsmarkts durch KIs werden viele arbeitsplaetze verschwinden '}, {'id': 1885, 'label': 'Z.P10-2', 'text': 'Die Technologie ist bestimmt sehr teuer.'}, {'id': 1897, 'label': 'Z.P10-1-1', 'text': 'Dann kann man das Personal umschulen'}, {'id': 1973, 'label': 'Z.P10-1-1', 'text': 'Ich denke das wird akzeptiert, es bleiben ja noch viele andere Aufgaben bei denen Menschen mehr gebraucht werden'}, {'id': 1984, 'label': 'Z.P10-1', 'text': 'K.I. als fahrer mit rechten udn Pflichten ermoeglichen leider auch unterbezqhlte Arbeiter anderer Felder zu ersetzen'}, {'id': 1995, 'label': 'Z.P10', 'text': 'Ermoeglicht guenstigere fahrtickets, da keine Arbeitskraefte mehr benoetigt werden'}, {'id': 1996, 'label': 'Z.P10', 'text': 'Es werden keine Fahrer mehr benoetigt, was wiederum bedeutet, dass man in dem Bereich Geld einsparrt'}, {'id': 2085, 'label': 'Z.P10-1-1', 'text': 'In Deutschland gibt es viele freie Arbeitsstellen. Umschulungen sind notwendig, aber das ist machbar.'}, {'id': 2086, 'label': 'Z.P10-1-1', 'text': 'In Deutschland gibt es viele freie Arbeitsplaetze '}, {'id': 2132, 'label': 'Z.P10-1', 'text': 'Arbeitsplaetze fallen zwar insofern weg, dass man keine LKW-Fahrer mehr bezahlen muss,'}]"
398,3301,1,"Technische Neuerungen wurden in der Vergangenheit immer skeptisch gesehen, trotzdem haben wir jetzt Autos und Handys",['Z.C5-3'],AUTOAI,"[['Greeting_Message'], ['Z.P11'], ['intro_28', 'Z.P11', 'intro_2', 'Z.P11-1'], ['Z.C2-1'], ['intro_32', 'Z.C2-1', 'intro_1', 'Z.C2-1-1'], ['PRO_NZARG'], ['Z.P9'], ['Z.P6'], ['Z.P4'], ['Z.P6'], ['intro_23', 'Z.P6', 'intro_3', 'Z.P6-1'], ['OTHER'], ['intro_23', 'Z.P4', 'intro_6', 'z_trans_11', 'Z.P8-1'], ['Z.P2'], ['intro_24', 'Z.P2', 'intro_3', 'Z.P2-1'], ['Z.P1'], ['intro_25', 'Z.P1', 'intro_1', 'Z.P1-1'], ['Z.P10'], ['intro_28', 'Z.P10', 'intro_2', 'Z.P10-2'], ['Z.P10-2-1'], ['intro_24', 'Z.P10-2-1', 'intro_4', 'z_trans_11', 'Z.C5']]","[1858, 1877, 1878, 1923, 2080, 2081, 2257, 2258, 2363, 2419, 2441, 2442, 2492, 2629, 2684, 2696, 2748, 2780, 7377, 7378, 7379, 7380, 7381, 7382, 7383, 7384, 7385, 7386, 7387, 7388, 7389, 7390, 7391, 7392, 7393, 7394, 7395, 7396, 7397, 7398]",634,9138,93.06193915517619,40,40,0.058714157195694755,"[{'id': 1858, 'label': 'Z.C5-3', 'text': ""Solange die Ki signifikant besser Auto fahren kann als die durchschnittliche Person, kann gerechtfertigt werden dass KI's zugelassen werden. Die absolute Zahl der unfaelle sollte dann, statistisch gesehen runtergehen.""}, {'id': 1863, 'label': 'Z.C5', 'text': 'Die aussage ist falsch, Menschen lieben es nicht selber Entscheidungen zu erabeiten, zur diese zu treffen, wir haben Algorithmen die uns sagen was fuer Buecher wir gerne lesen wuerden, wir moegen nur die Entscheidung treffen aus der erarbeiteten Auswahl'}, {'id': 1877, 'label': 'Z.C5-3', 'text': 'viele neue technologien werden zunaechst von der gesellschaft angelehnt, etablieren sich jedoch mit dem wandel der gesellschaft ueber laengere zeit'}, {'id': 1878, 'label': 'Z.C5-3', 'text': 'die gesellschaft akzeptiert neue technologien mit dem wandel der zeit'}, {'id': 1879, 'label': 'Z.C6-3-1', 'text': 'da kein eingreifen der menschen moeglich ist, muesste der programmierer der KI rechtlich fuer das handeln des KIs sein'}, {'id': 1880, 'label': 'Z.C6-3-1', 'text': 'da die menschen nicht eingreifen koennen muss der hersteller der KI verantwortung fuer das handeln der KI tragen'}, {'id': 1882, 'label': 'Z.P10-1', 'text': 'durch die modernisierung des arbeitsmarkts durch KIs werden viele arbeitsplaetze verschwinden '}, {'id': 1885, 'label': 'Z.P10-2', 'text': 'Die Technologie ist bestimmt sehr teuer.'}, {'id': 1897, 'label': 'Z.P10-1-1', 'text': 'Dann kann man das Personal umschulen'}, {'id': 1922, 'label': 'Z.C5', 'text': 'Es wird alles akzeptiert, wenn es funktioniert '}]"
399,3311,1,Die Geschwindigkeit sollte aber Grenzen haben,['Z.C2-1'],AUTOAI,"[['Greeting_Message'], ['Z.P8', 'Z.P12', 'Z.P2', 'Z.P12', 'Z.P6', 'Z.C7-1'], ['intro_27', 'Z.P12', 'intro_3', 'Z.P12-2'], ['CONSENT'], ['Z.P2'], ['Z.P10-1'], ['Z.P3'], ['Z.C4'], ['OTHER'], ['Z.P8'], ['Z.P8'], ['Z.C6'], ['OTHER'], ['Z.P14'], ['intro_28', 'Z.P14', 'intro_4', 'z_trans_12', 'Z.P12-1'], ['CONSENT'], ['OTHER'], ['CONSENT'], ['Z.C2-1']]","[1915, 1955, 1956, 1985, 2023, 2024, 2075, 2321, 2394, 2396, 2403, 2422, 2423, 2485, 2504, 6954, 6955, 6956, 6957, 6958, 6959, 6960, 6961, 6962, 6963, 6964, 6965, 6966, 6967, 6968, 6969, 6970, 6971, 6972, 6973, 6974, 6975, 6976, 6977, 6978, 6979, 6980]",96,9138,98.9494418910046,42,42,0.4329038082731451,"[{'id': 1915, 'label': 'Z.C2-1', 'text': 'Geschwindigkeitsbegrenuzungen verlangsamen den verkehr in der regel nicht'}, {'id': 1955, 'label': 'Z.C2-1', 'text': 'Aber es gibt in anderen Laender sowieso striktere Geschwindigkeitsbegrenzungen also sollte das kein groesseres Problem sein'}, {'id': 1956, 'label': 'Z.C2-1', 'text': 'In anderen Laendern gibt es schon striktere Geschwindigkeitsbegrenzungen und das funktioniert dort auch'}, {'id': 1985, 'label': 'Z.C2-1', 'text': 'Je schneller menschen fahren desto mehr unfaelle entstehen, logischerweise bedeutet eine reduzierung des Tempolimits nicht dass fahrten ineffizienter werden sondern wenn dann eher sicherer'}, {'id': 2023, 'label': 'Z.C2-1', 'text': 'Geschwindigkeitsbeschraenkungen haben nur bedingt etwas mit autoKI zu tun. Geschwindigkeitsbegrenzungen im Allgemeinen verbessern die Sicherheit'}, {'id': 2024, 'label': 'Z.C2-1', 'text': 'Geschwindigkeitsbegrenzungen foerdern so oder so die Sicherheit'}, {'id': 2075, 'label': 'Z.C2-1', 'text': 'Striktere Geschwindigkeitsbegrenzungen koennten auch jetzt schon, ohne die KI durchgesetzt werden und wuerden dann zu einem sichereren Verkehr fuehren'}, {'id': 2321, 'label': 'Z.C2-1', 'text': 'Das Tempolimit sollte so oder so eingefphrt werden. Dadurch haben wir einen weiteren grund diese KI zu benutzen'}, {'id': 2394, 'label': 'Z.C2-1', 'text': 'das wichtigste Argument meiner Meinung ist, dass die AutoKI dann das Tempolimit einhalten kann & diesbezueglich weniger Unfaelle passieren wuerden,'}, {'id': 2396, 'label': 'Z.C2-1', 'text': 'AutoKi sollte zugelassen werde, da durch die KI Auto bezueglich dem Tempolimit weniger Unfaelle brauen wuerden '}]"
400,3313,1,Genau dann muss der Staat keine Loehne mehr fuer Bus und Zugfahrer zahlen ,['Z.P10'],AUTOAI,"[['Greeting_Message'], ['Z.P8', 'Z.P12', 'Z.P2', 'Z.P12', 'Z.P6', 'Z.C7-1'], ['intro_27', 'Z.P12', 'intro_3', 'Z.P12-2'], ['CONSENT'], ['Z.P2'], ['Z.P10-1'], ['Z.P3'], ['Z.C4'], ['OTHER'], ['Z.P8'], ['Z.P8'], ['Z.C6'], ['OTHER'], ['Z.P14'], ['intro_28', 'Z.P14', 'intro_4', 'z_trans_12', 'Z.P12-1'], ['CONSENT'], ['OTHER'], ['CONSENT'], ['Z.C2-1'], ['Z.C2-1'], ['intro_24', 'Z.C2-1', 'intro_5', 'z_trans_1', 'Z.C2'], ['CONSENT'], ['Z.P10']]","[1995, 1996, 2385, 2386, 2483, 2490, 2505, 2536, 2608, 2650, 2766, 7826, 7827, 7828, 7829, 7830, 7831, 7832, 7833, 7834, 7835, 7836, 7837, 7838, 7839, 7840, 7841, 7842, 7843, 7844, 7845, 7846, 7847, 7848, 7849, 7850, 7851, 7852]",192,9138,97.8988837820092,38,38,0.1937582074852265,"[{'id': 1882, 'label': 'Z.P10-1', 'text': 'durch die modernisierung des arbeitsmarkts durch KIs werden viele arbeitsplaetze verschwinden '}, {'id': 1885, 'label': 'Z.P10-2', 'text': 'Die Technologie ist bestimmt sehr teuer.'}, {'id': 1897, 'label': 'Z.P10-1-1', 'text': 'Dann kann man das Personal umschulen'}, {'id': 1973, 'label': 'Z.P10-1-1', 'text': 'Ich denke das wird akzeptiert, es bleiben ja noch viele andere Aufgaben bei denen Menschen mehr gebraucht werden'}, {'id': 1984, 'label': 'Z.P10-1', 'text': 'K.I. als fahrer mit rechten udn Pflichten ermoeglichen leider auch unterbezqhlte Arbeiter anderer Felder zu ersetzen'}, {'id': 1995, 'label': 'Z.P10', 'text': 'Ermoeglicht guenstigere fahrtickets, da keine Arbeitskraefte mehr benoetigt werden'}, {'id': 1996, 'label': 'Z.P10', 'text': 'Es werden keine Fahrer mehr benoetigt, was wiederum bedeutet, dass man in dem Bereich Geld einsparrt'}, {'id': 2085, 'label': 'Z.P10-1-1', 'text': 'In Deutschland gibt es viele freie Arbeitsstellen. Umschulungen sind notwendig, aber das ist machbar.'}, {'id': 2086, 'label': 'Z.P10-1-1', 'text': 'In Deutschland gibt es viele freie Arbeitsplaetze '}, {'id': 2132, 'label': 'Z.P10-1', 'text': 'Arbeitsplaetze fallen zwar insofern weg, dass man keine LKW-Fahrer mehr bezahlen muss,'}]"
401,3314,1,Das Leben eines Kindes ist vielleicht wichtiger als das Leben eines alten Menschen,['Z.C6'],AUTOAI,"[['Greeting_Message'], ['Z.P8', 'Z.P12', 'Z.P2', 'Z.P12', 'Z.P6', 'Z.C7-1'], ['intro_27', 'Z.P12', 'intro_3', 'Z.P12-2'], ['CONSENT'], ['Z.P2'], ['Z.P10-1'], ['Z.P3'], ['Z.C4'], ['OTHER'], ['Z.P8'], ['Z.P8'], ['Z.C6'], ['OTHER'], ['Z.P14'], ['intro_28', 'Z.P14', 'intro_4', 'z_trans_12', 'Z.P12-1'], ['CONSENT'], ['OTHER'], ['CONSENT'], ['Z.C2-1'], ['Z.C2-1'], ['intro_24', 'Z.C2-1', 'intro_5', 'z_trans_1', 'Z.C2'], ['CONSENT'], ['Z.P10'], ['Z.P10'], ['Z.C5-2']]","[2100, 2101, 2151, 2152, 2344, 2345, 2502, 2506, 2525, 2634, 2636, 2637, 2705, 2707, 2712, 2724, 2749, 7609, 7610, 7611, 7612, 7613, 7614, 7615, 7616, 7617, 7618, 7619, 7620, 7621, 7622, 7623, 7624, 7625, 7626, 7627, 7628, 7629, 7630, 7631, 7632, 7633, 7634, 7635]",442,9138,95.163055373167,44,44,0.09473245331265492,"[{'id': 1858, 'label': 'Z.C5-3', 'text': ""Solange die Ki signifikant besser Auto fahren kann als die durchschnittliche Person, kann gerechtfertigt werden dass KI's zugelassen werden. Die absolute Zahl der unfaelle sollte dann, statistisch gesehen runtergehen.""}, {'id': 1863, 'label': 'Z.C5', 'text': 'Die aussage ist falsch, Menschen lieben es nicht selber Entscheidungen zu erabeiten, zur diese zu treffen, wir haben Algorithmen die uns sagen was fuer Buecher wir gerne lesen wuerden, wir moegen nur die Entscheidung treffen aus der erarbeiteten Auswahl'}, {'id': 1877, 'label': 'Z.C5-3', 'text': 'viele neue technologien werden zunaechst von der gesellschaft angelehnt, etablieren sich jedoch mit dem wandel der gesellschaft ueber laengere zeit'}, {'id': 1878, 'label': 'Z.C5-3', 'text': 'die gesellschaft akzeptiert neue technologien mit dem wandel der zeit'}, {'id': 1879, 'label': 'Z.C6-3-1', 'text': 'da kein eingreifen der menschen moeglich ist, muesste der programmierer der KI rechtlich fuer das handeln des KIs sein'}, {'id': 1880, 'label': 'Z.C6-3-1', 'text': 'da die menschen nicht eingreifen koennen muss der hersteller der KI verantwortung fuer das handeln der KI tragen'}, {'id': 1922, 'label': 'Z.C5', 'text': 'Es wird alles akzeptiert, wenn es funktioniert '}, {'id': 1923, 'label': 'Z.C5-3', 'text': 'Wenn das autonome Fahren ohne Unfall funktioniert, wird es auch von der Gesellschaft akzeptiert'}, {'id': 1930, 'label': 'Z.C5-2', 'text': 'Dafuer muss mehr Akzeptanz in der Gesellschaft geschaffen werden'}, {'id': 1978, 'label': 'Z.C5-1-1-1-1', 'text': 'Vollstaendig autonomes fahren ist zwar eine gute Idee auf dem Papier aber dabei fehlt eher die moeglichkeit einzugreifen'}]"
402,3317,1,KI koennte aber bestimmt auch so schnell und effektiv reagieren ,['Z.P8'],AUTOAI,"[['Greeting_Message'], ['Z.P8', 'Z.P12', 'Z.P2', 'Z.P12', 'Z.P6', 'Z.C7-1'], ['intro_27', 'Z.P12', 'intro_3', 'Z.P12-2'], ['CONSENT'], ['Z.P2'], ['Z.P10-1'], ['Z.P3'], ['Z.C4'], ['OTHER'], ['Z.P8'], ['Z.P8'], ['Z.C6'], ['OTHER'], ['Z.P14'], ['intro_28', 'Z.P14', 'intro_4', 'z_trans_12', 'Z.P12-1'], ['CONSENT'], ['OTHER'], ['CONSENT'], ['Z.C2-1'], ['Z.C2-1'], ['intro_24', 'Z.C2-1', 'intro_5', 'z_trans_1', 'Z.C2'], ['CONSENT'], ['Z.P10'], ['Z.P10'], ['Z.C5-2'], ['Z.C6'], ['Z.P5'], ['PRO_NZARG'], ['Z.P4'], ['OTHER'], ['Z.P9']]","[1867, 1920, 2182, 2214, 2328, 2330, 2341, 2342, 2362, 2392, 2475, 2493, 2501, 2507, 2552, 2558, 2575, 2643, 2717, 2736, 2743, 2758, 2789, 7399, 7400, 7401, 7402, 7403, 7404, 7405, 7406, 7407, 7408, 7409, 7410, 7411, 7412, 7413, 7414, 7415, 7416, 7417, 7418, 7419, 7420, 7421, 7422, 7423, 7424, 7425]",1819,9138,80.09411249726416,50,50,0.022015973748560794,"[{'id': 2, 'label': 'Z.P3', 'text': 'Das Wissen einer KI kann eine deutlich hoehere Menge erreichen, als das Wissen eines Menschen. '}, {'id': 3, 'label': 'Z.P3', 'text': 'Eine KI kann mehr Wissen als ein Mensch'}, {'id': 8, 'label': 'Z.P1', 'text': 'Der Trend geht ohnehin weg von kleinen Landarztpraxen und hin zu medizinischen Versorgungszentren'}, {'id': 24, 'label': 'Z.P1', 'text': 'Aerzte sind doch auch Rund um die Uhr erreichbar?! Dafuer werden Sie auch dementsprechend bezahlt. Auf dem Land natuerlich nicht, aber eine KI koennte auch nicht ohne Beaufsichtigung das Krankenhaus leiten'}, {'id': 85, 'label': 'Z.P2', 'text': 'KI sind objektiv '}, {'id': 86, 'label': 'Z.P2', 'text': 'KI sind nicht bestechbar'}, {'id': 100, 'label': 'Z.P1', 'text': 'Mit medKI gibt es immerhin genug Aerztinnen, die jetzt fehlen?'}, {'id': 103, 'label': 'Z.P1-1', 'text': 'Personal wird dann trotzdem benoetigt '}, {'id': 137, 'label': 'Z.P1', 'text': 'In vielen Medizinischen Bereichen herrscht ein grosser Personalmangel. Gerade bei einfachen Diagnosen kann es dann sinnvoll sein, dass diese eine KI uebernimmt'}, {'id': 138, 'label': 'Z.P1', 'text': 'Das ist zwar nicht ganz das was ich meinte aber auch ein guter Punkt. Ich wollte eher auf die Entlastung des Personals abzielen und eine Verschnoerkelung des diagnostischen Prozesses, sowie verkuerzte Wartezeiten.'}]"
403,3322,2,Datensicherheit ueber Bewegung der fahrenden,['Z.C8'],AUTOAI,"[['Greeting_Message'], ['Z.P11'], ['Z.P8-1'], ['Z.C3'], ['intro_25', 'Z.C3', 'intro_2', 'Z.C3-2']]","[2235, 2236, 2510, 8060, 8061, 8062, 8063, 8064, 8065, 8066, 8067, 8068, 8069, 8070, 8071, 8072, 8073, 8074, 8075, 8076, 8077, 8078, 8079, 8080, 8081, 8082, 8083, 8084, 8085, 8086]",329,9138,96.39964981396368,30,30,0.08790241624373586,"[{'id': 1861, 'label': 'Z.C3-2', 'text': 'Wenn ein Mensch einen Fehler macht lernt nur dieser ein Mensch und macht ihn nicht wieder. Ein autonomes Auto kann Fehler direk an alle weitergeben, sodass alle davon lernen, jeder Fehler sollte nur ein einziges mal gemacht werden '}, {'id': 1865, 'label': 'Z.C8-1', 'text': ' man kann anonymisiert daten ueber fahrtweg austauschen ohne gesamte fahrplaene freizugeben'}, {'id': 1869, 'label': 'Z.C8-1', 'text': 'Dann macht man Syteme die diese Daten nicht teilen'}, {'id': 1916, 'label': 'Z.C4-1', 'text': 'Das kann man ja aber durch eine gute firewall absichern'}, {'id': 1917, 'label': 'Z.C4-1', 'text': 'Das kann man sicher machen'}, {'id': 1918, 'label': 'Z.C8-1', 'text': 'Das kann man loesen indem keine daten gespeichert werden'}, {'id': 1919, 'label': 'Z.C8-1', 'text': 'Daten nicht speichern'}, {'id': 1933, 'label': 'Z.C3-2', 'text': 'Die Autos muessten deshalb untereinander vernetzt sein'}, {'id': 1934, 'label': 'Z.C3-2', 'text': 'Autos aller Hersteller muessten dann untereinander kommunizieren koennen'}, {'id': 1935, 'label': 'Z.C8-1', 'text': 'Dafuer gibt es Datenschutzgesetze '}]"
404,3323,2,Anfaellig fuer Angriffe ,['Z.C4'],AUTOAI,"[['Greeting_Message'], ['Z.P11'], ['Z.P8-1'], ['Z.C3'], ['intro_25', 'Z.C3', 'intro_2', 'Z.C3-2'], ['Z.C8'], ['Z.C8']]","[2187, 2269, 2337, 2457, 2500, 2511, 2524, 2620, 2726, 7084, 7085, 7086, 7087, 7088, 7089, 7090, 7091, 7092, 7093, 7094, 7095, 7096, 7097, 7098, 7099, 7100, 7101, 7102, 7103, 7104, 7105, 7106, 7107, 7108, 7109, 7110]",329,9138,96.39964981396368,36,36,0.10548289949248305,"[{'id': 1861, 'label': 'Z.C3-2', 'text': 'Wenn ein Mensch einen Fehler macht lernt nur dieser ein Mensch und macht ihn nicht wieder. Ein autonomes Auto kann Fehler direk an alle weitergeben, sodass alle davon lernen, jeder Fehler sollte nur ein einziges mal gemacht werden '}, {'id': 1865, 'label': 'Z.C8-1', 'text': ' man kann anonymisiert daten ueber fahrtweg austauschen ohne gesamte fahrplaene freizugeben'}, {'id': 1869, 'label': 'Z.C8-1', 'text': 'Dann macht man Syteme die diese Daten nicht teilen'}, {'id': 1916, 'label': 'Z.C4-1', 'text': 'Das kann man ja aber durch eine gute firewall absichern'}, {'id': 1917, 'label': 'Z.C4-1', 'text': 'Das kann man sicher machen'}, {'id': 1918, 'label': 'Z.C8-1', 'text': 'Das kann man loesen indem keine daten gespeichert werden'}, {'id': 1919, 'label': 'Z.C8-1', 'text': 'Daten nicht speichern'}, {'id': 1933, 'label': 'Z.C3-2', 'text': 'Die Autos muessten deshalb untereinander vernetzt sein'}, {'id': 1934, 'label': 'Z.C3-2', 'text': 'Autos aller Hersteller muessten dann untereinander kommunizieren koennen'}, {'id': 1935, 'label': 'Z.C8-1', 'text': 'Dafuer gibt es Datenschutzgesetze '}]"
405,3325,2,Stromverbrauch der ki,['Z.C7'],AUTOAI,"[['Greeting_Message'], ['Z.P11'], ['Z.P8-1'], ['Z.C3'], ['intro_25', 'Z.C3', 'intro_2', 'Z.C3-2'], ['Z.C8'], ['Z.C8'], ['Z.C4'], ['intro_28', 'Z.C4', 'intro_3', 'Z.C4-1'], ['Z.C7'], ['Z.C7']]","[2459, 2512, 2513, 2514, 2681, 2682, 2683, 2713, 2741, 2755, 7962, 7963, 7964, 7965, 7966, 7967, 7968, 7969, 7970, 7971, 7972, 7973, 7974, 7975, 7976, 7977, 7978, 7979, 7980, 7981, 7982, 7983, 7984, 7985, 7986, 7987, 7988]",66,9138,99.27774130006566,37,37,0.556557034560974,"[{'id': 2134, 'label': 'Z.C7-1', 'text': 'Die Ungerechtigkeitsproblematik resultiert allerdings aus dem kapitalistischen System, in dem wir leben, und nicht an der Nutzung von KI Systemen. Man kann sich nicht vor dem Fortschritt verschliessen, nur weil es Anfangs fuer manche zu teuer ist.'}, {'id': 2459, 'label': 'Z.C7', 'text': 'Besser verdienende koennen sich bessere Autos leisten somit koennte es zu sozialen Ungerechtigkeiten kommen '}, {'id': 2498, 'label': 'Z.C7-1', 'text': '6. Fortschritte in der Technologie: Die Integration von AutoKI koennte dazu beitragen, die Entwicklung und Verbesserung autonomer Fahrzeuge voranzutreiben und innovative Technologien fuer andere Bereiche nutzbar zu machen.'}, {'id': 2512, 'label': 'Z.C7', 'text': 'Kosten der autos'}, {'id': 2513, 'label': 'Z.C7', 'text': 'Stromverbrauch der ki'}, {'id': 2514, 'label': 'Z.C7', 'text': 'Was passiert mit der armen Bevoelkerung '}, {'id': 2681, 'label': 'Z.C7', 'text': 'Kann sich denn jeder ein Auto mit KI leisten? Diese Funktion scheinen mir sehr teuer zu sein '}, {'id': 2682, 'label': 'Z.C7', 'text': 'Wenn ein solches Auto sehr kostspielig ist wird die Erfindung wahrscheinlich den Strassenverkehr nicht dominieren, kann sich die Erfindung dann ueberhaupt auf dem Markt halten? '}, {'id': 2683, 'label': 'Z.C7', 'text': 'Wenn sich nur besserverdiener ein KIbAuto leisten koennen, wie kann sich das Produkt dann so weiter entwickeln, dass es sich spaeter auch andere leisten koennen? '}, {'id': 2713, 'label': 'Z.C7', 'text': 'Und vor allem koennten nicht alle Autos mit KI fahren , weil das sich bestimmt nicht jeder leisten kann '}]"
406,3326,2,Was passiert mit der armen Bevoelkerung ,['Z.C7'],AUTOAI,"[['Greeting_Message'], ['Z.P11'], ['Z.P8-1'], ['Z.C3'], ['intro_25', 'Z.C3', 'intro_2', 'Z.C3-2'], ['Z.C8'], ['Z.C8'], ['Z.C4'], ['intro_28', 'Z.C4', 'intro_3', 'Z.C4-1'], ['Z.C7'], ['Z.C7'], ['Z.C7'], ['Z.C7']]","[2459, 2512, 2513, 2514, 2681, 2682, 2683, 2713, 2741, 2755, 7962, 7963, 7964, 7965, 7966, 7967, 7968, 7969, 7970, 7971, 7972, 7973, 7974, 7975, 7976, 7977, 7978, 7979, 7980, 7981, 7982, 7983, 7984, 7985, 7986, 7987, 7988]",66,9138,99.27774130006566,37,37,0.556557034560974,"[{'id': 2134, 'label': 'Z.C7-1', 'text': 'Die Ungerechtigkeitsproblematik resultiert allerdings aus dem kapitalistischen System, in dem wir leben, und nicht an der Nutzung von KI Systemen. Man kann sich nicht vor dem Fortschritt verschliessen, nur weil es Anfangs fuer manche zu teuer ist.'}, {'id': 2459, 'label': 'Z.C7', 'text': 'Besser verdienende koennen sich bessere Autos leisten somit koennte es zu sozialen Ungerechtigkeiten kommen '}, {'id': 2498, 'label': 'Z.C7-1', 'text': '6. Fortschritte in der Technologie: Die Integration von AutoKI koennte dazu beitragen, die Entwicklung und Verbesserung autonomer Fahrzeuge voranzutreiben und innovative Technologien fuer andere Bereiche nutzbar zu machen.'}, {'id': 2512, 'label': 'Z.C7', 'text': 'Kosten der autos'}, {'id': 2513, 'label': 'Z.C7', 'text': 'Stromverbrauch der ki'}, {'id': 2514, 'label': 'Z.C7', 'text': 'Was passiert mit der armen Bevoelkerung '}, {'id': 2681, 'label': 'Z.C7', 'text': 'Kann sich denn jeder ein Auto mit KI leisten? Diese Funktion scheinen mir sehr teuer zu sein '}, {'id': 2682, 'label': 'Z.C7', 'text': 'Wenn ein solches Auto sehr kostspielig ist wird die Erfindung wahrscheinlich den Strassenverkehr nicht dominieren, kann sich die Erfindung dann ueberhaupt auf dem Markt halten? '}, {'id': 2683, 'label': 'Z.C7', 'text': 'Wenn sich nur besserverdiener ein KIbAuto leisten koennen, wie kann sich das Produkt dann so weiter entwickeln, dass es sich spaeter auch andere leisten koennen? '}, {'id': 2713, 'label': 'Z.C7', 'text': 'Und vor allem koennten nicht alle Autos mit KI fahren , weil das sich bestimmt nicht jeder leisten kann '}]"
407,3329,1,"Das stimmt, kann aber mit genuegend Sicherheit behoben werden ",['Z.C4-1'],AUTOAI,"[['Greeting_Message'], ['Z.P11'], ['intro_28', 'Z.C3-2', 'intro_6', 'z_trans_12', 'Z.C4']]","[1916, 1917, 2434, 2470, 2471, 2516, 7111, 7112, 7113, 7114, 7115, 7116, 7117, 7118, 7119, 7120, 7121, 7122, 7123, 7124, 7125, 7126, 7127, 7128, 7129, 7130, 7131, 7132, 7133, 7134, 7135, 7136, 7137]",329,9138,96.39964981396368,33,33,0.09669265786810946,"[{'id': 1861, 'label': 'Z.C3-2', 'text': 'Wenn ein Mensch einen Fehler macht lernt nur dieser ein Mensch und macht ihn nicht wieder. Ein autonomes Auto kann Fehler direk an alle weitergeben, sodass alle davon lernen, jeder Fehler sollte nur ein einziges mal gemacht werden '}, {'id': 1865, 'label': 'Z.C8-1', 'text': ' man kann anonymisiert daten ueber fahrtweg austauschen ohne gesamte fahrplaene freizugeben'}, {'id': 1869, 'label': 'Z.C8-1', 'text': 'Dann macht man Syteme die diese Daten nicht teilen'}, {'id': 1916, 'label': 'Z.C4-1', 'text': 'Das kann man ja aber durch eine gute firewall absichern'}, {'id': 1917, 'label': 'Z.C4-1', 'text': 'Das kann man sicher machen'}, {'id': 1918, 'label': 'Z.C8-1', 'text': 'Das kann man loesen indem keine daten gespeichert werden'}, {'id': 1919, 'label': 'Z.C8-1', 'text': 'Daten nicht speichern'}, {'id': 1933, 'label': 'Z.C3-2', 'text': 'Die Autos muessten deshalb untereinander vernetzt sein'}, {'id': 1934, 'label': 'Z.C3-2', 'text': 'Autos aller Hersteller muessten dann untereinander kommunizieren koennen'}, {'id': 1935, 'label': 'Z.C8-1', 'text': 'Dafuer gibt es Datenschutzgesetze '}]"
408,3338,1,Ich finde es aber fuer das fuer aeltere Menschen eine automasisierte Reise Moeglichkeit gibt,['Z.P5'],AUTOAI,"[['Greeting_Message'], ['Z.C11'], ['Z.P14'], ['Z.C11'], ['Z.P5']]","[2123, 2317, 2319, 2522, 2607, 2614, 2677, 2738, 2740, 6540, 6541, 6542, 6543, 6544, 6545, 6546, 6547, 6548, 6549, 6550, 6551, 6552, 6553, 6554, 6555, 6556, 6557, 6558, 6559, 6560, 6561, 6562, 6563, 6564, 6565, 6566, 6567, 6568, 6569, 6570, 6571, 6572, 6573, 6574, 6575, 6576, 6577, 6578, 6579, 6580, 6581, 6582, 6583, 6584, 6585, 6586]",746,9138,91.83628802801488,56,56,0.0689387684928798,"[{'id': 4, 'label': 'Z.P5', 'text': 'Durch Einsparung von Personal bei Aerztinnen, kann mehr fuer Pflegepersonal ausgegeben werden. '}, {'id': 5, 'label': 'Z.P4-1', 'text': 'Aber ist es realistisch, dass das Gesundheitssystem besser finanziert wird bevor eine medKI in der Lage ist fundierte Entscheidungen zu treffen?'}, {'id': 12, 'label': 'Z.P4', 'text': 'Die MedKI kann unterstuetzen, den Mangel an Aerzten entgegenzuwirken. Durch den demographischen Wandel wird es mehr kranke und alte Menschen geben. Dadurch brauchen wir mehr Aerzte'}, {'id': 13, 'label': 'Z.P5', 'text': 'Die KI kann von mehreren Nationen entwickelt werden. Dadurch sinken die Kosten'}, {'id': 14, 'label': 'Z.P5', 'text': 'Sobald eine selbst lernende Ki entwickelt wurde, wird das Entwickeln nicht mehr viel kosten'}, {'id': 15, 'label': 'Z.P5', 'text': 'Dafuer kann der First Level Support von Aerzten abgewendet werden und durch KIs uebernommen werden'}, {'id': 83, 'label': 'Z.P4-1', 'text': 'Dann sollen die Unis mehr Medizin Plaetze anbieten dann gibt es mehr Aerzte '}, {'id': 84, 'label': 'Z.P6', 'text': 'KI sind praeziser '}, {'id': 108, 'label': 'Z.P4-1', 'text': 'Man koennte auch das Medizin Studium zugaenglicher machen'}, {'id': 109, 'label': 'Z.P4-1', 'text': 'Anstelle der KI kann man auch das Medizin Studium zugaenglicher machen'}]"
409,3353,1,Man sollte die Vorteile vermitteln ,['Z.C5-2'],AUTOAI,"[['Greeting_Message'], ['Z.P11'], ['intro_27', 'Z.P11', 'intro_1', 'Z.P11-1'], ['NZ.K10'], ['Z.P11'], ['CONSENT'], ['Z.C5-2']]","[1930, 2218, 2241, 2242, 2332, 2346, 2347, 2450, 2535, 2654, 2734, 7349, 7350, 7351, 7352, 7353, 7354, 7355, 7356, 7357, 7358, 7359, 7360, 7361, 7362, 7363, 7364, 7365, 7366, 7367, 7368, 7369, 7370, 7371, 7372, 7373, 7374, 7375, 7376]",442,9138,95.163055373167,39,39,0.08396740179985324,"[{'id': 1858, 'label': 'Z.C5-3', 'text': ""Solange die Ki signifikant besser Auto fahren kann als die durchschnittliche Person, kann gerechtfertigt werden dass KI's zugelassen werden. Die absolute Zahl der unfaelle sollte dann, statistisch gesehen runtergehen.""}, {'id': 1863, 'label': 'Z.C5', 'text': 'Die aussage ist falsch, Menschen lieben es nicht selber Entscheidungen zu erabeiten, zur diese zu treffen, wir haben Algorithmen die uns sagen was fuer Buecher wir gerne lesen wuerden, wir moegen nur die Entscheidung treffen aus der erarbeiteten Auswahl'}, {'id': 1877, 'label': 'Z.C5-3', 'text': 'viele neue technologien werden zunaechst von der gesellschaft angelehnt, etablieren sich jedoch mit dem wandel der gesellschaft ueber laengere zeit'}, {'id': 1878, 'label': 'Z.C5-3', 'text': 'die gesellschaft akzeptiert neue technologien mit dem wandel der zeit'}, {'id': 1879, 'label': 'Z.C6-3-1', 'text': 'da kein eingreifen der menschen moeglich ist, muesste der programmierer der KI rechtlich fuer das handeln des KIs sein'}, {'id': 1880, 'label': 'Z.C6-3-1', 'text': 'da die menschen nicht eingreifen koennen muss der hersteller der KI verantwortung fuer das handeln der KI tragen'}, {'id': 1922, 'label': 'Z.C5', 'text': 'Es wird alles akzeptiert, wenn es funktioniert '}, {'id': 1923, 'label': 'Z.C5-3', 'text': 'Wenn das autonome Fahren ohne Unfall funktioniert, wird es auch von der Gesellschaft akzeptiert'}, {'id': 1930, 'label': 'Z.C5-2', 'text': 'Dafuer muss mehr Akzeptanz in der Gesellschaft geschaffen werden'}, {'id': 1978, 'label': 'Z.C5-1-1-1-1', 'text': 'Vollstaendig autonomes fahren ist zwar eine gute Idee auf dem Papier aber dabei fehlt eher die moeglichkeit einzugreifen'}]"
410,3362,1,Es gibt ohnehin schon zu viele Autos,['Z.P12-1'],AUTOAI,"[['Greeting_Message'], ['Z.P11'], ['intro_27', 'Z.P11', 'intro_1', 'Z.P11-1'], ['NZ.K10'], ['Z.P11'], ['CONSENT'], ['Z.C5-2'], ['Z.C5-2'], ['intro_32', 'Z.C5-2', 'intro_6', 'z_trans_1', 'Z.C6'], ['OTHER'], ['Z.C5-2'], ['CONSENT'], ['Z.C5-3'], ['CONSENT'], ['Z.P8'], ['CONSENT'], ['Z.P2'], ['Z.P10'], ['OTHER'], ['CONSENT'], ['Z.C8-1'], ['OTHER'], ['Z.C5-1'], ['Z.P2'], ['intro_24', 'Z.P1', 'intro_5', 'z_trans_1', 'Z.P12-1']]","[2155, 2156, 2454, 2538, 2638, 6748, 6749, 6750, 6751, 6752, 6753, 6754, 6755, 6756, 6757, 6758, 6759, 6760, 6761, 6762, 6763, 6764, 6765, 6766, 6767, 6768, 6769, 6770, 6771, 6772, 6773, 6774]",1819,9138,80.09411249726416,32,32,0.014090223199078909,"[{'id': 2, 'label': 'Z.P3', 'text': 'Das Wissen einer KI kann eine deutlich hoehere Menge erreichen, als das Wissen eines Menschen. '}, {'id': 3, 'label': 'Z.P3', 'text': 'Eine KI kann mehr Wissen als ein Mensch'}, {'id': 8, 'label': 'Z.P1', 'text': 'Der Trend geht ohnehin weg von kleinen Landarztpraxen und hin zu medizinischen Versorgungszentren'}, {'id': 24, 'label': 'Z.P1', 'text': 'Aerzte sind doch auch Rund um die Uhr erreichbar?! Dafuer werden Sie auch dementsprechend bezahlt. Auf dem Land natuerlich nicht, aber eine KI koennte auch nicht ohne Beaufsichtigung das Krankenhaus leiten'}, {'id': 85, 'label': 'Z.P2', 'text': 'KI sind objektiv '}, {'id': 86, 'label': 'Z.P2', 'text': 'KI sind nicht bestechbar'}, {'id': 100, 'label': 'Z.P1', 'text': 'Mit medKI gibt es immerhin genug Aerztinnen, die jetzt fehlen?'}, {'id': 103, 'label': 'Z.P1-1', 'text': 'Personal wird dann trotzdem benoetigt '}, {'id': 137, 'label': 'Z.P1', 'text': 'In vielen Medizinischen Bereichen herrscht ein grosser Personalmangel. Gerade bei einfachen Diagnosen kann es dann sinnvoll sein, dass diese eine KI uebernimmt'}, {'id': 138, 'label': 'Z.P1', 'text': 'Das ist zwar nicht ganz das was ich meinte aber auch ein guter Punkt. Ich wollte eher auf die Entlastung des Personals abzielen und eine Verschnoerkelung des diagnostischen Prozesses, sowie verkuerzte Wartezeiten.'}]"
411,3380,1,"Ok, das kann sein. Aber Status und Unfaelle koennten extrem reduziert werden.",['Z.P11'],AUTOAI,"[['Greeting_Message'], ['Z.P12'], ['intro_23', 'Z.P12', 'intro_1', 'Z.P12-2']]","[1859, 1873, 1874, 1898, 1899, 1926, 1927, 1948, 1949, 1979, 1980, 1987, 1988, 1994, 2076, 2077, 2122, 2127, 2131, 2138, 2139, 2172, 2173, 2176, 2177, 2183, 2184, 2215, 2223, 2231, 2232, 2237, 2238, 2253, 2254, 2273, 2277, 2300, 2301, 2311, 2312, 2313, 2322, 2329, 2360, 2361, 2387, 2388, 2414, 2415, 2428, 2429, 2439, 2447, 2463, 2468, 2484, 2508, 2515, 2533, 2550, 2553, 2573, 2576, 2588, 2590, 2600, 2615, 2618, 2639, 2642, 2647, 2662, 2666, 2668, 2674, 2693, 2694, 2714, 2716, 2730, 2735, 2744, 2757, 2762, 2778, 2788, 2790, 7744, 7745, 7746, 7747, 7748, 7749, 7750, 7751, 7752, 7753, 7754, 7755, 7756, 7757, 7758, 7759, 7760, 7761, 7762, 7763, 7764, 7765, 7766, 7767, 7768, 7769, 7770]",1819,9138,80.09411249726416,115,115,0.05063673962168983,"[{'id': 2, 'label': 'Z.P3', 'text': 'Das Wissen einer KI kann eine deutlich hoehere Menge erreichen, als das Wissen eines Menschen. '}, {'id': 3, 'label': 'Z.P3', 'text': 'Eine KI kann mehr Wissen als ein Mensch'}, {'id': 8, 'label': 'Z.P1', 'text': 'Der Trend geht ohnehin weg von kleinen Landarztpraxen und hin zu medizinischen Versorgungszentren'}, {'id': 24, 'label': 'Z.P1', 'text': 'Aerzte sind doch auch Rund um die Uhr erreichbar?! Dafuer werden Sie auch dementsprechend bezahlt. Auf dem Land natuerlich nicht, aber eine KI koennte auch nicht ohne Beaufsichtigung das Krankenhaus leiten'}, {'id': 85, 'label': 'Z.P2', 'text': 'KI sind objektiv '}, {'id': 86, 'label': 'Z.P2', 'text': 'KI sind nicht bestechbar'}, {'id': 100, 'label': 'Z.P1', 'text': 'Mit medKI gibt es immerhin genug Aerztinnen, die jetzt fehlen?'}, {'id': 103, 'label': 'Z.P1-1', 'text': 'Personal wird dann trotzdem benoetigt '}, {'id': 137, 'label': 'Z.P1', 'text': 'In vielen Medizinischen Bereichen herrscht ein grosser Personalmangel. Gerade bei einfachen Diagnosen kann es dann sinnvoll sein, dass diese eine KI uebernimmt'}, {'id': 138, 'label': 'Z.P1', 'text': 'Das ist zwar nicht ganz das was ich meinte aber auch ein guter Punkt. Ich wollte eher auf die Entlastung des Personals abzielen und eine Verschnoerkelung des diagnostischen Prozesses, sowie verkuerzte Wartezeiten.'}]"
412,3382,1,Die Reaktionszeit der KI ist wesentlich besser.,['Z.P8'],AUTOAI,"[['Greeting_Message'], ['Z.P12'], ['intro_23', 'Z.P12', 'intro_1', 'Z.P12-2'], ['CONSENT', 'Z.P11'], ['intro_26', 'Z.C5-3', 'intro_5', 'z_trans_1', 'Z.C5'], ['Z.P8-1-2-1'], ['Z.P8']]","[1867, 1920, 2182, 2214, 2328, 2330, 2341, 2342, 2362, 2392, 2475, 2493, 2501, 2507, 2552, 2558, 2575, 2643, 2717, 2736, 2743, 2758, 2789, 7399, 7400, 7401, 7402, 7403, 7404, 7405, 7406, 7407, 7408, 7409, 7410, 7411, 7412, 7413, 7414, 7415, 7416, 7417, 7418, 7419, 7420, 7421, 7422, 7423, 7424, 7425]",1819,9138,80.09411249726416,50,50,0.022015973748560794,"[{'id': 2, 'label': 'Z.P3', 'text': 'Das Wissen einer KI kann eine deutlich hoehere Menge erreichen, als das Wissen eines Menschen. '}, {'id': 3, 'label': 'Z.P3', 'text': 'Eine KI kann mehr Wissen als ein Mensch'}, {'id': 8, 'label': 'Z.P1', 'text': 'Der Trend geht ohnehin weg von kleinen Landarztpraxen und hin zu medizinischen Versorgungszentren'}, {'id': 24, 'label': 'Z.P1', 'text': 'Aerzte sind doch auch Rund um die Uhr erreichbar?! Dafuer werden Sie auch dementsprechend bezahlt. Auf dem Land natuerlich nicht, aber eine KI koennte auch nicht ohne Beaufsichtigung das Krankenhaus leiten'}, {'id': 85, 'label': 'Z.P2', 'text': 'KI sind objektiv '}, {'id': 86, 'label': 'Z.P2', 'text': 'KI sind nicht bestechbar'}, {'id': 100, 'label': 'Z.P1', 'text': 'Mit medKI gibt es immerhin genug Aerztinnen, die jetzt fehlen?'}, {'id': 103, 'label': 'Z.P1-1', 'text': 'Personal wird dann trotzdem benoetigt '}, {'id': 137, 'label': 'Z.P1', 'text': 'In vielen Medizinischen Bereichen herrscht ein grosser Personalmangel. Gerade bei einfachen Diagnosen kann es dann sinnvoll sein, dass diese eine KI uebernimmt'}, {'id': 138, 'label': 'Z.P1', 'text': 'Das ist zwar nicht ganz das was ich meinte aber auch ein guter Punkt. Ich wollte eher auf die Entlastung des Personals abzielen und eine Verschnoerkelung des diagnostischen Prozesses, sowie verkuerzte Wartezeiten.'}]"
413,3383,1,Ich denke nicht dass es beim Autofahren darum geht auch wertvoll zu fuehlen. Es geht primaer um einen sicheren und schnellen Transport ,['Z.P11'],AUTOAI,"[['Greeting_Message'], ['Z.P12'], ['intro_23', 'Z.P12', 'intro_1', 'Z.P12-2'], ['CONSENT', 'Z.P11'], ['intro_26', 'Z.C5-3', 'intro_5', 'z_trans_1', 'Z.C5'], ['Z.P8-1-2-1'], ['Z.P8'], ['Z.P8'], ['intro_32', 'Z.P8', 'intro_5', 'z_trans_1', 'Z.P2-1']]","[1859, 1873, 1874, 1898, 1899, 1926, 1927, 1948, 1949, 1979, 1980, 1987, 1988, 1994, 2076, 2077, 2122, 2127, 2131, 2138, 2139, 2172, 2173, 2176, 2177, 2183, 2184, 2215, 2223, 2231, 2232, 2237, 2238, 2253, 2254, 2273, 2277, 2300, 2301, 2311, 2312, 2313, 2322, 2329, 2360, 2361, 2387, 2388, 2414, 2415, 2428, 2429, 2439, 2447, 2463, 2468, 2484, 2508, 2515, 2533, 2550, 2553, 2573, 2576, 2588, 2590, 2600, 2615, 2618, 2639, 2642, 2647, 2662, 2666, 2668, 2674, 2693, 2694, 2714, 2716, 2730, 2735, 2744, 2757, 2762, 2778, 2788, 2790, 7744, 7745, 7746, 7747, 7748, 7749, 7750, 7751, 7752, 7753, 7754, 7755, 7756, 7757, 7758, 7759, 7760, 7761, 7762, 7763, 7764, 7765, 7766, 7767, 7768, 7769, 7770]",1819,9138,80.09411249726416,115,115,0.05063673962168983,"[{'id': 2, 'label': 'Z.P3', 'text': 'Das Wissen einer KI kann eine deutlich hoehere Menge erreichen, als das Wissen eines Menschen. '}, {'id': 3, 'label': 'Z.P3', 'text': 'Eine KI kann mehr Wissen als ein Mensch'}, {'id': 8, 'label': 'Z.P1', 'text': 'Der Trend geht ohnehin weg von kleinen Landarztpraxen und hin zu medizinischen Versorgungszentren'}, {'id': 24, 'label': 'Z.P1', 'text': 'Aerzte sind doch auch Rund um die Uhr erreichbar?! Dafuer werden Sie auch dementsprechend bezahlt. Auf dem Land natuerlich nicht, aber eine KI koennte auch nicht ohne Beaufsichtigung das Krankenhaus leiten'}, {'id': 85, 'label': 'Z.P2', 'text': 'KI sind objektiv '}, {'id': 86, 'label': 'Z.P2', 'text': 'KI sind nicht bestechbar'}, {'id': 100, 'label': 'Z.P1', 'text': 'Mit medKI gibt es immerhin genug Aerztinnen, die jetzt fehlen?'}, {'id': 103, 'label': 'Z.P1-1', 'text': 'Personal wird dann trotzdem benoetigt '}, {'id': 137, 'label': 'Z.P1', 'text': 'In vielen Medizinischen Bereichen herrscht ein grosser Personalmangel. Gerade bei einfachen Diagnosen kann es dann sinnvoll sein, dass diese eine KI uebernimmt'}, {'id': 138, 'label': 'Z.P1', 'text': 'Das ist zwar nicht ganz das was ich meinte aber auch ein guter Punkt. Ich wollte eher auf die Entlastung des Personals abzielen und eine Verschnoerkelung des diagnostischen Prozesses, sowie verkuerzte Wartezeiten.'}]"
414,3390,1,Aber dennoch bin ich der Meinung. Dass Ki Systeme schneller reagieren koennen als der Mensch ,['Z.P8'],AUTOAI,"[['Greeting_Message'], ['Z.P1'], ['intro_32', 'Z.P1', 'intro_2', 'Z.P1-1'], ['Z.P10-1'], ['Z.P10-1-1'], ['CONSENT'], ['Z.P11']]","[1867, 1920, 2182, 2214, 2328, 2330, 2341, 2342, 2362, 2392, 2475, 2493, 2501, 2507, 2552, 2558, 2575, 2643, 2717, 2736, 2743, 2758, 2789, 7399, 7400, 7401, 7402, 7403, 7404, 7405, 7406, 7407, 7408, 7409, 7410, 7411, 7412, 7413, 7414, 7415, 7416, 7417, 7418, 7419, 7420, 7421, 7422, 7423, 7424, 7425]",1819,9138,80.09411249726416,50,50,0.022015973748560794,"[{'id': 2, 'label': 'Z.P3', 'text': 'Das Wissen einer KI kann eine deutlich hoehere Menge erreichen, als das Wissen eines Menschen. '}, {'id': 3, 'label': 'Z.P3', 'text': 'Eine KI kann mehr Wissen als ein Mensch'}, {'id': 8, 'label': 'Z.P1', 'text': 'Der Trend geht ohnehin weg von kleinen Landarztpraxen und hin zu medizinischen Versorgungszentren'}, {'id': 24, 'label': 'Z.P1', 'text': 'Aerzte sind doch auch Rund um die Uhr erreichbar?! Dafuer werden Sie auch dementsprechend bezahlt. Auf dem Land natuerlich nicht, aber eine KI koennte auch nicht ohne Beaufsichtigung das Krankenhaus leiten'}, {'id': 85, 'label': 'Z.P2', 'text': 'KI sind objektiv '}, {'id': 86, 'label': 'Z.P2', 'text': 'KI sind nicht bestechbar'}, {'id': 100, 'label': 'Z.P1', 'text': 'Mit medKI gibt es immerhin genug Aerztinnen, die jetzt fehlen?'}, {'id': 103, 'label': 'Z.P1-1', 'text': 'Personal wird dann trotzdem benoetigt '}, {'id': 137, 'label': 'Z.P1', 'text': 'In vielen Medizinischen Bereichen herrscht ein grosser Personalmangel. Gerade bei einfachen Diagnosen kann es dann sinnvoll sein, dass diese eine KI uebernimmt'}, {'id': 138, 'label': 'Z.P1', 'text': 'Das ist zwar nicht ganz das was ich meinte aber auch ein guter Punkt. Ich wollte eher auf die Entlastung des Personals abzielen und eine Verschnoerkelung des diagnostischen Prozesses, sowie verkuerzte Wartezeiten.'}]"
415,3391,1,oft faellt es Menschen schwer die Kontrolle abzugeben,['Z.P2-1'],AUTOAI,"[['Greeting_Message'], ['Z.P1'], ['intro_32', 'Z.P1', 'intro_2', 'Z.P1-1'], ['Z.P10-1'], ['Z.P10-1-1'], ['CONSENT'], ['Z.P11'], ['Z.P8'], ['intro_32', 'Z.P8', 'intro_6', 'z_trans_1', 'Z.P2-1']]","[1866, 1983, 2410, 2411, 2559, 2695, 2765, 6432, 6433, 6434, 6435, 6436, 6437, 6438, 6439, 6440, 6441, 6442, 6443, 6444, 6445, 6446, 6447, 6448, 6449, 6450, 6451, 6452, 6453, 6454, 6455, 6456, 6457, 6458]",1819,9138,80.09411249726416,34,34,0.014970862149021338,"[{'id': 2, 'label': 'Z.P3', 'text': 'Das Wissen einer KI kann eine deutlich hoehere Menge erreichen, als das Wissen eines Menschen. '}, {'id': 3, 'label': 'Z.P3', 'text': 'Eine KI kann mehr Wissen als ein Mensch'}, {'id': 8, 'label': 'Z.P1', 'text': 'Der Trend geht ohnehin weg von kleinen Landarztpraxen und hin zu medizinischen Versorgungszentren'}, {'id': 24, 'label': 'Z.P1', 'text': 'Aerzte sind doch auch Rund um die Uhr erreichbar?! Dafuer werden Sie auch dementsprechend bezahlt. Auf dem Land natuerlich nicht, aber eine KI koennte auch nicht ohne Beaufsichtigung das Krankenhaus leiten'}, {'id': 85, 'label': 'Z.P2', 'text': 'KI sind objektiv '}, {'id': 86, 'label': 'Z.P2', 'text': 'KI sind nicht bestechbar'}, {'id': 100, 'label': 'Z.P1', 'text': 'Mit medKI gibt es immerhin genug Aerztinnen, die jetzt fehlen?'}, {'id': 103, 'label': 'Z.P1-1', 'text': 'Personal wird dann trotzdem benoetigt '}, {'id': 137, 'label': 'Z.P1', 'text': 'In vielen Medizinischen Bereichen herrscht ein grosser Personalmangel. Gerade bei einfachen Diagnosen kann es dann sinnvoll sein, dass diese eine KI uebernimmt'}, {'id': 138, 'label': 'Z.P1', 'text': 'Das ist zwar nicht ganz das was ich meinte aber auch ein guter Punkt. Ich wollte eher auf die Entlastung des Personals abzielen und eine Verschnoerkelung des diagnostischen Prozesses, sowie verkuerzte Wartezeiten.'}]"
416,3410,1,Das problem koennte durch GPS geloest werden ,['Z.P11-1-1'],AUTOAI,"[['Greeting_Message'], ['Z.P11'], ['Z.P11']]","[2365, 2478, 2574, 2601, 2663, 2667, 2729, 2763, 7798, 7799, 7800, 7801, 7802, 7803, 7804, 7805, 7806, 7807, 7808, 7809, 7810, 7811, 7812, 7813, 7814, 7815, 7816, 7817, 7818, 7819, 7820, 7821, 7822, 7823, 7824, 7825]",1819,9138,80.09411249726416,36,36,0.01585150109896377,"[{'id': 2, 'label': 'Z.P3', 'text': 'Das Wissen einer KI kann eine deutlich hoehere Menge erreichen, als das Wissen eines Menschen. '}, {'id': 3, 'label': 'Z.P3', 'text': 'Eine KI kann mehr Wissen als ein Mensch'}, {'id': 8, 'label': 'Z.P1', 'text': 'Der Trend geht ohnehin weg von kleinen Landarztpraxen und hin zu medizinischen Versorgungszentren'}, {'id': 24, 'label': 'Z.P1', 'text': 'Aerzte sind doch auch Rund um die Uhr erreichbar?! Dafuer werden Sie auch dementsprechend bezahlt. Auf dem Land natuerlich nicht, aber eine KI koennte auch nicht ohne Beaufsichtigung das Krankenhaus leiten'}, {'id': 85, 'label': 'Z.P2', 'text': 'KI sind objektiv '}, {'id': 86, 'label': 'Z.P2', 'text': 'KI sind nicht bestechbar'}, {'id': 100, 'label': 'Z.P1', 'text': 'Mit medKI gibt es immerhin genug Aerztinnen, die jetzt fehlen?'}, {'id': 103, 'label': 'Z.P1-1', 'text': 'Personal wird dann trotzdem benoetigt '}, {'id': 137, 'label': 'Z.P1', 'text': 'In vielen Medizinischen Bereichen herrscht ein grosser Personalmangel. Gerade bei einfachen Diagnosen kann es dann sinnvoll sein, dass diese eine KI uebernimmt'}, {'id': 138, 'label': 'Z.P1', 'text': 'Das ist zwar nicht ganz das was ich meinte aber auch ein guter Punkt. Ich wollte eher auf die Entlastung des Personals abzielen und eine Verschnoerkelung des diagnostischen Prozesses, sowie verkuerzte Wartezeiten.'}]"
417,3411,1,Dennoch kann ki besser reagieren ,['Z.P8'],AUTOAI,"[['Greeting_Message'], ['Z.P11'], ['Z.P11'], ['Z.P11-1-1'], ['Z.P11-1-1']]","[1867, 1920, 2182, 2214, 2328, 2330, 2341, 2342, 2362, 2392, 2475, 2493, 2501, 2507, 2552, 2558, 2575, 2643, 2717, 2736, 2743, 2758, 2789, 7399, 7400, 7401, 7402, 7403, 7404, 7405, 7406, 7407, 7408, 7409, 7410, 7411, 7412, 7413, 7414, 7415, 7416, 7417, 7418, 7419, 7420, 7421, 7422, 7423, 7424, 7425]",1819,9138,80.09411249726416,50,50,0.022015973748560794,"[{'id': 2, 'label': 'Z.P3', 'text': 'Das Wissen einer KI kann eine deutlich hoehere Menge erreichen, als das Wissen eines Menschen. '}, {'id': 3, 'label': 'Z.P3', 'text': 'Eine KI kann mehr Wissen als ein Mensch'}, {'id': 8, 'label': 'Z.P1', 'text': 'Der Trend geht ohnehin weg von kleinen Landarztpraxen und hin zu medizinischen Versorgungszentren'}, {'id': 24, 'label': 'Z.P1', 'text': 'Aerzte sind doch auch Rund um die Uhr erreichbar?! Dafuer werden Sie auch dementsprechend bezahlt. Auf dem Land natuerlich nicht, aber eine KI koennte auch nicht ohne Beaufsichtigung das Krankenhaus leiten'}, {'id': 85, 'label': 'Z.P2', 'text': 'KI sind objektiv '}, {'id': 86, 'label': 'Z.P2', 'text': 'KI sind nicht bestechbar'}, {'id': 100, 'label': 'Z.P1', 'text': 'Mit medKI gibt es immerhin genug Aerztinnen, die jetzt fehlen?'}, {'id': 103, 'label': 'Z.P1-1', 'text': 'Personal wird dann trotzdem benoetigt '}, {'id': 137, 'label': 'Z.P1', 'text': 'In vielen Medizinischen Bereichen herrscht ein grosser Personalmangel. Gerade bei einfachen Diagnosen kann es dann sinnvoll sein, dass diese eine KI uebernimmt'}, {'id': 138, 'label': 'Z.P1', 'text': 'Das ist zwar nicht ganz das was ich meinte aber auch ein guter Punkt. Ich wollte eher auf die Entlastung des Personals abzielen und eine Verschnoerkelung des diagnostischen Prozesses, sowie verkuerzte Wartezeiten.'}]"
418,3412,1,Andererseits wuerde die Unfall Rate sinken ,['Z.P11'],AUTOAI,"[['Greeting_Message'], ['Z.P11'], ['Z.P11'], ['Z.P11-1-1'], ['Z.P11-1-1'], ['Z.P8'], ['Z.P8']]","[1859, 1873, 1874, 1898, 1899, 1926, 1927, 1948, 1949, 1979, 1980, 1987, 1988, 1994, 2076, 2077, 2122, 2127, 2131, 2138, 2139, 2172, 2173, 2176, 2177, 2183, 2184, 2215, 2223, 2231, 2232, 2237, 2238, 2253, 2254, 2273, 2277, 2300, 2301, 2311, 2312, 2313, 2322, 2329, 2360, 2361, 2387, 2388, 2414, 2415, 2428, 2429, 2439, 2447, 2463, 2468, 2484, 2508, 2515, 2533, 2550, 2553, 2573, 2576, 2588, 2590, 2600, 2615, 2618, 2639, 2642, 2647, 2662, 2666, 2668, 2674, 2693, 2694, 2714, 2716, 2730, 2735, 2744, 2757, 2762, 2778, 2788, 2790, 7744, 7745, 7746, 7747, 7748, 7749, 7750, 7751, 7752, 7753, 7754, 7755, 7756, 7757, 7758, 7759, 7760, 7761, 7762, 7763, 7764, 7765, 7766, 7767, 7768, 7769, 7770]",1819,9138,80.09411249726416,115,115,0.05063673962168983,"[{'id': 2, 'label': 'Z.P3', 'text': 'Das Wissen einer KI kann eine deutlich hoehere Menge erreichen, als das Wissen eines Menschen. '}, {'id': 3, 'label': 'Z.P3', 'text': 'Eine KI kann mehr Wissen als ein Mensch'}, {'id': 8, 'label': 'Z.P1', 'text': 'Der Trend geht ohnehin weg von kleinen Landarztpraxen und hin zu medizinischen Versorgungszentren'}, {'id': 24, 'label': 'Z.P1', 'text': 'Aerzte sind doch auch Rund um die Uhr erreichbar?! Dafuer werden Sie auch dementsprechend bezahlt. Auf dem Land natuerlich nicht, aber eine KI koennte auch nicht ohne Beaufsichtigung das Krankenhaus leiten'}, {'id': 85, 'label': 'Z.P2', 'text': 'KI sind objektiv '}, {'id': 86, 'label': 'Z.P2', 'text': 'KI sind nicht bestechbar'}, {'id': 100, 'label': 'Z.P1', 'text': 'Mit medKI gibt es immerhin genug Aerztinnen, die jetzt fehlen?'}, {'id': 103, 'label': 'Z.P1-1', 'text': 'Personal wird dann trotzdem benoetigt '}, {'id': 137, 'label': 'Z.P1', 'text': 'In vielen Medizinischen Bereichen herrscht ein grosser Personalmangel. Gerade bei einfachen Diagnosen kann es dann sinnvoll sein, dass diese eine KI uebernimmt'}, {'id': 138, 'label': 'Z.P1', 'text': 'Das ist zwar nicht ganz das was ich meinte aber auch ein guter Punkt. Ich wollte eher auf die Entlastung des Personals abzielen und eine Verschnoerkelung des diagnostischen Prozesses, sowie verkuerzte Wartezeiten.'}]"
419,3415,1,Das kommt auf den Preis an und auf die Ausrichtung. Es koennten eine Art Sammeltaxi geben ,['Z.P12-1-3'],AUTOAI,"[['Greeting_Message'], ['Z.P11'], ['Z.P11'], ['Z.P11-1-1'], ['Z.P11-1-1'], ['Z.P8'], ['Z.P8'], ['Z.P11'], ['intro_32', 'Z.P11', 'intro_6', 'z_trans_1', 'Z.P1-1'], ['Z.P10-1-1'], ['Z.P10-1-1'], ['Z.P2'], ['intro_24', 'Z.P2', 'intro_4', 'z_trans_16', 'Z.P12-1']]","[1868, 1911, 2481, 2482, 2579, 2672, 2673, 2675, 2742, 6829, 6830, 6831, 6832, 6833, 6834, 6835, 6836, 6837, 6838, 6839, 6840, 6841, 6842, 6843, 6844, 6845, 6846, 6847, 6848, 6849, 6850]",1819,9138,80.09411249726416,31,31,0.013649903724107692,"[{'id': 2, 'label': 'Z.P3', 'text': 'Das Wissen einer KI kann eine deutlich hoehere Menge erreichen, als das Wissen eines Menschen. '}, {'id': 3, 'label': 'Z.P3', 'text': 'Eine KI kann mehr Wissen als ein Mensch'}, {'id': 8, 'label': 'Z.P1', 'text': 'Der Trend geht ohnehin weg von kleinen Landarztpraxen und hin zu medizinischen Versorgungszentren'}, {'id': 24, 'label': 'Z.P1', 'text': 'Aerzte sind doch auch Rund um die Uhr erreichbar?! Dafuer werden Sie auch dementsprechend bezahlt. Auf dem Land natuerlich nicht, aber eine KI koennte auch nicht ohne Beaufsichtigung das Krankenhaus leiten'}, {'id': 85, 'label': 'Z.P2', 'text': 'KI sind objektiv '}, {'id': 86, 'label': 'Z.P2', 'text': 'KI sind nicht bestechbar'}, {'id': 100, 'label': 'Z.P1', 'text': 'Mit medKI gibt es immerhin genug Aerztinnen, die jetzt fehlen?'}, {'id': 103, 'label': 'Z.P1-1', 'text': 'Personal wird dann trotzdem benoetigt '}, {'id': 137, 'label': 'Z.P1', 'text': 'In vielen Medizinischen Bereichen herrscht ein grosser Personalmangel. Gerade bei einfachen Diagnosen kann es dann sinnvoll sein, dass diese eine KI uebernimmt'}, {'id': 138, 'label': 'Z.P1', 'text': 'Das ist zwar nicht ganz das was ich meinte aber auch ein guter Punkt. Ich wollte eher auf die Entlastung des Personals abzielen und eine Verschnoerkelung des diagnostischen Prozesses, sowie verkuerzte Wartezeiten.'}]"
420,3445,1,"Das ist natuerlich moeglich, aber man koennte diese doch durch automatische Uebertragung zur KI uebertragen, wenn ein Fahrzeug einen bestimmten Punkt ueberschreitet ",['Z.P11-1-1'],AUTOAI,"[['Greeting_Message'], ['Z.P11'], ['intro_24', 'Z.P11', 'intro_2', 'Z.P11-1']]","[2365, 2478, 2574, 2601, 2663, 2667, 2729, 2763, 7798, 7799, 7800, 7801, 7802, 7803, 7804, 7805, 7806, 7807, 7808, 7809, 7810, 7811, 7812, 7813, 7814, 7815, 7816, 7817, 7818, 7819, 7820, 7821, 7822, 7823, 7824, 7825]",1819,9138,80.09411249726416,36,36,0.01585150109896377,"[{'id': 2, 'label': 'Z.P3', 'text': 'Das Wissen einer KI kann eine deutlich hoehere Menge erreichen, als das Wissen eines Menschen. '}, {'id': 3, 'label': 'Z.P3', 'text': 'Eine KI kann mehr Wissen als ein Mensch'}, {'id': 8, 'label': 'Z.P1', 'text': 'Der Trend geht ohnehin weg von kleinen Landarztpraxen und hin zu medizinischen Versorgungszentren'}, {'id': 24, 'label': 'Z.P1', 'text': 'Aerzte sind doch auch Rund um die Uhr erreichbar?! Dafuer werden Sie auch dementsprechend bezahlt. Auf dem Land natuerlich nicht, aber eine KI koennte auch nicht ohne Beaufsichtigung das Krankenhaus leiten'}, {'id': 85, 'label': 'Z.P2', 'text': 'KI sind objektiv '}, {'id': 86, 'label': 'Z.P2', 'text': 'KI sind nicht bestechbar'}, {'id': 100, 'label': 'Z.P1', 'text': 'Mit medKI gibt es immerhin genug Aerztinnen, die jetzt fehlen?'}, {'id': 103, 'label': 'Z.P1-1', 'text': 'Personal wird dann trotzdem benoetigt '}, {'id': 137, 'label': 'Z.P1', 'text': 'In vielen Medizinischen Bereichen herrscht ein grosser Personalmangel. Gerade bei einfachen Diagnosen kann es dann sinnvoll sein, dass diese eine KI uebernimmt'}, {'id': 138, 'label': 'Z.P1', 'text': 'Das ist zwar nicht ganz das was ich meinte aber auch ein guter Punkt. Ich wollte eher auf die Entlastung des Personals abzielen und eine Verschnoerkelung des diagnostischen Prozesses, sowie verkuerzte Wartezeiten.'}]"
421,3446,1,Es koennte auch eine eigene Fahrspur fuer Auto-KI Fahrzeuge geben ,['Z.P8-1'],AUTOAI,"[['Greeting_Message'], ['Z.P11'], ['intro_24', 'Z.P11', 'intro_2', 'Z.P11-1'], ['Z.P11-1-1'], ['Z.P11-1-1']]","[1860, 1963, 1968, 1969, 1989, 2290, 2334, 2352, 2357, 2372, 2407, 2430, 2431, 2451, 2456, 2602, 2679, 2710, 7426, 7427, 7428, 7429, 7430, 7431, 7432, 7433, 7434, 7435, 7436, 7437, 7438, 7439, 7440, 7441, 7442, 7443, 7444, 7445, 7446, 7447, 7448, 7449, 7450, 7451, 7452]",1819,9138,80.09411249726416,45,45,0.019814376373704715,"[{'id': 2, 'label': 'Z.P3', 'text': 'Das Wissen einer KI kann eine deutlich hoehere Menge erreichen, als das Wissen eines Menschen. '}, {'id': 3, 'label': 'Z.P3', 'text': 'Eine KI kann mehr Wissen als ein Mensch'}, {'id': 8, 'label': 'Z.P1', 'text': 'Der Trend geht ohnehin weg von kleinen Landarztpraxen und hin zu medizinischen Versorgungszentren'}, {'id': 24, 'label': 'Z.P1', 'text': 'Aerzte sind doch auch Rund um die Uhr erreichbar?! Dafuer werden Sie auch dementsprechend bezahlt. Auf dem Land natuerlich nicht, aber eine KI koennte auch nicht ohne Beaufsichtigung das Krankenhaus leiten'}, {'id': 85, 'label': 'Z.P2', 'text': 'KI sind objektiv '}, {'id': 86, 'label': 'Z.P2', 'text': 'KI sind nicht bestechbar'}, {'id': 100, 'label': 'Z.P1', 'text': 'Mit medKI gibt es immerhin genug Aerztinnen, die jetzt fehlen?'}, {'id': 103, 'label': 'Z.P1-1', 'text': 'Personal wird dann trotzdem benoetigt '}, {'id': 137, 'label': 'Z.P1', 'text': 'In vielen Medizinischen Bereichen herrscht ein grosser Personalmangel. Gerade bei einfachen Diagnosen kann es dann sinnvoll sein, dass diese eine KI uebernimmt'}, {'id': 138, 'label': 'Z.P1', 'text': 'Das ist zwar nicht ganz das was ich meinte aber auch ein guter Punkt. Ich wollte eher auf die Entlastung des Personals abzielen und eine Verschnoerkelung des diagnostischen Prozesses, sowie verkuerzte Wartezeiten.'}]"
422,3450,1,Eine Trennung von KI Fahrzeugen und menschlich gefuehrten Fahrzeugen koennte dieses Problem aber behoben werden ,['Z.P7-1'],AUTOAI,"[['Greeting_Message'], ['Z.P11'], ['intro_24', 'Z.P11', 'intro_2', 'Z.P11-1'], ['Z.P11-1-1'], ['Z.P11-1-1'], ['Z.P8-1'], ['Z.C5-3'], ['Z.P1'], ['intro_32', 'Z.P1', 'intro_1', 'Z.P1-1'], ['Z.P10-1-1'], ['Z.P10-1-1'], ['Z.P7'], ['intro_26', 'Z.P7', 'intro_3', 'Z.P7-1']]","[2606, 2754, 6695, 6696, 6697, 6698, 6699, 6700, 6701, 6702, 6703, 6704, 6705, 6706, 6707, 6708, 6709, 6710, 6711, 6712, 6713, 6714, 6715, 6716, 6717, 6718, 6719, 6720, 6721]",1819,9138,80.09411249726416,29,29,0.01276926477416526,"[{'id': 2, 'label': 'Z.P3', 'text': 'Das Wissen einer KI kann eine deutlich hoehere Menge erreichen, als das Wissen eines Menschen. '}, {'id': 3, 'label': 'Z.P3', 'text': 'Eine KI kann mehr Wissen als ein Mensch'}, {'id': 8, 'label': 'Z.P1', 'text': 'Der Trend geht ohnehin weg von kleinen Landarztpraxen und hin zu medizinischen Versorgungszentren'}, {'id': 24, 'label': 'Z.P1', 'text': 'Aerzte sind doch auch Rund um die Uhr erreichbar?! Dafuer werden Sie auch dementsprechend bezahlt. Auf dem Land natuerlich nicht, aber eine KI koennte auch nicht ohne Beaufsichtigung das Krankenhaus leiten'}, {'id': 85, 'label': 'Z.P2', 'text': 'KI sind objektiv '}, {'id': 86, 'label': 'Z.P2', 'text': 'KI sind nicht bestechbar'}, {'id': 100, 'label': 'Z.P1', 'text': 'Mit medKI gibt es immerhin genug Aerztinnen, die jetzt fehlen?'}, {'id': 103, 'label': 'Z.P1-1', 'text': 'Personal wird dann trotzdem benoetigt '}, {'id': 137, 'label': 'Z.P1', 'text': 'In vielen Medizinischen Bereichen herrscht ein grosser Personalmangel. Gerade bei einfachen Diagnosen kann es dann sinnvoll sein, dass diese eine KI uebernimmt'}, {'id': 138, 'label': 'Z.P1', 'text': 'Das ist zwar nicht ganz das was ich meinte aber auch ein guter Punkt. Ich wollte eher auf die Entlastung des Personals abzielen und eine Verschnoerkelung des diagnostischen Prozesses, sowie verkuerzte Wartezeiten.'}]"
423,3462,1,"Sprit sparen und Emissionem senken um die Umwelt zu schonen, durch effizientere Fahrtweise",['Z.P12'],AUTOAI,"[['Greeting_Message'], ['Z.P9'], ['Z.P9'], ['Z.P5'], ['Z.C5-3'], ['Z.P11'], ['intro_23', 'Z.P11', 'intro_2', 'Z.P11-1']]","[1864, 1881, 1888, 1904, 1993, 2084, 2121, 2126, 2163, 2181, 2186, 2220, 2228, 2229, 2230, 2245, 2260, 2274, 2275, 2278, 2349, 2350, 2367, 2395, 2433, 2438, 2445, 2473, 2494, 2496, 2549, 2560, 2616, 2617, 2619, 2646, 2649, 2671, 2715, 2718, 2721, 2737, 6722, 6723, 6724, 6725, 6726, 6727, 6728, 6729, 6730, 6731, 6732, 6733, 6734, 6735, 6736, 6737, 6738, 6739, 6740, 6741, 6742, 6743, 6744, 6745, 6746, 6747]",1819,9138,80.09411249726416,68,68,0.029941724298042677,"[{'id': 2, 'label': 'Z.P3', 'text': 'Das Wissen einer KI kann eine deutlich hoehere Menge erreichen, als das Wissen eines Menschen. '}, {'id': 3, 'label': 'Z.P3', 'text': 'Eine KI kann mehr Wissen als ein Mensch'}, {'id': 8, 'label': 'Z.P1', 'text': 'Der Trend geht ohnehin weg von kleinen Landarztpraxen und hin zu medizinischen Versorgungszentren'}, {'id': 24, 'label': 'Z.P1', 'text': 'Aerzte sind doch auch Rund um die Uhr erreichbar?! Dafuer werden Sie auch dementsprechend bezahlt. Auf dem Land natuerlich nicht, aber eine KI koennte auch nicht ohne Beaufsichtigung das Krankenhaus leiten'}, {'id': 85, 'label': 'Z.P2', 'text': 'KI sind objektiv '}, {'id': 86, 'label': 'Z.P2', 'text': 'KI sind nicht bestechbar'}, {'id': 100, 'label': 'Z.P1', 'text': 'Mit medKI gibt es immerhin genug Aerztinnen, die jetzt fehlen?'}, {'id': 103, 'label': 'Z.P1-1', 'text': 'Personal wird dann trotzdem benoetigt '}, {'id': 137, 'label': 'Z.P1', 'text': 'In vielen Medizinischen Bereichen herrscht ein grosser Personalmangel. Gerade bei einfachen Diagnosen kann es dann sinnvoll sein, dass diese eine KI uebernimmt'}, {'id': 138, 'label': 'Z.P1', 'text': 'Das ist zwar nicht ganz das was ich meinte aber auch ein guter Punkt. Ich wollte eher auf die Entlastung des Personals abzielen und eine Verschnoerkelung des diagnostischen Prozesses, sowie verkuerzte Wartezeiten.'}]"
424,3463,1,Weniger stau,['Z.P12'],AUTOAI,"[['Greeting_Message'], ['Z.P9'], ['Z.P9'], ['Z.P5'], ['Z.C5-3'], ['Z.P11'], ['intro_23', 'Z.P11', 'intro_2', 'Z.P11-1'], ['Z.P12'], ['intro_27', 'Z.P12', 'intro_1', 'Z.P12-2']]","[1864, 1881, 1888, 1904, 1993, 2084, 2121, 2126, 2163, 2181, 2186, 2220, 2228, 2229, 2230, 2245, 2260, 2274, 2275, 2278, 2349, 2350, 2367, 2395, 2433, 2438, 2445, 2473, 2494, 2496, 2549, 2560, 2616, 2617, 2619, 2646, 2649, 2671, 2715, 2718, 2721, 2737, 6722, 6723, 6724, 6725, 6726, 6727, 6728, 6729, 6730, 6731, 6732, 6733, 6734, 6735, 6736, 6737, 6738, 6739, 6740, 6741, 6742, 6743, 6744, 6745, 6746, 6747]",1819,9138,80.09411249726416,68,68,0.029941724298042677,"[{'id': 2, 'label': 'Z.P3', 'text': 'Das Wissen einer KI kann eine deutlich hoehere Menge erreichen, als das Wissen eines Menschen. '}, {'id': 3, 'label': 'Z.P3', 'text': 'Eine KI kann mehr Wissen als ein Mensch'}, {'id': 8, 'label': 'Z.P1', 'text': 'Der Trend geht ohnehin weg von kleinen Landarztpraxen und hin zu medizinischen Versorgungszentren'}, {'id': 24, 'label': 'Z.P1', 'text': 'Aerzte sind doch auch Rund um die Uhr erreichbar?! Dafuer werden Sie auch dementsprechend bezahlt. Auf dem Land natuerlich nicht, aber eine KI koennte auch nicht ohne Beaufsichtigung das Krankenhaus leiten'}, {'id': 85, 'label': 'Z.P2', 'text': 'KI sind objektiv '}, {'id': 86, 'label': 'Z.P2', 'text': 'KI sind nicht bestechbar'}, {'id': 100, 'label': 'Z.P1', 'text': 'Mit medKI gibt es immerhin genug Aerztinnen, die jetzt fehlen?'}, {'id': 103, 'label': 'Z.P1-1', 'text': 'Personal wird dann trotzdem benoetigt '}, {'id': 137, 'label': 'Z.P1', 'text': 'In vielen Medizinischen Bereichen herrscht ein grosser Personalmangel. Gerade bei einfachen Diagnosen kann es dann sinnvoll sein, dass diese eine KI uebernimmt'}, {'id': 138, 'label': 'Z.P1', 'text': 'Das ist zwar nicht ganz das was ich meinte aber auch ein guter Punkt. Ich wollte eher auf die Entlastung des Personals abzielen und eine Verschnoerkelung des diagnostischen Prozesses, sowie verkuerzte Wartezeiten.'}]"
425,3464,1,Laenger Funktionsfaehigkeit des Autos durch weniger unifaelle ,['Z.P11'],AUTOAI,"[['Greeting_Message'], ['Z.P9'], ['Z.P9'], ['Z.P5'], ['Z.C5-3'], ['Z.P11'], ['intro_23', 'Z.P11', 'intro_2', 'Z.P11-1'], ['Z.P12'], ['intro_27', 'Z.P12', 'intro_1', 'Z.P12-2'], ['Z.P12'], ['intro_26', 'Z.P12', 'intro_3', 'Z.P12-1']]","[1859, 1873, 1874, 1898, 1899, 1926, 1927, 1948, 1949, 1979, 1980, 1987, 1988, 1994, 2076, 2077, 2122, 2127, 2131, 2138, 2139, 2172, 2173, 2176, 2177, 2183, 2184, 2215, 2223, 2231, 2232, 2237, 2238, 2253, 2254, 2273, 2277, 2300, 2301, 2311, 2312, 2313, 2322, 2329, 2360, 2361, 2387, 2388, 2414, 2415, 2428, 2429, 2439, 2447, 2463, 2468, 2484, 2508, 2515, 2533, 2550, 2553, 2573, 2576, 2588, 2590, 2600, 2615, 2618, 2639, 2642, 2647, 2662, 2666, 2668, 2674, 2693, 2694, 2714, 2716, 2730, 2735, 2744, 2757, 2762, 2778, 2788, 2790, 7744, 7745, 7746, 7747, 7748, 7749, 7750, 7751, 7752, 7753, 7754, 7755, 7756, 7757, 7758, 7759, 7760, 7761, 7762, 7763, 7764, 7765, 7766, 7767, 7768, 7769, 7770]",1819,9138,80.09411249726416,115,115,0.05063673962168983,"[{'id': 2, 'label': 'Z.P3', 'text': 'Das Wissen einer KI kann eine deutlich hoehere Menge erreichen, als das Wissen eines Menschen. '}, {'id': 3, 'label': 'Z.P3', 'text': 'Eine KI kann mehr Wissen als ein Mensch'}, {'id': 8, 'label': 'Z.P1', 'text': 'Der Trend geht ohnehin weg von kleinen Landarztpraxen und hin zu medizinischen Versorgungszentren'}, {'id': 24, 'label': 'Z.P1', 'text': 'Aerzte sind doch auch Rund um die Uhr erreichbar?! Dafuer werden Sie auch dementsprechend bezahlt. Auf dem Land natuerlich nicht, aber eine KI koennte auch nicht ohne Beaufsichtigung das Krankenhaus leiten'}, {'id': 85, 'label': 'Z.P2', 'text': 'KI sind objektiv '}, {'id': 86, 'label': 'Z.P2', 'text': 'KI sind nicht bestechbar'}, {'id': 100, 'label': 'Z.P1', 'text': 'Mit medKI gibt es immerhin genug Aerztinnen, die jetzt fehlen?'}, {'id': 103, 'label': 'Z.P1-1', 'text': 'Personal wird dann trotzdem benoetigt '}, {'id': 137, 'label': 'Z.P1', 'text': 'In vielen Medizinischen Bereichen herrscht ein grosser Personalmangel. Gerade bei einfachen Diagnosen kann es dann sinnvoll sein, dass diese eine KI uebernimmt'}, {'id': 138, 'label': 'Z.P1', 'text': 'Das ist zwar nicht ganz das was ich meinte aber auch ein guter Punkt. Ich wollte eher auf die Entlastung des Personals abzielen und eine Verschnoerkelung des diagnostischen Prozesses, sowie verkuerzte Wartezeiten.'}]"
426,3471,2,Zudem ist KI nicht fuer Schlechte Strasenverhaeltnisse und Verkehrsschilde geeigntet .somit in beispielsweise entwicklungslaendern nichtvgenausogut durchfuehrbar. Keine Chancengleichheit.,['Z.P11-1'],AUTOAI,"[['Greeting_Message'], ['Z.C4'], ['intro_25', 'Z.C4', 'intro_2', 'Z.C4-1'], ['CONSENT', 'Z.P8-1-2'], ['Z.P8-1'], ['Z.C10'], ['Z.C10'], ['Z.P11-1'], ['intro_28', 'Z.P11-1', 'intro_3', 'Z.P11-1-1']]","[2233, 2234, 2461, 2467, 2623, 2624, 2640, 7771, 7772, 7773, 7774, 7775, 7776, 7777, 7778, 7779, 7780, 7781, 7782, 7783, 7784, 7785, 7786, 7787, 7788, 7789, 7790, 7791, 7792, 7793, 7794, 7795, 7796, 7797]",1819,9138,80.09411249726416,34,34,0.014970862149021338,"[{'id': 2, 'label': 'Z.P3', 'text': 'Das Wissen einer KI kann eine deutlich hoehere Menge erreichen, als das Wissen eines Menschen. '}, {'id': 3, 'label': 'Z.P3', 'text': 'Eine KI kann mehr Wissen als ein Mensch'}, {'id': 8, 'label': 'Z.P1', 'text': 'Der Trend geht ohnehin weg von kleinen Landarztpraxen und hin zu medizinischen Versorgungszentren'}, {'id': 24, 'label': 'Z.P1', 'text': 'Aerzte sind doch auch Rund um die Uhr erreichbar?! Dafuer werden Sie auch dementsprechend bezahlt. Auf dem Land natuerlich nicht, aber eine KI koennte auch nicht ohne Beaufsichtigung das Krankenhaus leiten'}, {'id': 85, 'label': 'Z.P2', 'text': 'KI sind objektiv '}, {'id': 86, 'label': 'Z.P2', 'text': 'KI sind nicht bestechbar'}, {'id': 100, 'label': 'Z.P1', 'text': 'Mit medKI gibt es immerhin genug Aerztinnen, die jetzt fehlen?'}, {'id': 103, 'label': 'Z.P1-1', 'text': 'Personal wird dann trotzdem benoetigt '}, {'id': 137, 'label': 'Z.P1', 'text': 'In vielen Medizinischen Bereichen herrscht ein grosser Personalmangel. Gerade bei einfachen Diagnosen kann es dann sinnvoll sein, dass diese eine KI uebernimmt'}, {'id': 138, 'label': 'Z.P1', 'text': 'Das ist zwar nicht ganz das was ich meinte aber auch ein guter Punkt. Ich wollte eher auf die Entlastung des Personals abzielen und eine Verschnoerkelung des diagnostischen Prozesses, sowie verkuerzte Wartezeiten.'}]"
427,3474,1,"Das glaube ich nicht, ich glaube Komfort ist wichtiger als Akzeptanz",['Z.P2'],AUTOAI,"[['Greeting_Message'], ['Z.P2'], ['intro_26', 'Z.P2', 'intro_3', 'Z.P2-1']]","[1886, 2124, 2221, 2225, 2272, 2315, 2435, 2436, 2469, 2488, 2495, 2518, 2537, 2578, 2626, 2627, 2644, 6405, 6406, 6407, 6408, 6409, 6410, 6411, 6412, 6413, 6414, 6415, 6416, 6417, 6418, 6419, 6420, 6421, 6422, 6423, 6424, 6425, 6426, 6427, 6428, 6429, 6430, 6431]",1819,9138,80.09411249726416,44,44,0.019374056898733498,"[{'id': 2, 'label': 'Z.P3', 'text': 'Das Wissen einer KI kann eine deutlich hoehere Menge erreichen, als das Wissen eines Menschen. '}, {'id': 3, 'label': 'Z.P3', 'text': 'Eine KI kann mehr Wissen als ein Mensch'}, {'id': 8, 'label': 'Z.P1', 'text': 'Der Trend geht ohnehin weg von kleinen Landarztpraxen und hin zu medizinischen Versorgungszentren'}, {'id': 24, 'label': 'Z.P1', 'text': 'Aerzte sind doch auch Rund um die Uhr erreichbar?! Dafuer werden Sie auch dementsprechend bezahlt. Auf dem Land natuerlich nicht, aber eine KI koennte auch nicht ohne Beaufsichtigung das Krankenhaus leiten'}, {'id': 85, 'label': 'Z.P2', 'text': 'KI sind objektiv '}, {'id': 86, 'label': 'Z.P2', 'text': 'KI sind nicht bestechbar'}, {'id': 100, 'label': 'Z.P1', 'text': 'Mit medKI gibt es immerhin genug Aerztinnen, die jetzt fehlen?'}, {'id': 103, 'label': 'Z.P1-1', 'text': 'Personal wird dann trotzdem benoetigt '}, {'id': 137, 'label': 'Z.P1', 'text': 'In vielen Medizinischen Bereichen herrscht ein grosser Personalmangel. Gerade bei einfachen Diagnosen kann es dann sinnvoll sein, dass diese eine KI uebernimmt'}, {'id': 138, 'label': 'Z.P1', 'text': 'Das ist zwar nicht ganz das was ich meinte aber auch ein guter Punkt. Ich wollte eher auf die Entlastung des Personals abzielen und eine Verschnoerkelung des diagnostischen Prozesses, sowie verkuerzte Wartezeiten.'}]"
428,3476,1,Ich denke mit der Zeit wird jede Technologie akzeptiert wenn man lange genug wartet und sie gut genug ist,['Z.C5-3'],AUTOAI,"[['Greeting_Message'], ['Z.P2'], ['intro_26', 'Z.P2', 'intro_3', 'Z.P2-1'], ['DISSENT', 'Z.P2'], ['OTHER'], ['Z.P8-1-2'], ['Z.C5-3']]","[1858, 1877, 1878, 1923, 2080, 2081, 2257, 2258, 2363, 2419, 2441, 2442, 2492, 2629, 2684, 2696, 2748, 2780, 7377, 7378, 7379, 7380, 7381, 7382, 7383, 7384, 7385, 7386, 7387, 7388, 7389, 7390, 7391, 7392, 7393, 7394, 7395, 7396, 7397, 7398]",442,9138,95.163055373167,40,40,0.08612041210241357,"[{'id': 1858, 'label': 'Z.C5-3', 'text': ""Solange die Ki signifikant besser Auto fahren kann als die durchschnittliche Person, kann gerechtfertigt werden dass KI's zugelassen werden. Die absolute Zahl der unfaelle sollte dann, statistisch gesehen runtergehen.""}, {'id': 1863, 'label': 'Z.C5', 'text': 'Die aussage ist falsch, Menschen lieben es nicht selber Entscheidungen zu erabeiten, zur diese zu treffen, wir haben Algorithmen die uns sagen was fuer Buecher wir gerne lesen wuerden, wir moegen nur die Entscheidung treffen aus der erarbeiteten Auswahl'}, {'id': 1877, 'label': 'Z.C5-3', 'text': 'viele neue technologien werden zunaechst von der gesellschaft angelehnt, etablieren sich jedoch mit dem wandel der gesellschaft ueber laengere zeit'}, {'id': 1878, 'label': 'Z.C5-3', 'text': 'die gesellschaft akzeptiert neue technologien mit dem wandel der zeit'}, {'id': 1879, 'label': 'Z.C6-3-1', 'text': 'da kein eingreifen der menschen moeglich ist, muesste der programmierer der KI rechtlich fuer das handeln des KIs sein'}, {'id': 1880, 'label': 'Z.C6-3-1', 'text': 'da die menschen nicht eingreifen koennen muss der hersteller der KI verantwortung fuer das handeln der KI tragen'}, {'id': 1922, 'label': 'Z.C5', 'text': 'Es wird alles akzeptiert, wenn es funktioniert '}, {'id': 1923, 'label': 'Z.C5-3', 'text': 'Wenn das autonome Fahren ohne Unfall funktioniert, wird es auch von der Gesellschaft akzeptiert'}, {'id': 1930, 'label': 'Z.C5-2', 'text': 'Dafuer muss mehr Akzeptanz in der Gesellschaft geschaffen werden'}, {'id': 1978, 'label': 'Z.C5-1-1-1-1', 'text': 'Vollstaendig autonomes fahren ist zwar eine gute Idee auf dem Papier aber dabei fehlt eher die moeglichkeit einzugreifen'}]"
429,3477,1,"Das stimmt, in solchen Faellen sollte der Zufall entscheiden",['Z.C6-2'],AUTOAI,"[['Greeting_Message'], ['Z.P2'], ['intro_26', 'Z.P2', 'intro_3', 'Z.P2-1'], ['DISSENT', 'Z.P2'], ['OTHER'], ['Z.P8-1-2'], ['Z.C5-3'], ['Z.C5-3'], ['intro_26', 'Z.C5-2', 'intro_6', 'z_trans_1', 'Z.C6']]","[2630, 2635, 7636, 7637, 7638, 7639, 7640, 7641, 7642, 7643, 7644, 7645, 7646, 7647, 7648, 7649, 7650, 7651, 7652, 7653, 7654, 7655, 7656, 7657, 7658, 7659, 7660, 7661, 7662]",442,9138,95.163055373167,29,29,0.06243729877424984,"[{'id': 1858, 'label': 'Z.C5-3', 'text': ""Solange die Ki signifikant besser Auto fahren kann als die durchschnittliche Person, kann gerechtfertigt werden dass KI's zugelassen werden. Die absolute Zahl der unfaelle sollte dann, statistisch gesehen runtergehen.""}, {'id': 1863, 'label': 'Z.C5', 'text': 'Die aussage ist falsch, Menschen lieben es nicht selber Entscheidungen zu erabeiten, zur diese zu treffen, wir haben Algorithmen die uns sagen was fuer Buecher wir gerne lesen wuerden, wir moegen nur die Entscheidung treffen aus der erarbeiteten Auswahl'}, {'id': 1877, 'label': 'Z.C5-3', 'text': 'viele neue technologien werden zunaechst von der gesellschaft angelehnt, etablieren sich jedoch mit dem wandel der gesellschaft ueber laengere zeit'}, {'id': 1878, 'label': 'Z.C5-3', 'text': 'die gesellschaft akzeptiert neue technologien mit dem wandel der zeit'}, {'id': 1879, 'label': 'Z.C6-3-1', 'text': 'da kein eingreifen der menschen moeglich ist, muesste der programmierer der KI rechtlich fuer das handeln des KIs sein'}, {'id': 1880, 'label': 'Z.C6-3-1', 'text': 'da die menschen nicht eingreifen koennen muss der hersteller der KI verantwortung fuer das handeln der KI tragen'}, {'id': 1922, 'label': 'Z.C5', 'text': 'Es wird alles akzeptiert, wenn es funktioniert '}, {'id': 1923, 'label': 'Z.C5-3', 'text': 'Wenn das autonome Fahren ohne Unfall funktioniert, wird es auch von der Gesellschaft akzeptiert'}, {'id': 1930, 'label': 'Z.C5-2', 'text': 'Dafuer muss mehr Akzeptanz in der Gesellschaft geschaffen werden'}, {'id': 1978, 'label': 'Z.C5-1-1-1-1', 'text': 'Vollstaendig autonomes fahren ist zwar eine gute Idee auf dem Papier aber dabei fehlt eher die moeglichkeit einzugreifen'}]"
430,3481,2,"Wenn der Hersteller der KI verantwortlich waere, waere der Verkauf kein rentables Geschaeftsmodell. Als Nutzer einer solchen KI moechte ich jedoch auch darauf vertrauen, nicht selbst fuer Fehler haften zu muessen.",['Z.C11'],AUTOAI,"[['Greeting_Message'], ['Z.C11'], ['intro_28', 'Z.C11', 'intro_2', 'Z.C11-1']]","[1870, 1887, 1891, 1902, 1903, 1957, 1958, 1960, 1961, 1962, 2070, 2219, 2306, 2307, 2333, 2402, 2452, 2520, 2521, 2526, 2632, 2633, 2708, 2709, 8277, 8278, 8279, 8280, 8281, 8282, 8283, 8284, 8285, 8286, 8287, 8288, 8289, 8290, 8291, 8292, 8293, 8294, 8295, 8296, 8297, 8298, 8299, 8300, 8301, 8302, 8303]",370,9138,95.95097395491354,51,51,0.13225674788379976,"[{'id': 1870, 'label': 'Z.C11', 'text': 'Firma oder Fahrer falls gefaehrliche Befehle gegeben'}, {'id': 1887, 'label': 'Z.C11', 'text': 'Wer haftet bei einem Unfall?'}, {'id': 1889, 'label': 'Z.C12', 'text': '2. Argument: Keiner kann mehr Auto fahren'}, {'id': 1890, 'label': 'Z.C12', 'text': '2. Argument: Es lernt keiner mehr Auto zu fahren.'}, {'id': 1891, 'label': 'Z.C11', 'text': '3. Argument: Die Rechtslage ist unklar bei Unfaellen.'}, {'id': 1902, 'label': 'Z.C11', 'text': 'Jeder Mensch sollte trotzdem eine Fahrausbildung Besitzen und im Falle eines Unfalles haften '}, {'id': 1903, 'label': 'Z.C11', 'text': 'Der mensch sollte trotzdem haften '}, {'id': 1913, 'label': 'Z.C10-1', 'text': 'Wenn auto kis zugelassen werden, gibt es ja einen rechtsrahmen'}, {'id': 1914, 'label': 'Z.C10-1', 'text': 'Eine zulassung ist ein rechtsrahmen'}, {'id': 1924, 'label': 'Z.C10-1', 'text': 'Dann muss dieser Gesetztesrahmen kommen '}]"
431,3483,2,"Aber in solchen Faellen sollte nicht situationunabhaengig entschieden werden, die Dilemmasituationen sind ja sehr individuell.",['Z.C6-2'],AUTOAI,"[['Greeting_Message'], ['Z.C11'], ['intro_28', 'Z.C11', 'intro_2', 'Z.C11-1'], ['Z.C11'], ['NoneOfTheAbove'], ['Z.C6'], ['intro_24', 'Z.C6', 'intro_3', 'Z.C6-2']]","[2630, 2635, 7636, 7637, 7638, 7639, 7640, 7641, 7642, 7643, 7644, 7645, 7646, 7647, 7648, 7649, 7650, 7651, 7652, 7653, 7654, 7655, 7656, 7657, 7658, 7659, 7660, 7661, 7662]",442,9138,95.163055373167,29,29,0.06243729877424984,"[{'id': 1858, 'label': 'Z.C5-3', 'text': ""Solange die Ki signifikant besser Auto fahren kann als die durchschnittliche Person, kann gerechtfertigt werden dass KI's zugelassen werden. Die absolute Zahl der unfaelle sollte dann, statistisch gesehen runtergehen.""}, {'id': 1863, 'label': 'Z.C5', 'text': 'Die aussage ist falsch, Menschen lieben es nicht selber Entscheidungen zu erabeiten, zur diese zu treffen, wir haben Algorithmen die uns sagen was fuer Buecher wir gerne lesen wuerden, wir moegen nur die Entscheidung treffen aus der erarbeiteten Auswahl'}, {'id': 1877, 'label': 'Z.C5-3', 'text': 'viele neue technologien werden zunaechst von der gesellschaft angelehnt, etablieren sich jedoch mit dem wandel der gesellschaft ueber laengere zeit'}, {'id': 1878, 'label': 'Z.C5-3', 'text': 'die gesellschaft akzeptiert neue technologien mit dem wandel der zeit'}, {'id': 1879, 'label': 'Z.C6-3-1', 'text': 'da kein eingreifen der menschen moeglich ist, muesste der programmierer der KI rechtlich fuer das handeln des KIs sein'}, {'id': 1880, 'label': 'Z.C6-3-1', 'text': 'da die menschen nicht eingreifen koennen muss der hersteller der KI verantwortung fuer das handeln der KI tragen'}, {'id': 1922, 'label': 'Z.C5', 'text': 'Es wird alles akzeptiert, wenn es funktioniert '}, {'id': 1923, 'label': 'Z.C5-3', 'text': 'Wenn das autonome Fahren ohne Unfall funktioniert, wird es auch von der Gesellschaft akzeptiert'}, {'id': 1930, 'label': 'Z.C5-2', 'text': 'Dafuer muss mehr Akzeptanz in der Gesellschaft geschaffen werden'}, {'id': 1978, 'label': 'Z.C5-1-1-1-1', 'text': 'Vollstaendig autonomes fahren ist zwar eine gute Idee auf dem Papier aber dabei fehlt eher die moeglichkeit einzugreifen'}]"
432,3484,2,"Wenn man die selbe Anzahl an Opfern in jedem Fall haette, wie wuerde die KI dann entscheiden?",['Z.C6'],AUTOAI,"[['Greeting_Message'], ['Z.C11'], ['intro_28', 'Z.C11', 'intro_2', 'Z.C11-1'], ['Z.C11'], ['NoneOfTheAbove'], ['Z.C6'], ['intro_24', 'Z.C6', 'intro_3', 'Z.C6-2'], ['Z.C6-2'], ['intro_26', 'Z.C6', 'intro_3', 'Z.C6-3']]","[2100, 2101, 2151, 2152, 2344, 2345, 2502, 2506, 2525, 2634, 2636, 2637, 2705, 2707, 2712, 2724, 2749, 7609, 7610, 7611, 7612, 7613, 7614, 7615, 7616, 7617, 7618, 7619, 7620, 7621, 7622, 7623, 7624, 7625, 7626, 7627, 7628, 7629, 7630, 7631, 7632, 7633, 7634, 7635]",442,9138,95.163055373167,44,44,0.09473245331265492,"[{'id': 1858, 'label': 'Z.C5-3', 'text': ""Solange die Ki signifikant besser Auto fahren kann als die durchschnittliche Person, kann gerechtfertigt werden dass KI's zugelassen werden. Die absolute Zahl der unfaelle sollte dann, statistisch gesehen runtergehen.""}, {'id': 1863, 'label': 'Z.C5', 'text': 'Die aussage ist falsch, Menschen lieben es nicht selber Entscheidungen zu erabeiten, zur diese zu treffen, wir haben Algorithmen die uns sagen was fuer Buecher wir gerne lesen wuerden, wir moegen nur die Entscheidung treffen aus der erarbeiteten Auswahl'}, {'id': 1877, 'label': 'Z.C5-3', 'text': 'viele neue technologien werden zunaechst von der gesellschaft angelehnt, etablieren sich jedoch mit dem wandel der gesellschaft ueber laengere zeit'}, {'id': 1878, 'label': 'Z.C5-3', 'text': 'die gesellschaft akzeptiert neue technologien mit dem wandel der zeit'}, {'id': 1879, 'label': 'Z.C6-3-1', 'text': 'da kein eingreifen der menschen moeglich ist, muesste der programmierer der KI rechtlich fuer das handeln des KIs sein'}, {'id': 1880, 'label': 'Z.C6-3-1', 'text': 'da die menschen nicht eingreifen koennen muss der hersteller der KI verantwortung fuer das handeln der KI tragen'}, {'id': 1922, 'label': 'Z.C5', 'text': 'Es wird alles akzeptiert, wenn es funktioniert '}, {'id': 1923, 'label': 'Z.C5-3', 'text': 'Wenn das autonome Fahren ohne Unfall funktioniert, wird es auch von der Gesellschaft akzeptiert'}, {'id': 1930, 'label': 'Z.C5-2', 'text': 'Dafuer muss mehr Akzeptanz in der Gesellschaft geschaffen werden'}, {'id': 1978, 'label': 'Z.C5-1-1-1-1', 'text': 'Vollstaendig autonomes fahren ist zwar eine gute Idee auf dem Papier aber dabei fehlt eher die moeglichkeit einzugreifen'}]"
433,3485,2,"Das mag vielleicht stimmen, aber nach welchen Kriterien genau wird die Situation bewertet?",['Z.C6'],AUTOAI,"[['Greeting_Message'], ['Z.C11'], ['intro_28', 'Z.C11', 'intro_2', 'Z.C11-1'], ['Z.C11'], ['NoneOfTheAbove'], ['Z.C6'], ['intro_24', 'Z.C6', 'intro_3', 'Z.C6-2'], ['Z.C6-2'], ['intro_26', 'Z.C6', 'intro_3', 'Z.C6-3'], ['Z.C6'], ['intro_25', 'Z.C6', 'intro_2', 'Z.P9']]","[2100, 2101, 2151, 2152, 2344, 2345, 2502, 2506, 2525, 2634, 2636, 2637, 2705, 2707, 2712, 2724, 2749, 7609, 7610, 7611, 7612, 7613, 7614, 7615, 7616, 7617, 7618, 7619, 7620, 7621, 7622, 7623, 7624, 7625, 7626, 7627, 7628, 7629, 7630, 7631, 7632, 7633, 7634, 7635]",2261,9138,75.25716787043116,44,44,0.0146453577456832,"[{'id': 2, 'label': 'Z.P3', 'text': 'Das Wissen einer KI kann eine deutlich hoehere Menge erreichen, als das Wissen eines Menschen. '}, {'id': 3, 'label': 'Z.P3', 'text': 'Eine KI kann mehr Wissen als ein Mensch'}, {'id': 8, 'label': 'Z.P1', 'text': 'Der Trend geht ohnehin weg von kleinen Landarztpraxen und hin zu medizinischen Versorgungszentren'}, {'id': 24, 'label': 'Z.P1', 'text': 'Aerzte sind doch auch Rund um die Uhr erreichbar?! Dafuer werden Sie auch dementsprechend bezahlt. Auf dem Land natuerlich nicht, aber eine KI koennte auch nicht ohne Beaufsichtigung das Krankenhaus leiten'}, {'id': 85, 'label': 'Z.P2', 'text': 'KI sind objektiv '}, {'id': 86, 'label': 'Z.P2', 'text': 'KI sind nicht bestechbar'}, {'id': 100, 'label': 'Z.P1', 'text': 'Mit medKI gibt es immerhin genug Aerztinnen, die jetzt fehlen?'}, {'id': 103, 'label': 'Z.P1-1', 'text': 'Personal wird dann trotzdem benoetigt '}, {'id': 137, 'label': 'Z.P1', 'text': 'In vielen Medizinischen Bereichen herrscht ein grosser Personalmangel. Gerade bei einfachen Diagnosen kann es dann sinnvoll sein, dass diese eine KI uebernimmt'}, {'id': 138, 'label': 'Z.P1', 'text': 'Das ist zwar nicht ganz das was ich meinte aber auch ein guter Punkt. Ich wollte eher auf die Entlastung des Personals abzielen und eine Verschnoerkelung des diagnostischen Prozesses, sowie verkuerzte Wartezeiten.'}]"
434,3488,2,"Aber an mehr Autis ist nicht nur der Stau problematisch, vorrangig aber der Einfluss auf die Klimaerwaermung.",['Z.P12-1'],AUTOAI,"[['Greeting_Message'], ['Z.C11'], ['intro_28', 'Z.C11', 'intro_2', 'Z.C11-1'], ['Z.C11'], ['NoneOfTheAbove'], ['Z.C6'], ['intro_24', 'Z.C6', 'intro_3', 'Z.C6-2'], ['Z.C6-2'], ['intro_26', 'Z.C6', 'intro_3', 'Z.C6-3'], ['Z.C6'], ['intro_25', 'Z.C6', 'intro_2', 'Z.P9'], ['Z.C6'], ['intro_23', 'Z.C6', 'intro_6', 'z_trans_1', 'Z.C5-2'], ['CONSENT'], ['OTHER'], ['CON_ZARG'], ['Z.P12-1']]","[2155, 2156, 2454, 2538, 2638, 6748, 6749, 6750, 6751, 6752, 6753, 6754, 6755, 6756, 6757, 6758, 6759, 6760, 6761, 6762, 6763, 6764, 6765, 6766, 6767, 6768, 6769, 6770, 6771, 6772, 6773, 6774]",1819,9138,80.09411249726416,32,32,0.014090223199078909,"[{'id': 2, 'label': 'Z.P3', 'text': 'Das Wissen einer KI kann eine deutlich hoehere Menge erreichen, als das Wissen eines Menschen. '}, {'id': 3, 'label': 'Z.P3', 'text': 'Eine KI kann mehr Wissen als ein Mensch'}, {'id': 8, 'label': 'Z.P1', 'text': 'Der Trend geht ohnehin weg von kleinen Landarztpraxen und hin zu medizinischen Versorgungszentren'}, {'id': 24, 'label': 'Z.P1', 'text': 'Aerzte sind doch auch Rund um die Uhr erreichbar?! Dafuer werden Sie auch dementsprechend bezahlt. Auf dem Land natuerlich nicht, aber eine KI koennte auch nicht ohne Beaufsichtigung das Krankenhaus leiten'}, {'id': 85, 'label': 'Z.P2', 'text': 'KI sind objektiv '}, {'id': 86, 'label': 'Z.P2', 'text': 'KI sind nicht bestechbar'}, {'id': 100, 'label': 'Z.P1', 'text': 'Mit medKI gibt es immerhin genug Aerztinnen, die jetzt fehlen?'}, {'id': 103, 'label': 'Z.P1-1', 'text': 'Personal wird dann trotzdem benoetigt '}, {'id': 137, 'label': 'Z.P1', 'text': 'In vielen Medizinischen Bereichen herrscht ein grosser Personalmangel. Gerade bei einfachen Diagnosen kann es dann sinnvoll sein, dass diese eine KI uebernimmt'}, {'id': 138, 'label': 'Z.P1', 'text': 'Das ist zwar nicht ganz das was ich meinte aber auch ein guter Punkt. Ich wollte eher auf die Entlastung des Personals abzielen und eine Verschnoerkelung des diagnostischen Prozesses, sowie verkuerzte Wartezeiten.'}]"
435,3493,1,"Wenn das so ist, klingt eine AutoKI nicht mehr so gut. Um sie zuzulassen muesste die erkennungsquote bei 100% liegen",['Z.P11-1'],AUTOAI,"[['Greeting_Message'], ['Z.P11'], ['intro_25', 'Z.P11', 'intro_2', 'Z.P11-1']]","[2233, 2234, 2461, 2467, 2623, 2624, 2640, 7771, 7772, 7773, 7774, 7775, 7776, 7777, 7778, 7779, 7780, 7781, 7782, 7783, 7784, 7785, 7786, 7787, 7788, 7789, 7790, 7791, 7792, 7793, 7794, 7795, 7796, 7797]",1819,9138,80.09411249726416,34,34,0.014970862149021338,"[{'id': 2, 'label': 'Z.P3', 'text': 'Das Wissen einer KI kann eine deutlich hoehere Menge erreichen, als das Wissen eines Menschen. '}, {'id': 3, 'label': 'Z.P3', 'text': 'Eine KI kann mehr Wissen als ein Mensch'}, {'id': 8, 'label': 'Z.P1', 'text': 'Der Trend geht ohnehin weg von kleinen Landarztpraxen und hin zu medizinischen Versorgungszentren'}, {'id': 24, 'label': 'Z.P1', 'text': 'Aerzte sind doch auch Rund um die Uhr erreichbar?! Dafuer werden Sie auch dementsprechend bezahlt. Auf dem Land natuerlich nicht, aber eine KI koennte auch nicht ohne Beaufsichtigung das Krankenhaus leiten'}, {'id': 85, 'label': 'Z.P2', 'text': 'KI sind objektiv '}, {'id': 86, 'label': 'Z.P2', 'text': 'KI sind nicht bestechbar'}, {'id': 100, 'label': 'Z.P1', 'text': 'Mit medKI gibt es immerhin genug Aerztinnen, die jetzt fehlen?'}, {'id': 103, 'label': 'Z.P1-1', 'text': 'Personal wird dann trotzdem benoetigt '}, {'id': 137, 'label': 'Z.P1', 'text': 'In vielen Medizinischen Bereichen herrscht ein grosser Personalmangel. Gerade bei einfachen Diagnosen kann es dann sinnvoll sein, dass diese eine KI uebernimmt'}, {'id': 138, 'label': 'Z.P1', 'text': 'Das ist zwar nicht ganz das was ich meinte aber auch ein guter Punkt. Ich wollte eher auf die Entlastung des Personals abzielen und eine Verschnoerkelung des diagnostischen Prozesses, sowie verkuerzte Wartezeiten.'}]"
436,3497,1,ute Technik fuehrt zu weniger unfaellen,['Z.P11'],AUTOAI,"[['Greeting_Message'], ['Z.P11'], ['intro_27', 'Z.P11', 'intro_1', 'Z.P11-1'], ['OTHER'], ['OTHER', 'Z.P9']]","[1859, 1873, 1874, 1898, 1899, 1926, 1927, 1948, 1949, 1979, 1980, 1987, 1988, 1994, 2076, 2077, 2122, 2127, 2131, 2138, 2139, 2172, 2173, 2176, 2177, 2183, 2184, 2215, 2223, 2231, 2232, 2237, 2238, 2253, 2254, 2273, 2277, 2300, 2301, 2311, 2312, 2313, 2322, 2329, 2360, 2361, 2387, 2388, 2414, 2415, 2428, 2429, 2439, 2447, 2463, 2468, 2484, 2508, 2515, 2533, 2550, 2553, 2573, 2576, 2588, 2590, 2600, 2615, 2618, 2639, 2642, 2647, 2662, 2666, 2668, 2674, 2693, 2694, 2714, 2716, 2730, 2735, 2744, 2757, 2762, 2778, 2788, 2790, 7744, 7745, 7746, 7747, 7748, 7749, 7750, 7751, 7752, 7753, 7754, 7755, 7756, 7757, 7758, 7759, 7760, 7761, 7762, 7763, 7764, 7765, 7766, 7767, 7768, 7769, 7770]",1819,9138,80.09411249726416,115,115,0.05063673962168983,"[{'id': 2, 'label': 'Z.P3', 'text': 'Das Wissen einer KI kann eine deutlich hoehere Menge erreichen, als das Wissen eines Menschen. '}, {'id': 3, 'label': 'Z.P3', 'text': 'Eine KI kann mehr Wissen als ein Mensch'}, {'id': 8, 'label': 'Z.P1', 'text': 'Der Trend geht ohnehin weg von kleinen Landarztpraxen und hin zu medizinischen Versorgungszentren'}, {'id': 24, 'label': 'Z.P1', 'text': 'Aerzte sind doch auch Rund um die Uhr erreichbar?! Dafuer werden Sie auch dementsprechend bezahlt. Auf dem Land natuerlich nicht, aber eine KI koennte auch nicht ohne Beaufsichtigung das Krankenhaus leiten'}, {'id': 85, 'label': 'Z.P2', 'text': 'KI sind objektiv '}, {'id': 86, 'label': 'Z.P2', 'text': 'KI sind nicht bestechbar'}, {'id': 100, 'label': 'Z.P1', 'text': 'Mit medKI gibt es immerhin genug Aerztinnen, die jetzt fehlen?'}, {'id': 103, 'label': 'Z.P1-1', 'text': 'Personal wird dann trotzdem benoetigt '}, {'id': 137, 'label': 'Z.P1', 'text': 'In vielen Medizinischen Bereichen herrscht ein grosser Personalmangel. Gerade bei einfachen Diagnosen kann es dann sinnvoll sein, dass diese eine KI uebernimmt'}, {'id': 138, 'label': 'Z.P1', 'text': 'Das ist zwar nicht ganz das was ich meinte aber auch ein guter Punkt. Ich wollte eher auf die Entlastung des Personals abzielen und eine Verschnoerkelung des diagnostischen Prozesses, sowie verkuerzte Wartezeiten.'}]"
437,3498,1,eaktionszeit ist kuenstlich besser als die menschliche,['Z.P8'],AUTOAI,"[['Greeting_Message'], ['Z.P11'], ['intro_27', 'Z.P11', 'intro_1', 'Z.P11-1'], ['OTHER'], ['OTHER', 'Z.P9'], ['Z.P11'], ['intro_23', 'Z.P11', 'intro_4', 'z_trans_16', 'Z.P8-1']]","[1867, 1920, 2182, 2214, 2328, 2330, 2341, 2342, 2362, 2392, 2475, 2493, 2501, 2507, 2552, 2558, 2575, 2643, 2717, 2736, 2743, 2758, 2789, 7399, 7400, 7401, 7402, 7403, 7404, 7405, 7406, 7407, 7408, 7409, 7410, 7411, 7412, 7413, 7414, 7415, 7416, 7417, 7418, 7419, 7420, 7421, 7422, 7423, 7424, 7425]",1819,9138,80.09411249726416,50,50,0.022015973748560794,"[{'id': 2, 'label': 'Z.P3', 'text': 'Das Wissen einer KI kann eine deutlich hoehere Menge erreichen, als das Wissen eines Menschen. '}, {'id': 3, 'label': 'Z.P3', 'text': 'Eine KI kann mehr Wissen als ein Mensch'}, {'id': 8, 'label': 'Z.P1', 'text': 'Der Trend geht ohnehin weg von kleinen Landarztpraxen und hin zu medizinischen Versorgungszentren'}, {'id': 24, 'label': 'Z.P1', 'text': 'Aerzte sind doch auch Rund um die Uhr erreichbar?! Dafuer werden Sie auch dementsprechend bezahlt. Auf dem Land natuerlich nicht, aber eine KI koennte auch nicht ohne Beaufsichtigung das Krankenhaus leiten'}, {'id': 85, 'label': 'Z.P2', 'text': 'KI sind objektiv '}, {'id': 86, 'label': 'Z.P2', 'text': 'KI sind nicht bestechbar'}, {'id': 100, 'label': 'Z.P1', 'text': 'Mit medKI gibt es immerhin genug Aerztinnen, die jetzt fehlen?'}, {'id': 103, 'label': 'Z.P1-1', 'text': 'Personal wird dann trotzdem benoetigt '}, {'id': 137, 'label': 'Z.P1', 'text': 'In vielen Medizinischen Bereichen herrscht ein grosser Personalmangel. Gerade bei einfachen Diagnosen kann es dann sinnvoll sein, dass diese eine KI uebernimmt'}, {'id': 138, 'label': 'Z.P1', 'text': 'Das ist zwar nicht ganz das was ich meinte aber auch ein guter Punkt. Ich wollte eher auf die Entlastung des Personals abzielen und eine Verschnoerkelung des diagnostischen Prozesses, sowie verkuerzte Wartezeiten.'}]"
438,3499,1,an kann schlafen waerhend man reist,['Z.P2'],AUTOAI,"[['Greeting_Message'], ['Z.P11'], ['intro_27', 'Z.P11', 'intro_1', 'Z.P11-1'], ['OTHER'], ['OTHER', 'Z.P9'], ['Z.P11'], ['intro_23', 'Z.P11', 'intro_4', 'z_trans_16', 'Z.P8-1'], ['Z.P8'], ['intro_27', 'Z.P8-1-1', 'intro_4', 'z_trans_16', 'Z.P2-1']]","[1886, 2124, 2221, 2225, 2272, 2315, 2435, 2436, 2469, 2488, 2495, 2518, 2537, 2578, 2626, 2627, 2644, 6405, 6406, 6407, 6408, 6409, 6410, 6411, 6412, 6413, 6414, 6415, 6416, 6417, 6418, 6419, 6420, 6421, 6422, 6423, 6424, 6425, 6426, 6427, 6428, 6429, 6430, 6431]",1819,9138,80.09411249726416,44,44,0.019374056898733498,"[{'id': 2, 'label': 'Z.P3', 'text': 'Das Wissen einer KI kann eine deutlich hoehere Menge erreichen, als das Wissen eines Menschen. '}, {'id': 3, 'label': 'Z.P3', 'text': 'Eine KI kann mehr Wissen als ein Mensch'}, {'id': 8, 'label': 'Z.P1', 'text': 'Der Trend geht ohnehin weg von kleinen Landarztpraxen und hin zu medizinischen Versorgungszentren'}, {'id': 24, 'label': 'Z.P1', 'text': 'Aerzte sind doch auch Rund um die Uhr erreichbar?! Dafuer werden Sie auch dementsprechend bezahlt. Auf dem Land natuerlich nicht, aber eine KI koennte auch nicht ohne Beaufsichtigung das Krankenhaus leiten'}, {'id': 85, 'label': 'Z.P2', 'text': 'KI sind objektiv '}, {'id': 86, 'label': 'Z.P2', 'text': 'KI sind nicht bestechbar'}, {'id': 100, 'label': 'Z.P1', 'text': 'Mit medKI gibt es immerhin genug Aerztinnen, die jetzt fehlen?'}, {'id': 103, 'label': 'Z.P1-1', 'text': 'Personal wird dann trotzdem benoetigt '}, {'id': 137, 'label': 'Z.P1', 'text': 'In vielen Medizinischen Bereichen herrscht ein grosser Personalmangel. Gerade bei einfachen Diagnosen kann es dann sinnvoll sein, dass diese eine KI uebernimmt'}, {'id': 138, 'label': 'Z.P1', 'text': 'Das ist zwar nicht ganz das was ich meinte aber auch ein guter Punkt. Ich wollte eher auf die Entlastung des Personals abzielen und eine Verschnoerkelung des diagnostischen Prozesses, sowie verkuerzte Wartezeiten.'}]"
439,3502,1,utos fahren energieeffizienter,['Z.P12'],AUTOAI,"[['Greeting_Message'], ['Z.P11'], ['intro_27', 'Z.P11', 'intro_1', 'Z.P11-1'], ['OTHER'], ['OTHER', 'Z.P9'], ['Z.P11'], ['intro_23', 'Z.P11', 'intro_4', 'z_trans_16', 'Z.P8-1'], ['Z.P8'], ['intro_27', 'Z.P8-1-1', 'intro_4', 'z_trans_16', 'Z.P2-1'], ['Z.P2'], ['intro_26', 'Z.P2', 'intro_4', 'z_trans_1', 'Z.P1-1'], ['Z.P6'], ['intro_24', 'Z.P6', 'intro_2', 'Z.P6-1'], ['OTHER'], ['Z.P3']]","[1864, 1881, 1888, 1904, 1993, 2084, 2121, 2126, 2163, 2181, 2186, 2220, 2228, 2229, 2230, 2245, 2260, 2274, 2275, 2278, 2349, 2350, 2367, 2395, 2433, 2438, 2445, 2473, 2494, 2496, 2549, 2560, 2616, 2617, 2619, 2646, 2649, 2671, 2715, 2718, 2721, 2737, 6722, 6723, 6724, 6725, 6726, 6727, 6728, 6729, 6730, 6731, 6732, 6733, 6734, 6735, 6736, 6737, 6738, 6739, 6740, 6741, 6742, 6743, 6744, 6745, 6746, 6747]",1819,9138,80.09411249726416,68,68,0.029941724298042677,"[{'id': 2, 'label': 'Z.P3', 'text': 'Das Wissen einer KI kann eine deutlich hoehere Menge erreichen, als das Wissen eines Menschen. '}, {'id': 3, 'label': 'Z.P3', 'text': 'Eine KI kann mehr Wissen als ein Mensch'}, {'id': 8, 'label': 'Z.P1', 'text': 'Der Trend geht ohnehin weg von kleinen Landarztpraxen und hin zu medizinischen Versorgungszentren'}, {'id': 24, 'label': 'Z.P1', 'text': 'Aerzte sind doch auch Rund um die Uhr erreichbar?! Dafuer werden Sie auch dementsprechend bezahlt. Auf dem Land natuerlich nicht, aber eine KI koennte auch nicht ohne Beaufsichtigung das Krankenhaus leiten'}, {'id': 85, 'label': 'Z.P2', 'text': 'KI sind objektiv '}, {'id': 86, 'label': 'Z.P2', 'text': 'KI sind nicht bestechbar'}, {'id': 100, 'label': 'Z.P1', 'text': 'Mit medKI gibt es immerhin genug Aerztinnen, die jetzt fehlen?'}, {'id': 103, 'label': 'Z.P1-1', 'text': 'Personal wird dann trotzdem benoetigt '}, {'id': 137, 'label': 'Z.P1', 'text': 'In vielen Medizinischen Bereichen herrscht ein grosser Personalmangel. Gerade bei einfachen Diagnosen kann es dann sinnvoll sein, dass diese eine KI uebernimmt'}, {'id': 138, 'label': 'Z.P1', 'text': 'Das ist zwar nicht ganz das was ich meinte aber auch ein guter Punkt. Ich wollte eher auf die Entlastung des Personals abzielen und eine Verschnoerkelung des diagnostischen Prozesses, sowie verkuerzte Wartezeiten.'}]"
440,3507,1,Aber wir schauen auf die lange Zukunft und Weiterentwicklung ist unausweichlich ,['Z.P10-2-1'],AUTOAI,"[['Greeting_Message'], ['Z.P11'], ['intro_27', 'Z.P8', 'intro_2', 'Z.P8-1'], ['Z.C13-1'], ['NoneOfTheAbove'], ['Z.P12'], ['Z.P12'], ['Z.P10'], ['intro_24', 'Z.P10', 'intro_3', 'Z.P10-2']]","[2491, 2651, 7935, 7936, 7937, 7938, 7939, 7940, 7941, 7942, 7943, 7944, 7945, 7946, 7947, 7948, 7949, 7950, 7951, 7952, 7953, 7954, 7955, 7956, 7957, 7958, 7959, 7960, 7961]",192,9138,97.8988837820092,29,29,0.14786810571240971,"[{'id': 1882, 'label': 'Z.P10-1', 'text': 'durch die modernisierung des arbeitsmarkts durch KIs werden viele arbeitsplaetze verschwinden '}, {'id': 1885, 'label': 'Z.P10-2', 'text': 'Die Technologie ist bestimmt sehr teuer.'}, {'id': 1897, 'label': 'Z.P10-1-1', 'text': 'Dann kann man das Personal umschulen'}, {'id': 1973, 'label': 'Z.P10-1-1', 'text': 'Ich denke das wird akzeptiert, es bleiben ja noch viele andere Aufgaben bei denen Menschen mehr gebraucht werden'}, {'id': 1984, 'label': 'Z.P10-1', 'text': 'K.I. als fahrer mit rechten udn Pflichten ermoeglichen leider auch unterbezqhlte Arbeiter anderer Felder zu ersetzen'}, {'id': 1995, 'label': 'Z.P10', 'text': 'Ermoeglicht guenstigere fahrtickets, da keine Arbeitskraefte mehr benoetigt werden'}, {'id': 1996, 'label': 'Z.P10', 'text': 'Es werden keine Fahrer mehr benoetigt, was wiederum bedeutet, dass man in dem Bereich Geld einsparrt'}, {'id': 2085, 'label': 'Z.P10-1-1', 'text': 'In Deutschland gibt es viele freie Arbeitsstellen. Umschulungen sind notwendig, aber das ist machbar.'}, {'id': 2086, 'label': 'Z.P10-1-1', 'text': 'In Deutschland gibt es viele freie Arbeitsplaetze '}, {'id': 2132, 'label': 'Z.P10-1', 'text': 'Arbeitsplaetze fallen zwar insofern weg, dass man keine LKW-Fahrer mehr bezahlen muss,'}]"
441,3509,1,"Das wuerde eine Minderheit betreffen, die Profite aus mehr Zeit werden die Kosten viel mehr uebersteigen ",['Z.P1'],AUTOAI,"[['Greeting_Message'], ['Z.P11'], ['intro_27', 'Z.P8', 'intro_2', 'Z.P8-1'], ['Z.C13-1'], ['NoneOfTheAbove'], ['Z.P12'], ['Z.P12'], ['Z.P10'], ['intro_24', 'Z.P10', 'intro_3', 'Z.P10-2'], ['Z.P10-2-1'], ['NoneOfTheAbove'], ['Z.P1'], ['intro_28', 'Z.P1', 'intro_2', 'Z.P1-1']]","[1951, 1952, 1991, 1992, 2226, 2271, 2318, 2338, 2339, 2465, 2479, 2489, 2556, 2603, 2652, 2653, 2669, 2720, 2732, 2777, 6352, 6353, 6354, 6355, 6356, 6357, 6358, 6359, 6360, 6361, 6362, 6363, 6364, 6365, 6366, 6367, 6368, 6369, 6370, 6371, 6372, 6373, 6374, 6375, 6376, 6377]",1819,9138,80.09411249726416,46,46,0.02025469584867593,"[{'id': 2, 'label': 'Z.P3', 'text': 'Das Wissen einer KI kann eine deutlich hoehere Menge erreichen, als das Wissen eines Menschen. '}, {'id': 3, 'label': 'Z.P3', 'text': 'Eine KI kann mehr Wissen als ein Mensch'}, {'id': 8, 'label': 'Z.P1', 'text': 'Der Trend geht ohnehin weg von kleinen Landarztpraxen und hin zu medizinischen Versorgungszentren'}, {'id': 24, 'label': 'Z.P1', 'text': 'Aerzte sind doch auch Rund um die Uhr erreichbar?! Dafuer werden Sie auch dementsprechend bezahlt. Auf dem Land natuerlich nicht, aber eine KI koennte auch nicht ohne Beaufsichtigung das Krankenhaus leiten'}, {'id': 85, 'label': 'Z.P2', 'text': 'KI sind objektiv '}, {'id': 86, 'label': 'Z.P2', 'text': 'KI sind nicht bestechbar'}, {'id': 100, 'label': 'Z.P1', 'text': 'Mit medKI gibt es immerhin genug Aerztinnen, die jetzt fehlen?'}, {'id': 103, 'label': 'Z.P1-1', 'text': 'Personal wird dann trotzdem benoetigt '}, {'id': 137, 'label': 'Z.P1', 'text': 'In vielen Medizinischen Bereichen herrscht ein grosser Personalmangel. Gerade bei einfachen Diagnosen kann es dann sinnvoll sein, dass diese eine KI uebernimmt'}, {'id': 138, 'label': 'Z.P1', 'text': 'Das ist zwar nicht ganz das was ich meinte aber auch ein guter Punkt. Ich wollte eher auf die Entlastung des Personals abzielen und eine Verschnoerkelung des diagnostischen Prozesses, sowie verkuerzte Wartezeiten.'}]"
442,3520,1,"Man koennte die Strassenschilder auf lange Sicht zu elektronischen Signalen aendern. Dass sich das Auto also automatisch damit verbindet. Oder man koennte eine aehnliche Plattform wie Google Maps nutzen, auf der Verkehrsinformationen hinterlegt werden",['Z.P11-1-1'],AUTOAI,"[['Greeting_Message'], ['Z.P11'], ['intro_32', 'Z.P11', 'intro_3', 'Z.P11-1']]","[2365, 2478, 2574, 2601, 2663, 2667, 2729, 2763, 7798, 7799, 7800, 7801, 7802, 7803, 7804, 7805, 7806, 7807, 7808, 7809, 7810, 7811, 7812, 7813, 7814, 7815, 7816, 7817, 7818, 7819, 7820, 7821, 7822, 7823, 7824, 7825]",1819,9138,80.09411249726416,36,36,0.01585150109896377,"[{'id': 2, 'label': 'Z.P3', 'text': 'Das Wissen einer KI kann eine deutlich hoehere Menge erreichen, als das Wissen eines Menschen. '}, {'id': 3, 'label': 'Z.P3', 'text': 'Eine KI kann mehr Wissen als ein Mensch'}, {'id': 8, 'label': 'Z.P1', 'text': 'Der Trend geht ohnehin weg von kleinen Landarztpraxen und hin zu medizinischen Versorgungszentren'}, {'id': 24, 'label': 'Z.P1', 'text': 'Aerzte sind doch auch Rund um die Uhr erreichbar?! Dafuer werden Sie auch dementsprechend bezahlt. Auf dem Land natuerlich nicht, aber eine KI koennte auch nicht ohne Beaufsichtigung das Krankenhaus leiten'}, {'id': 85, 'label': 'Z.P2', 'text': 'KI sind objektiv '}, {'id': 86, 'label': 'Z.P2', 'text': 'KI sind nicht bestechbar'}, {'id': 100, 'label': 'Z.P1', 'text': 'Mit medKI gibt es immerhin genug Aerztinnen, die jetzt fehlen?'}, {'id': 103, 'label': 'Z.P1-1', 'text': 'Personal wird dann trotzdem benoetigt '}, {'id': 137, 'label': 'Z.P1', 'text': 'In vielen Medizinischen Bereichen herrscht ein grosser Personalmangel. Gerade bei einfachen Diagnosen kann es dann sinnvoll sein, dass diese eine KI uebernimmt'}, {'id': 138, 'label': 'Z.P1', 'text': 'Das ist zwar nicht ganz das was ich meinte aber auch ein guter Punkt. Ich wollte eher auf die Entlastung des Personals abzielen und eine Verschnoerkelung des diagnostischen Prozesses, sowie verkuerzte Wartezeiten.'}]"
443,3522,1,Neuem ist man ja immer skeptisch gegenueber. In London gibt es schon selbstfahrende U Bahnen und die wurden auch akzeptiert,['Z.C5-1'],AUTOAI,"[['Greeting_Message'], ['Z.P11'], ['intro_32', 'Z.P11', 'intro_3', 'Z.P11-1'], ['Z.P11-1-1'], ['intro_26', 'Z.P11-1-1', 'intro_6', 'z_trans_1', 'Z.P8-1'], ['OTHER'], ['Z.C5-2']]","[1998, 2130, 2304, 2399, 2664, 7219, 7220, 7221, 7222, 7223, 7224, 7225, 7226, 7227, 7228, 7229, 7230, 7231, 7232, 7233, 7234, 7235, 7236, 7237, 7238, 7239, 7240, 7241, 7242, 7243, 7244, 7245]",442,9138,95.163055373167,32,32,0.06889632968193087,"[{'id': 1858, 'label': 'Z.C5-3', 'text': ""Solange die Ki signifikant besser Auto fahren kann als die durchschnittliche Person, kann gerechtfertigt werden dass KI's zugelassen werden. Die absolute Zahl der unfaelle sollte dann, statistisch gesehen runtergehen.""}, {'id': 1863, 'label': 'Z.C5', 'text': 'Die aussage ist falsch, Menschen lieben es nicht selber Entscheidungen zu erabeiten, zur diese zu treffen, wir haben Algorithmen die uns sagen was fuer Buecher wir gerne lesen wuerden, wir moegen nur die Entscheidung treffen aus der erarbeiteten Auswahl'}, {'id': 1877, 'label': 'Z.C5-3', 'text': 'viele neue technologien werden zunaechst von der gesellschaft angelehnt, etablieren sich jedoch mit dem wandel der gesellschaft ueber laengere zeit'}, {'id': 1878, 'label': 'Z.C5-3', 'text': 'die gesellschaft akzeptiert neue technologien mit dem wandel der zeit'}, {'id': 1879, 'label': 'Z.C6-3-1', 'text': 'da kein eingreifen der menschen moeglich ist, muesste der programmierer der KI rechtlich fuer das handeln des KIs sein'}, {'id': 1880, 'label': 'Z.C6-3-1', 'text': 'da die menschen nicht eingreifen koennen muss der hersteller der KI verantwortung fuer das handeln der KI tragen'}, {'id': 1922, 'label': 'Z.C5', 'text': 'Es wird alles akzeptiert, wenn es funktioniert '}, {'id': 1923, 'label': 'Z.C5-3', 'text': 'Wenn das autonome Fahren ohne Unfall funktioniert, wird es auch von der Gesellschaft akzeptiert'}, {'id': 1930, 'label': 'Z.C5-2', 'text': 'Dafuer muss mehr Akzeptanz in der Gesellschaft geschaffen werden'}, {'id': 1978, 'label': 'Z.C5-1-1-1-1', 'text': 'Vollstaendig autonomes fahren ist zwar eine gute Idee auf dem Papier aber dabei fehlt eher die moeglichkeit einzugreifen'}]"
444,3523,1,Das selber Fahren wuerde ja nicht automatisch verboten werden. Man kann es sich nur aussuchen,['Z.C5-1-1-1'],AUTOAI,"[['Greeting_Message'], ['Z.P11'], ['intro_32', 'Z.P11', 'intro_3', 'Z.P11-1'], ['Z.P11-1-1'], ['intro_26', 'Z.P11-1-1', 'intro_6', 'z_trans_1', 'Z.P8-1'], ['OTHER'], ['Z.C5-2'], ['Z.C5-1'], ['intro_25', 'Z.C5-1', 'intro_3', 'Z.C5-1-1']]","[2331, 2389, 2398, 2665, 2759, 7273, 7274, 7275, 7276, 7277, 7278, 7279, 7280, 7281, 7282, 7283, 7284, 7285, 7286, 7287, 7288, 7289, 7290, 7291, 7292, 7293, 7294, 7295, 7296, 7297, 7298, 7299]",442,9138,95.163055373167,32,32,0.06889632968193087,"[{'id': 1858, 'label': 'Z.C5-3', 'text': ""Solange die Ki signifikant besser Auto fahren kann als die durchschnittliche Person, kann gerechtfertigt werden dass KI's zugelassen werden. Die absolute Zahl der unfaelle sollte dann, statistisch gesehen runtergehen.""}, {'id': 1863, 'label': 'Z.C5', 'text': 'Die aussage ist falsch, Menschen lieben es nicht selber Entscheidungen zu erabeiten, zur diese zu treffen, wir haben Algorithmen die uns sagen was fuer Buecher wir gerne lesen wuerden, wir moegen nur die Entscheidung treffen aus der erarbeiteten Auswahl'}, {'id': 1877, 'label': 'Z.C5-3', 'text': 'viele neue technologien werden zunaechst von der gesellschaft angelehnt, etablieren sich jedoch mit dem wandel der gesellschaft ueber laengere zeit'}, {'id': 1878, 'label': 'Z.C5-3', 'text': 'die gesellschaft akzeptiert neue technologien mit dem wandel der zeit'}, {'id': 1879, 'label': 'Z.C6-3-1', 'text': 'da kein eingreifen der menschen moeglich ist, muesste der programmierer der KI rechtlich fuer das handeln des KIs sein'}, {'id': 1880, 'label': 'Z.C6-3-1', 'text': 'da die menschen nicht eingreifen koennen muss der hersteller der KI verantwortung fuer das handeln der KI tragen'}, {'id': 1922, 'label': 'Z.C5', 'text': 'Es wird alles akzeptiert, wenn es funktioniert '}, {'id': 1923, 'label': 'Z.C5-3', 'text': 'Wenn das autonome Fahren ohne Unfall funktioniert, wird es auch von der Gesellschaft akzeptiert'}, {'id': 1930, 'label': 'Z.C5-2', 'text': 'Dafuer muss mehr Akzeptanz in der Gesellschaft geschaffen werden'}, {'id': 1978, 'label': 'Z.C5-1-1-1-1', 'text': 'Vollstaendig autonomes fahren ist zwar eine gute Idee auf dem Papier aber dabei fehlt eher die moeglichkeit einzugreifen'}]"
445,3526,1,Die autoKI benoetigt durch die Vernetzung mit allen anderen Autos keine Verkehrszeichen mehr ,['Z.P11-1-1'],AUTOAI,"[['Greeting_Message'], ['Z.P11'], ['intro_27', 'Z.P11', 'intro_3', 'Z.P11-1']]","[2365, 2478, 2574, 2601, 2663, 2667, 2729, 2763, 7798, 7799, 7800, 7801, 7802, 7803, 7804, 7805, 7806, 7807, 7808, 7809, 7810, 7811, 7812, 7813, 7814, 7815, 7816, 7817, 7818, 7819, 7820, 7821, 7822, 7823, 7824, 7825]",1819,9138,80.09411249726416,36,36,0.01585150109896377,"[{'id': 2, 'label': 'Z.P3', 'text': 'Das Wissen einer KI kann eine deutlich hoehere Menge erreichen, als das Wissen eines Menschen. '}, {'id': 3, 'label': 'Z.P3', 'text': 'Eine KI kann mehr Wissen als ein Mensch'}, {'id': 8, 'label': 'Z.P1', 'text': 'Der Trend geht ohnehin weg von kleinen Landarztpraxen und hin zu medizinischen Versorgungszentren'}, {'id': 24, 'label': 'Z.P1', 'text': 'Aerzte sind doch auch Rund um die Uhr erreichbar?! Dafuer werden Sie auch dementsprechend bezahlt. Auf dem Land natuerlich nicht, aber eine KI koennte auch nicht ohne Beaufsichtigung das Krankenhaus leiten'}, {'id': 85, 'label': 'Z.P2', 'text': 'KI sind objektiv '}, {'id': 86, 'label': 'Z.P2', 'text': 'KI sind nicht bestechbar'}, {'id': 100, 'label': 'Z.P1', 'text': 'Mit medKI gibt es immerhin genug Aerztinnen, die jetzt fehlen?'}, {'id': 103, 'label': 'Z.P1-1', 'text': 'Personal wird dann trotzdem benoetigt '}, {'id': 137, 'label': 'Z.P1', 'text': 'In vielen Medizinischen Bereichen herrscht ein grosser Personalmangel. Gerade bei einfachen Diagnosen kann es dann sinnvoll sein, dass diese eine KI uebernimmt'}, {'id': 138, 'label': 'Z.P1', 'text': 'Das ist zwar nicht ganz das was ich meinte aber auch ein guter Punkt. Ich wollte eher auf die Entlastung des Personals abzielen und eine Verschnoerkelung des diagnostischen Prozesses, sowie verkuerzte Wartezeiten.'}]"
446,3527,1,"Muede, alkoholisierte oder abgelenkte fahrerinnen bauen sowieso oefter Unfaelle, menschliche Fahrer koennen diese auch nicht verhindern ",['Z.P11'],AUTOAI,"[['Greeting_Message'], ['Z.P11'], ['intro_27', 'Z.P11', 'intro_3', 'Z.P11-1'], ['Z.P11-1-1'], ['intro_25', 'Z.P11-1-1', 'intro_4', 'z_trans_12', 'Z.P8-1']]","[1859, 1873, 1874, 1898, 1899, 1926, 1927, 1948, 1949, 1979, 1980, 1987, 1988, 1994, 2076, 2077, 2122, 2127, 2131, 2138, 2139, 2172, 2173, 2176, 2177, 2183, 2184, 2215, 2223, 2231, 2232, 2237, 2238, 2253, 2254, 2273, 2277, 2300, 2301, 2311, 2312, 2313, 2322, 2329, 2360, 2361, 2387, 2388, 2414, 2415, 2428, 2429, 2439, 2447, 2463, 2468, 2484, 2508, 2515, 2533, 2550, 2553, 2573, 2576, 2588, 2590, 2600, 2615, 2618, 2639, 2642, 2647, 2662, 2666, 2668, 2674, 2693, 2694, 2714, 2716, 2730, 2735, 2744, 2757, 2762, 2778, 2788, 2790, 7744, 7745, 7746, 7747, 7748, 7749, 7750, 7751, 7752, 7753, 7754, 7755, 7756, 7757, 7758, 7759, 7760, 7761, 7762, 7763, 7764, 7765, 7766, 7767, 7768, 7769, 7770]",1819,9138,80.09411249726416,115,115,0.05063673962168983,"[{'id': 2, 'label': 'Z.P3', 'text': 'Das Wissen einer KI kann eine deutlich hoehere Menge erreichen, als das Wissen eines Menschen. '}, {'id': 3, 'label': 'Z.P3', 'text': 'Eine KI kann mehr Wissen als ein Mensch'}, {'id': 8, 'label': 'Z.P1', 'text': 'Der Trend geht ohnehin weg von kleinen Landarztpraxen und hin zu medizinischen Versorgungszentren'}, {'id': 24, 'label': 'Z.P1', 'text': 'Aerzte sind doch auch Rund um die Uhr erreichbar?! Dafuer werden Sie auch dementsprechend bezahlt. Auf dem Land natuerlich nicht, aber eine KI koennte auch nicht ohne Beaufsichtigung das Krankenhaus leiten'}, {'id': 85, 'label': 'Z.P2', 'text': 'KI sind objektiv '}, {'id': 86, 'label': 'Z.P2', 'text': 'KI sind nicht bestechbar'}, {'id': 100, 'label': 'Z.P1', 'text': 'Mit medKI gibt es immerhin genug Aerztinnen, die jetzt fehlen?'}, {'id': 103, 'label': 'Z.P1-1', 'text': 'Personal wird dann trotzdem benoetigt '}, {'id': 137, 'label': 'Z.P1', 'text': 'In vielen Medizinischen Bereichen herrscht ein grosser Personalmangel. Gerade bei einfachen Diagnosen kann es dann sinnvoll sein, dass diese eine KI uebernimmt'}, {'id': 138, 'label': 'Z.P1', 'text': 'Das ist zwar nicht ganz das was ich meinte aber auch ein guter Punkt. Ich wollte eher auf die Entlastung des Personals abzielen und eine Verschnoerkelung des diagnostischen Prozesses, sowie verkuerzte Wartezeiten.'}]"
447,3528,1,So haette der Mensch mehr Zeit fuer wichtigere Dinge. Fahren ist keine wertvolle Aufgabe sondern eher eine last,['Z.P1'],AUTOAI,"[['Greeting_Message'], ['Z.P11'], ['intro_27', 'Z.P11', 'intro_3', 'Z.P11-1'], ['Z.P11-1-1'], ['intro_25', 'Z.P11-1-1', 'intro_4', 'z_trans_12', 'Z.P8-1'], ['Z.P11'], ['intro_26', 'Z.P11', 'intro_6', 'z_trans_1', 'Z.P2-1']]","[1951, 1952, 1991, 1992, 2226, 2271, 2318, 2338, 2339, 2465, 2479, 2489, 2556, 2603, 2652, 2653, 2669, 2720, 2732, 2777, 6352, 6353, 6354, 6355, 6356, 6357, 6358, 6359, 6360, 6361, 6362, 6363, 6364, 6365, 6366, 6367, 6368, 6369, 6370, 6371, 6372, 6373, 6374, 6375, 6376, 6377]",1819,9138,80.09411249726416,46,46,0.02025469584867593,"[{'id': 2, 'label': 'Z.P3', 'text': 'Das Wissen einer KI kann eine deutlich hoehere Menge erreichen, als das Wissen eines Menschen. '}, {'id': 3, 'label': 'Z.P3', 'text': 'Eine KI kann mehr Wissen als ein Mensch'}, {'id': 8, 'label': 'Z.P1', 'text': 'Der Trend geht ohnehin weg von kleinen Landarztpraxen und hin zu medizinischen Versorgungszentren'}, {'id': 24, 'label': 'Z.P1', 'text': 'Aerzte sind doch auch Rund um die Uhr erreichbar?! Dafuer werden Sie auch dementsprechend bezahlt. Auf dem Land natuerlich nicht, aber eine KI koennte auch nicht ohne Beaufsichtigung das Krankenhaus leiten'}, {'id': 85, 'label': 'Z.P2', 'text': 'KI sind objektiv '}, {'id': 86, 'label': 'Z.P2', 'text': 'KI sind nicht bestechbar'}, {'id': 100, 'label': 'Z.P1', 'text': 'Mit medKI gibt es immerhin genug Aerztinnen, die jetzt fehlen?'}, {'id': 103, 'label': 'Z.P1-1', 'text': 'Personal wird dann trotzdem benoetigt '}, {'id': 137, 'label': 'Z.P1', 'text': 'In vielen Medizinischen Bereichen herrscht ein grosser Personalmangel. Gerade bei einfachen Diagnosen kann es dann sinnvoll sein, dass diese eine KI uebernimmt'}, {'id': 138, 'label': 'Z.P1', 'text': 'Das ist zwar nicht ganz das was ich meinte aber auch ein guter Punkt. Ich wollte eher auf die Entlastung des Personals abzielen und eine Verschnoerkelung des diagnostischen Prozesses, sowie verkuerzte Wartezeiten.'}]"
448,3529,1,"Die Fahrer werden sowieso zu wenig bezahlt, das ist schon ein soziales Problem. So wird die Politik dazu gedraengt, sich darum zu kuemmern ",['Z.P1-1'],AUTOAI,"[['Greeting_Message'], ['Z.P11'], ['intro_27', 'Z.P11', 'intro_3', 'Z.P11-1'], ['Z.P11-1-1'], ['intro_25', 'Z.P11-1-1', 'intro_4', 'z_trans_12', 'Z.P8-1'], ['Z.P11'], ['intro_26', 'Z.P11', 'intro_6', 'z_trans_1', 'Z.P2-1'], ['Z.P1'], ['intro_28', 'Z.P1', 'intro_3', 'Z.P1-1']]","[1871, 1893, 2466, 2670, 2725, 2752, 2753, 6378, 6379, 6380, 6381, 6382, 6383, 6384, 6385, 6386, 6387, 6388, 6389, 6390, 6391, 6392, 6393, 6394, 6395, 6396, 6397, 6398, 6399, 6400, 6401, 6402, 6403, 6404]",1819,9138,80.09411249726416,34,34,0.014970862149021338,"[{'id': 2, 'label': 'Z.P3', 'text': 'Das Wissen einer KI kann eine deutlich hoehere Menge erreichen, als das Wissen eines Menschen. '}, {'id': 3, 'label': 'Z.P3', 'text': 'Eine KI kann mehr Wissen als ein Mensch'}, {'id': 8, 'label': 'Z.P1', 'text': 'Der Trend geht ohnehin weg von kleinen Landarztpraxen und hin zu medizinischen Versorgungszentren'}, {'id': 24, 'label': 'Z.P1', 'text': 'Aerzte sind doch auch Rund um die Uhr erreichbar?! Dafuer werden Sie auch dementsprechend bezahlt. Auf dem Land natuerlich nicht, aber eine KI koennte auch nicht ohne Beaufsichtigung das Krankenhaus leiten'}, {'id': 85, 'label': 'Z.P2', 'text': 'KI sind objektiv '}, {'id': 86, 'label': 'Z.P2', 'text': 'KI sind nicht bestechbar'}, {'id': 100, 'label': 'Z.P1', 'text': 'Mit medKI gibt es immerhin genug Aerztinnen, die jetzt fehlen?'}, {'id': 103, 'label': 'Z.P1-1', 'text': 'Personal wird dann trotzdem benoetigt '}, {'id': 137, 'label': 'Z.P1', 'text': 'In vielen Medizinischen Bereichen herrscht ein grosser Personalmangel. Gerade bei einfachen Diagnosen kann es dann sinnvoll sein, dass diese eine KI uebernimmt'}, {'id': 138, 'label': 'Z.P1', 'text': 'Das ist zwar nicht ganz das was ich meinte aber auch ein guter Punkt. Ich wollte eher auf die Entlastung des Personals abzielen und eine Verschnoerkelung des diagnostischen Prozesses, sowie verkuerzte Wartezeiten.'}]"
449,3531,1,Es gaebe weniger Autos die geteilt werden koennen ,['Z.P12-1-3'],AUTOAI,"[['Greeting_Message'], ['Z.P11'], ['intro_27', 'Z.P11', 'intro_3', 'Z.P11-1'], ['Z.P11-1-1'], ['intro_25', 'Z.P11-1-1', 'intro_4', 'z_trans_12', 'Z.P8-1'], ['Z.P11'], ['intro_26', 'Z.P11', 'intro_6', 'z_trans_1', 'Z.P2-1'], ['Z.P1'], ['intro_28', 'Z.P1', 'intro_3', 'Z.P1-1'], ['Z.P1-1'], ['Z.P13'], ['Z.P12'], ['intro_28', 'Z.P12', 'intro_2', 'Z.P12-2']]","[1868, 1911, 2481, 2482, 2579, 2672, 2673, 2675, 2742, 6829, 6830, 6831, 6832, 6833, 6834, 6835, 6836, 6837, 6838, 6839, 6840, 6841, 6842, 6843, 6844, 6845, 6846, 6847, 6848, 6849, 6850]",1819,9138,80.09411249726416,31,31,0.013649903724107692,"[{'id': 2, 'label': 'Z.P3', 'text': 'Das Wissen einer KI kann eine deutlich hoehere Menge erreichen, als das Wissen eines Menschen. '}, {'id': 3, 'label': 'Z.P3', 'text': 'Eine KI kann mehr Wissen als ein Mensch'}, {'id': 8, 'label': 'Z.P1', 'text': 'Der Trend geht ohnehin weg von kleinen Landarztpraxen und hin zu medizinischen Versorgungszentren'}, {'id': 24, 'label': 'Z.P1', 'text': 'Aerzte sind doch auch Rund um die Uhr erreichbar?! Dafuer werden Sie auch dementsprechend bezahlt. Auf dem Land natuerlich nicht, aber eine KI koennte auch nicht ohne Beaufsichtigung das Krankenhaus leiten'}, {'id': 85, 'label': 'Z.P2', 'text': 'KI sind objektiv '}, {'id': 86, 'label': 'Z.P2', 'text': 'KI sind nicht bestechbar'}, {'id': 100, 'label': 'Z.P1', 'text': 'Mit medKI gibt es immerhin genug Aerztinnen, die jetzt fehlen?'}, {'id': 103, 'label': 'Z.P1-1', 'text': 'Personal wird dann trotzdem benoetigt '}, {'id': 137, 'label': 'Z.P1', 'text': 'In vielen Medizinischen Bereichen herrscht ein grosser Personalmangel. Gerade bei einfachen Diagnosen kann es dann sinnvoll sein, dass diese eine KI uebernimmt'}, {'id': 138, 'label': 'Z.P1', 'text': 'Das ist zwar nicht ganz das was ich meinte aber auch ein guter Punkt. Ich wollte eher auf die Entlastung des Personals abzielen und eine Verschnoerkelung des diagnostischen Prozesses, sowie verkuerzte Wartezeiten.'}]"
450,3536,1,Dennoch wird sie besser fahren als andern Personen im Verkehr ,['Z.P11'],AUTOAI,"[['Greeting_Message'], ['OTHER'], ['intro_28', 'Z.P11', 'intro_2', 'Z.P11-1'], ['CONSENT'], ['Z.P9'], ['CONSENT'], ['intro_25', 'Z.P9', 'intro_4', 'z_trans_16', 'Z.P8-1']]","[1859, 1873, 1874, 1898, 1899, 1926, 1927, 1948, 1949, 1979, 1980, 1987, 1988, 1994, 2076, 2077, 2122, 2127, 2131, 2138, 2139, 2172, 2173, 2176, 2177, 2183, 2184, 2215, 2223, 2231, 2232, 2237, 2238, 2253, 2254, 2273, 2277, 2300, 2301, 2311, 2312, 2313, 2322, 2329, 2360, 2361, 2387, 2388, 2414, 2415, 2428, 2429, 2439, 2447, 2463, 2468, 2484, 2508, 2515, 2533, 2550, 2553, 2573, 2576, 2588, 2590, 2600, 2615, 2618, 2639, 2642, 2647, 2662, 2666, 2668, 2674, 2693, 2694, 2714, 2716, 2730, 2735, 2744, 2757, 2762, 2778, 2788, 2790, 7744, 7745, 7746, 7747, 7748, 7749, 7750, 7751, 7752, 7753, 7754, 7755, 7756, 7757, 7758, 7759, 7760, 7761, 7762, 7763, 7764, 7765, 7766, 7767, 7768, 7769, 7770]",1819,9138,80.09411249726416,115,115,0.05063673962168983,"[{'id': 2, 'label': 'Z.P3', 'text': 'Das Wissen einer KI kann eine deutlich hoehere Menge erreichen, als das Wissen eines Menschen. '}, {'id': 3, 'label': 'Z.P3', 'text': 'Eine KI kann mehr Wissen als ein Mensch'}, {'id': 8, 'label': 'Z.P1', 'text': 'Der Trend geht ohnehin weg von kleinen Landarztpraxen und hin zu medizinischen Versorgungszentren'}, {'id': 24, 'label': 'Z.P1', 'text': 'Aerzte sind doch auch Rund um die Uhr erreichbar?! Dafuer werden Sie auch dementsprechend bezahlt. Auf dem Land natuerlich nicht, aber eine KI koennte auch nicht ohne Beaufsichtigung das Krankenhaus leiten'}, {'id': 85, 'label': 'Z.P2', 'text': 'KI sind objektiv '}, {'id': 86, 'label': 'Z.P2', 'text': 'KI sind nicht bestechbar'}, {'id': 100, 'label': 'Z.P1', 'text': 'Mit medKI gibt es immerhin genug Aerztinnen, die jetzt fehlen?'}, {'id': 103, 'label': 'Z.P1-1', 'text': 'Personal wird dann trotzdem benoetigt '}, {'id': 137, 'label': 'Z.P1', 'text': 'In vielen Medizinischen Bereichen herrscht ein grosser Personalmangel. Gerade bei einfachen Diagnosen kann es dann sinnvoll sein, dass diese eine KI uebernimmt'}, {'id': 138, 'label': 'Z.P1', 'text': 'Das ist zwar nicht ganz das was ich meinte aber auch ein guter Punkt. Ich wollte eher auf die Entlastung des Personals abzielen und eine Verschnoerkelung des diagnostischen Prozesses, sowie verkuerzte Wartezeiten.'}]"
451,3540,1,mehere Leute koennen sich ein Auto teilen ,['Z.P12-1-3'],AUTOAI,"[['Greeting_Message'], ['OTHER'], ['intro_28', 'Z.P11', 'intro_2', 'Z.P11-1'], ['CONSENT'], ['Z.P9'], ['CONSENT'], ['intro_25', 'Z.P9', 'intro_4', 'z_trans_16', 'Z.P8-1'], ['Z.P11'], ['intro_25', 'Z.P11', 'intro_6', 'z_trans_12', 'Z.P2-1'], ['DISSENT'], ['intro_32', 'Z.P8', 'intro_6', 'z_trans_1', 'Z.P1-1'], ['PRO_NZARG'], ['intro_25', 'Z.P2', 'intro_6', 'z_trans_16', 'Z.P12-1'], ['OTHER'], ['Z.P12']]","[1868, 1911, 2481, 2482, 2579, 2672, 2673, 2675, 2742, 6829, 6830, 6831, 6832, 6833, 6834, 6835, 6836, 6837, 6838, 6839, 6840, 6841, 6842, 6843, 6844, 6845, 6846, 6847, 6848, 6849, 6850]",1819,9138,80.09411249726416,31,31,0.013649903724107692,"[{'id': 2, 'label': 'Z.P3', 'text': 'Das Wissen einer KI kann eine deutlich hoehere Menge erreichen, als das Wissen eines Menschen. '}, {'id': 3, 'label': 'Z.P3', 'text': 'Eine KI kann mehr Wissen als ein Mensch'}, {'id': 8, 'label': 'Z.P1', 'text': 'Der Trend geht ohnehin weg von kleinen Landarztpraxen und hin zu medizinischen Versorgungszentren'}, {'id': 24, 'label': 'Z.P1', 'text': 'Aerzte sind doch auch Rund um die Uhr erreichbar?! Dafuer werden Sie auch dementsprechend bezahlt. Auf dem Land natuerlich nicht, aber eine KI koennte auch nicht ohne Beaufsichtigung das Krankenhaus leiten'}, {'id': 85, 'label': 'Z.P2', 'text': 'KI sind objektiv '}, {'id': 86, 'label': 'Z.P2', 'text': 'KI sind nicht bestechbar'}, {'id': 100, 'label': 'Z.P1', 'text': 'Mit medKI gibt es immerhin genug Aerztinnen, die jetzt fehlen?'}, {'id': 103, 'label': 'Z.P1-1', 'text': 'Personal wird dann trotzdem benoetigt '}, {'id': 137, 'label': 'Z.P1', 'text': 'In vielen Medizinischen Bereichen herrscht ein grosser Personalmangel. Gerade bei einfachen Diagnosen kann es dann sinnvoll sein, dass diese eine KI uebernimmt'}, {'id': 138, 'label': 'Z.P1', 'text': 'Das ist zwar nicht ganz das was ich meinte aber auch ein guter Punkt. Ich wollte eher auf die Entlastung des Personals abzielen und eine Verschnoerkelung des diagnostischen Prozesses, sowie verkuerzte Wartezeiten.'}]"
452,3544,1,Durch die KI koennte aeltere Menschen am Verkehr noch teilnehme und waeren nicht eingeachraenkt ,['Z.P5'],AUTOAI,"[['Greeting_Message'], ['OTHER'], ['intro_28', 'Z.P11', 'intro_2', 'Z.P11-1'], ['CONSENT'], ['Z.P9'], ['CONSENT'], ['intro_25', 'Z.P9', 'intro_4', 'z_trans_16', 'Z.P8-1'], ['Z.P11'], ['intro_25', 'Z.P11', 'intro_6', 'z_trans_12', 'Z.P2-1'], ['DISSENT'], ['intro_32', 'Z.P8', 'intro_6', 'z_trans_1', 'Z.P1-1'], ['PRO_NZARG'], ['intro_25', 'Z.P2', 'intro_6', 'z_trans_16', 'Z.P12-1'], ['OTHER'], ['Z.P12'], ['Z.P12-1-3'], ['intro_25', 'Z.P6', 'intro_1', 'Z.P6-1'], ['Z.P14'], ['intro_23', 'Z.P14', 'intro_6', 'z_trans_2', 'Z.C5'], ['OTHER'], ['Z.C5-1'], ['OTHER'], ['intro_24', 'Z.P5', 'intro_1', 'Z.P5-1']]","[2123, 2317, 2319, 2522, 2607, 2614, 2677, 2738, 2740, 6540, 6541, 6542, 6543, 6544, 6545, 6546, 6547, 6548, 6549, 6550, 6551, 6552, 6553, 6554, 6555, 6556, 6557, 6558, 6559, 6560, 6561, 6562, 6563, 6564, 6565, 6566, 6567, 6568, 6569, 6570, 6571, 6572, 6573, 6574, 6575, 6576, 6577, 6578, 6579, 6580, 6581, 6582, 6583, 6584, 6585, 6586]",746,9138,91.83628802801488,56,56,0.0689387684928798,"[{'id': 4, 'label': 'Z.P5', 'text': 'Durch Einsparung von Personal bei Aerztinnen, kann mehr fuer Pflegepersonal ausgegeben werden. '}, {'id': 5, 'label': 'Z.P4-1', 'text': 'Aber ist es realistisch, dass das Gesundheitssystem besser finanziert wird bevor eine medKI in der Lage ist fundierte Entscheidungen zu treffen?'}, {'id': 12, 'label': 'Z.P4', 'text': 'Die MedKI kann unterstuetzen, den Mangel an Aerzten entgegenzuwirken. Durch den demographischen Wandel wird es mehr kranke und alte Menschen geben. Dadurch brauchen wir mehr Aerzte'}, {'id': 13, 'label': 'Z.P5', 'text': 'Die KI kann von mehreren Nationen entwickelt werden. Dadurch sinken die Kosten'}, {'id': 14, 'label': 'Z.P5', 'text': 'Sobald eine selbst lernende Ki entwickelt wurde, wird das Entwickeln nicht mehr viel kosten'}, {'id': 15, 'label': 'Z.P5', 'text': 'Dafuer kann der First Level Support von Aerzten abgewendet werden und durch KIs uebernommen werden'}, {'id': 83, 'label': 'Z.P4-1', 'text': 'Dann sollen die Unis mehr Medizin Plaetze anbieten dann gibt es mehr Aerzte '}, {'id': 84, 'label': 'Z.P6', 'text': 'KI sind praeziser '}, {'id': 108, 'label': 'Z.P4-1', 'text': 'Man koennte auch das Medizin Studium zugaenglicher machen'}, {'id': 109, 'label': 'Z.P4-1', 'text': 'Anstelle der KI kann man auch das Medizin Studium zugaenglicher machen'}]"
453,3547,2,Wie kann die KI auf ein Fehlverhalten von anderen Verkehrsteilnehmern schnell reagieren? ,['Z.P8-1'],AUTOAI,"[['Greeting_Message'], ['Z.C3'], ['intro_23', 'Z.C3', 'intro_3', 'Z.C3-2'], ['CON_NZARG'], ['Z.P11-1']]","[1860, 1963, 1968, 1969, 1989, 2290, 2334, 2352, 2357, 2372, 2407, 2430, 2431, 2451, 2456, 2602, 2679, 2710, 7426, 7427, 7428, 7429, 7430, 7431, 7432, 7433, 7434, 7435, 7436, 7437, 7438, 7439, 7440, 7441, 7442, 7443, 7444, 7445, 7446, 7447, 7448, 7449, 7450, 7451, 7452]",1819,9138,80.09411249726416,45,45,0.019814376373704715,"[{'id': 2, 'label': 'Z.P3', 'text': 'Das Wissen einer KI kann eine deutlich hoehere Menge erreichen, als das Wissen eines Menschen. '}, {'id': 3, 'label': 'Z.P3', 'text': 'Eine KI kann mehr Wissen als ein Mensch'}, {'id': 8, 'label': 'Z.P1', 'text': 'Der Trend geht ohnehin weg von kleinen Landarztpraxen und hin zu medizinischen Versorgungszentren'}, {'id': 24, 'label': 'Z.P1', 'text': 'Aerzte sind doch auch Rund um die Uhr erreichbar?! Dafuer werden Sie auch dementsprechend bezahlt. Auf dem Land natuerlich nicht, aber eine KI koennte auch nicht ohne Beaufsichtigung das Krankenhaus leiten'}, {'id': 85, 'label': 'Z.P2', 'text': 'KI sind objektiv '}, {'id': 86, 'label': 'Z.P2', 'text': 'KI sind nicht bestechbar'}, {'id': 100, 'label': 'Z.P1', 'text': 'Mit medKI gibt es immerhin genug Aerztinnen, die jetzt fehlen?'}, {'id': 103, 'label': 'Z.P1-1', 'text': 'Personal wird dann trotzdem benoetigt '}, {'id': 137, 'label': 'Z.P1', 'text': 'In vielen Medizinischen Bereichen herrscht ein grosser Personalmangel. Gerade bei einfachen Diagnosen kann es dann sinnvoll sein, dass diese eine KI uebernimmt'}, {'id': 138, 'label': 'Z.P1', 'text': 'Das ist zwar nicht ganz das was ich meinte aber auch ein guter Punkt. Ich wollte eher auf die Entlastung des Personals abzielen und eine Verschnoerkelung des diagnostischen Prozesses, sowie verkuerzte Wartezeiten.'}]"
454,3550,2,"Wenn ein solches Auto sehr kostspielig ist wird die Erfindung wahrscheinlich den Strassenverkehr nicht dominieren, kann sich die Erfindung dann ueberhaupt auf dem Markt halten? ",['Z.C7'],AUTOAI,"[['Greeting_Message'], ['Z.C3'], ['intro_23', 'Z.C3', 'intro_3', 'Z.C3-2'], ['CON_NZARG'], ['Z.P11-1'], ['Z.P8-1'], ['intro_27', 'Z.P8-1', 'intro_3', 'Z.P8-1-1'], ['CONSENT', 'Z.C3'], ['intro_32', 'Z.C3', 'intro_2', 'Z.C3-1'], ['Z.C7'], ['intro_24', 'Z.C7', 'intro_3', 'Z.C7-1']]","[2459, 2512, 2513, 2514, 2681, 2682, 2683, 2713, 2741, 2755, 7962, 7963, 7964, 7965, 7966, 7967, 7968, 7969, 7970, 7971, 7972, 7973, 7974, 7975, 7976, 7977, 7978, 7979, 7980, 7981, 7982, 7983, 7984, 7985, 7986, 7987, 7988]",66,9138,99.27774130006566,37,37,0.556557034560974,"[{'id': 2134, 'label': 'Z.C7-1', 'text': 'Die Ungerechtigkeitsproblematik resultiert allerdings aus dem kapitalistischen System, in dem wir leben, und nicht an der Nutzung von KI Systemen. Man kann sich nicht vor dem Fortschritt verschliessen, nur weil es Anfangs fuer manche zu teuer ist.'}, {'id': 2459, 'label': 'Z.C7', 'text': 'Besser verdienende koennen sich bessere Autos leisten somit koennte es zu sozialen Ungerechtigkeiten kommen '}, {'id': 2498, 'label': 'Z.C7-1', 'text': '6. Fortschritte in der Technologie: Die Integration von AutoKI koennte dazu beitragen, die Entwicklung und Verbesserung autonomer Fahrzeuge voranzutreiben und innovative Technologien fuer andere Bereiche nutzbar zu machen.'}, {'id': 2512, 'label': 'Z.C7', 'text': 'Kosten der autos'}, {'id': 2513, 'label': 'Z.C7', 'text': 'Stromverbrauch der ki'}, {'id': 2514, 'label': 'Z.C7', 'text': 'Was passiert mit der armen Bevoelkerung '}, {'id': 2681, 'label': 'Z.C7', 'text': 'Kann sich denn jeder ein Auto mit KI leisten? Diese Funktion scheinen mir sehr teuer zu sein '}, {'id': 2682, 'label': 'Z.C7', 'text': 'Wenn ein solches Auto sehr kostspielig ist wird die Erfindung wahrscheinlich den Strassenverkehr nicht dominieren, kann sich die Erfindung dann ueberhaupt auf dem Markt halten? '}, {'id': 2683, 'label': 'Z.C7', 'text': 'Wenn sich nur besserverdiener ein KIbAuto leisten koennen, wie kann sich das Produkt dann so weiter entwickeln, dass es sich spaeter auch andere leisten koennen? '}, {'id': 2713, 'label': 'Z.C7', 'text': 'Und vor allem koennten nicht alle Autos mit KI fahren , weil das sich bestimmt nicht jeder leisten kann '}]"
455,3551,2,"Wenn sich nur besserverdiener ein KIbAuto leisten koennen, wie kann sich das Produkt dann so weiter entwickeln, dass es sich spaeter auch andere leisten koennen? ",['Z.C7'],AUTOAI,"[['Greeting_Message'], ['Z.C3'], ['intro_23', 'Z.C3', 'intro_3', 'Z.C3-2'], ['CON_NZARG'], ['Z.P11-1'], ['Z.P8-1'], ['intro_27', 'Z.P8-1', 'intro_3', 'Z.P8-1-1'], ['CONSENT', 'Z.C3'], ['intro_32', 'Z.C3', 'intro_2', 'Z.C3-1'], ['Z.C7'], ['intro_24', 'Z.C7', 'intro_3', 'Z.C7-1'], ['Z.C7'], ['intro_28', 'Z.C7', 'intro_4', 'z_trans_13', 'Z.P6']]","[2459, 2512, 2513, 2514, 2681, 2682, 2683, 2713, 2741, 2755, 7962, 7963, 7964, 7965, 7966, 7967, 7968, 7969, 7970, 7971, 7972, 7973, 7974, 7975, 7976, 7977, 7978, 7979, 7980, 7981, 7982, 7983, 7984, 7985, 7986, 7987, 7988]",812,9138,91.11402932808055,37,37,0.041517476417967734,"[{'id': 4, 'label': 'Z.P5', 'text': 'Durch Einsparung von Personal bei Aerztinnen, kann mehr fuer Pflegepersonal ausgegeben werden. '}, {'id': 5, 'label': 'Z.P4-1', 'text': 'Aber ist es realistisch, dass das Gesundheitssystem besser finanziert wird bevor eine medKI in der Lage ist fundierte Entscheidungen zu treffen?'}, {'id': 12, 'label': 'Z.P4', 'text': 'Die MedKI kann unterstuetzen, den Mangel an Aerzten entgegenzuwirken. Durch den demographischen Wandel wird es mehr kranke und alte Menschen geben. Dadurch brauchen wir mehr Aerzte'}, {'id': 13, 'label': 'Z.P5', 'text': 'Die KI kann von mehreren Nationen entwickelt werden. Dadurch sinken die Kosten'}, {'id': 14, 'label': 'Z.P5', 'text': 'Sobald eine selbst lernende Ki entwickelt wurde, wird das Entwickeln nicht mehr viel kosten'}, {'id': 15, 'label': 'Z.P5', 'text': 'Dafuer kann der First Level Support von Aerzten abgewendet werden und durch KIs uebernommen werden'}, {'id': 83, 'label': 'Z.P4-1', 'text': 'Dann sollen die Unis mehr Medizin Plaetze anbieten dann gibt es mehr Aerzte '}, {'id': 84, 'label': 'Z.P6', 'text': 'KI sind praeziser '}, {'id': 108, 'label': 'Z.P4-1', 'text': 'Man koennte auch das Medizin Studium zugaenglicher machen'}, {'id': 109, 'label': 'Z.P4-1', 'text': 'Anstelle der KI kann man auch das Medizin Studium zugaenglicher machen'}]"
456,3565,1,Fahrer koennen aber auch nicht zurechnungsfaegig sein und mit zu wenig Schlaf oder Einfluss von Rauschmitteln fahren,['Z.P11'],AUTOAI,"[['Greeting_Message'], ['Z.P11'], ['intro_24', 'Z.P11', 'intro_3', 'Z.P11-1']]","[1859, 1873, 1874, 1898, 1899, 1926, 1927, 1948, 1949, 1979, 1980, 1987, 1988, 1994, 2076, 2077, 2122, 2127, 2131, 2138, 2139, 2172, 2173, 2176, 2177, 2183, 2184, 2215, 2223, 2231, 2232, 2237, 2238, 2253, 2254, 2273, 2277, 2300, 2301, 2311, 2312, 2313, 2322, 2329, 2360, 2361, 2387, 2388, 2414, 2415, 2428, 2429, 2439, 2447, 2463, 2468, 2484, 2508, 2515, 2533, 2550, 2553, 2573, 2576, 2588, 2590, 2600, 2615, 2618, 2639, 2642, 2647, 2662, 2666, 2668, 2674, 2693, 2694, 2714, 2716, 2730, 2735, 2744, 2757, 2762, 2778, 2788, 2790, 7744, 7745, 7746, 7747, 7748, 7749, 7750, 7751, 7752, 7753, 7754, 7755, 7756, 7757, 7758, 7759, 7760, 7761, 7762, 7763, 7764, 7765, 7766, 7767, 7768, 7769, 7770]",1819,9138,80.09411249726416,115,115,0.05063673962168983,"[{'id': 2, 'label': 'Z.P3', 'text': 'Das Wissen einer KI kann eine deutlich hoehere Menge erreichen, als das Wissen eines Menschen. '}, {'id': 3, 'label': 'Z.P3', 'text': 'Eine KI kann mehr Wissen als ein Mensch'}, {'id': 8, 'label': 'Z.P1', 'text': 'Der Trend geht ohnehin weg von kleinen Landarztpraxen und hin zu medizinischen Versorgungszentren'}, {'id': 24, 'label': 'Z.P1', 'text': 'Aerzte sind doch auch Rund um die Uhr erreichbar?! Dafuer werden Sie auch dementsprechend bezahlt. Auf dem Land natuerlich nicht, aber eine KI koennte auch nicht ohne Beaufsichtigung das Krankenhaus leiten'}, {'id': 85, 'label': 'Z.P2', 'text': 'KI sind objektiv '}, {'id': 86, 'label': 'Z.P2', 'text': 'KI sind nicht bestechbar'}, {'id': 100, 'label': 'Z.P1', 'text': 'Mit medKI gibt es immerhin genug Aerztinnen, die jetzt fehlen?'}, {'id': 103, 'label': 'Z.P1-1', 'text': 'Personal wird dann trotzdem benoetigt '}, {'id': 137, 'label': 'Z.P1', 'text': 'In vielen Medizinischen Bereichen herrscht ein grosser Personalmangel. Gerade bei einfachen Diagnosen kann es dann sinnvoll sein, dass diese eine KI uebernimmt'}, {'id': 138, 'label': 'Z.P1', 'text': 'Das ist zwar nicht ganz das was ich meinte aber auch ein guter Punkt. Ich wollte eher auf die Entlastung des Personals abzielen und eine Verschnoerkelung des diagnostischen Prozesses, sowie verkuerzte Wartezeiten.'}]"
457,3568,1,In einer Bahn ist der Mensch doch auch nur ein Passagier und akzeptiert sie trotzdem,['Z.P2-1'],AUTOAI,"[['Greeting_Message'], ['Z.P11'], ['intro_24', 'Z.P11', 'intro_3', 'Z.P11-1'], ['Z.P11'], ['Z.P9'], ['OTHER'], ['OTHER'], ['OTHER'], ['Z.P8-1-1']]","[1866, 1983, 2410, 2411, 2559, 2695, 2765, 6432, 6433, 6434, 6435, 6436, 6437, 6438, 6439, 6440, 6441, 6442, 6443, 6444, 6445, 6446, 6447, 6448, 6449, 6450, 6451, 6452, 6453, 6454, 6455, 6456, 6457, 6458]",1819,9138,80.09411249726416,34,34,0.014970862149021338,"[{'id': 2, 'label': 'Z.P3', 'text': 'Das Wissen einer KI kann eine deutlich hoehere Menge erreichen, als das Wissen eines Menschen. '}, {'id': 3, 'label': 'Z.P3', 'text': 'Eine KI kann mehr Wissen als ein Mensch'}, {'id': 8, 'label': 'Z.P1', 'text': 'Der Trend geht ohnehin weg von kleinen Landarztpraxen und hin zu medizinischen Versorgungszentren'}, {'id': 24, 'label': 'Z.P1', 'text': 'Aerzte sind doch auch Rund um die Uhr erreichbar?! Dafuer werden Sie auch dementsprechend bezahlt. Auf dem Land natuerlich nicht, aber eine KI koennte auch nicht ohne Beaufsichtigung das Krankenhaus leiten'}, {'id': 85, 'label': 'Z.P2', 'text': 'KI sind objektiv '}, {'id': 86, 'label': 'Z.P2', 'text': 'KI sind nicht bestechbar'}, {'id': 100, 'label': 'Z.P1', 'text': 'Mit medKI gibt es immerhin genug Aerztinnen, die jetzt fehlen?'}, {'id': 103, 'label': 'Z.P1-1', 'text': 'Personal wird dann trotzdem benoetigt '}, {'id': 137, 'label': 'Z.P1', 'text': 'In vielen Medizinischen Bereichen herrscht ein grosser Personalmangel. Gerade bei einfachen Diagnosen kann es dann sinnvoll sein, dass diese eine KI uebernimmt'}, {'id': 138, 'label': 'Z.P1', 'text': 'Das ist zwar nicht ganz das was ich meinte aber auch ein guter Punkt. Ich wollte eher auf die Entlastung des Personals abzielen und eine Verschnoerkelung des diagnostischen Prozesses, sowie verkuerzte Wartezeiten.'}]"
458,3570,1,Die Dilemmafragen muss tatsaechlich noch geloest werden dies koennte aber durch gewisse Vorkehrungen minimiert werden sodass diese Situationen so gut wie nie auftreten,['Z.C6-3'],AUTOAI,"[['Greeting_Message'], ['Z.P11'], ['intro_24', 'Z.P11', 'intro_3', 'Z.P11-1'], ['Z.P11'], ['Z.P9'], ['OTHER'], ['OTHER'], ['OTHER'], ['Z.P8-1-1'], ['Z.P2-1'], ['Z.P13'], ['Z.C5-3'], ['intro_28', 'Z.C5-3', 'intro_5', 'z_trans_16', 'Z.C6']]","[2697, 7690, 7691, 7692, 7693, 7694, 7695, 7696, 7697, 7698, 7699, 7700, 7701, 7702, 7703, 7704, 7705, 7706, 7707, 7708, 7709, 7710, 7711, 7712, 7713, 7714, 7715, 7716]",442,9138,95.163055373167,28,28,0.0602842884716895,"[{'id': 1858, 'label': 'Z.C5-3', 'text': ""Solange die Ki signifikant besser Auto fahren kann als die durchschnittliche Person, kann gerechtfertigt werden dass KI's zugelassen werden. Die absolute Zahl der unfaelle sollte dann, statistisch gesehen runtergehen.""}, {'id': 1863, 'label': 'Z.C5', 'text': 'Die aussage ist falsch, Menschen lieben es nicht selber Entscheidungen zu erabeiten, zur diese zu treffen, wir haben Algorithmen die uns sagen was fuer Buecher wir gerne lesen wuerden, wir moegen nur die Entscheidung treffen aus der erarbeiteten Auswahl'}, {'id': 1877, 'label': 'Z.C5-3', 'text': 'viele neue technologien werden zunaechst von der gesellschaft angelehnt, etablieren sich jedoch mit dem wandel der gesellschaft ueber laengere zeit'}, {'id': 1878, 'label': 'Z.C5-3', 'text': 'die gesellschaft akzeptiert neue technologien mit dem wandel der zeit'}, {'id': 1879, 'label': 'Z.C6-3-1', 'text': 'da kein eingreifen der menschen moeglich ist, muesste der programmierer der KI rechtlich fuer das handeln des KIs sein'}, {'id': 1880, 'label': 'Z.C6-3-1', 'text': 'da die menschen nicht eingreifen koennen muss der hersteller der KI verantwortung fuer das handeln der KI tragen'}, {'id': 1922, 'label': 'Z.C5', 'text': 'Es wird alles akzeptiert, wenn es funktioniert '}, {'id': 1923, 'label': 'Z.C5-3', 'text': 'Wenn das autonome Fahren ohne Unfall funktioniert, wird es auch von der Gesellschaft akzeptiert'}, {'id': 1930, 'label': 'Z.C5-2', 'text': 'Dafuer muss mehr Akzeptanz in der Gesellschaft geschaffen werden'}, {'id': 1978, 'label': 'Z.C5-1-1-1-1', 'text': 'Vollstaendig autonomes fahren ist zwar eine gute Idee auf dem Papier aber dabei fehlt eher die moeglichkeit einzugreifen'}]"
459,3579,2,Aber per Zufall ueber ein Menschen leben zu entscheiden ist fragwuerdig ,['Z.C6-2-1'],AUTOAI,"[['Greeting_Message'], ['Z.C6'], ['intro_25', 'Z.C6', 'intro_1', 'Z.C6-2']]","[2706, 2750, 7663, 7664, 7665, 7666, 7667, 7668, 7669, 7670, 7671, 7672, 7673, 7674, 7675, 7676, 7677, 7678, 7679, 7680, 7681, 7682, 7683, 7684, 7685, 7686, 7687, 7688, 7689]",442,9138,95.163055373167,29,29,0.06243729877424984,"[{'id': 1858, 'label': 'Z.C5-3', 'text': ""Solange die Ki signifikant besser Auto fahren kann als die durchschnittliche Person, kann gerechtfertigt werden dass KI's zugelassen werden. Die absolute Zahl der unfaelle sollte dann, statistisch gesehen runtergehen.""}, {'id': 1863, 'label': 'Z.C5', 'text': 'Die aussage ist falsch, Menschen lieben es nicht selber Entscheidungen zu erabeiten, zur diese zu treffen, wir haben Algorithmen die uns sagen was fuer Buecher wir gerne lesen wuerden, wir moegen nur die Entscheidung treffen aus der erarbeiteten Auswahl'}, {'id': 1877, 'label': 'Z.C5-3', 'text': 'viele neue technologien werden zunaechst von der gesellschaft angelehnt, etablieren sich jedoch mit dem wandel der gesellschaft ueber laengere zeit'}, {'id': 1878, 'label': 'Z.C5-3', 'text': 'die gesellschaft akzeptiert neue technologien mit dem wandel der zeit'}, {'id': 1879, 'label': 'Z.C6-3-1', 'text': 'da kein eingreifen der menschen moeglich ist, muesste der programmierer der KI rechtlich fuer das handeln des KIs sein'}, {'id': 1880, 'label': 'Z.C6-3-1', 'text': 'da die menschen nicht eingreifen koennen muss der hersteller der KI verantwortung fuer das handeln der KI tragen'}, {'id': 1922, 'label': 'Z.C5', 'text': 'Es wird alles akzeptiert, wenn es funktioniert '}, {'id': 1923, 'label': 'Z.C5-3', 'text': 'Wenn das autonome Fahren ohne Unfall funktioniert, wird es auch von der Gesellschaft akzeptiert'}, {'id': 1930, 'label': 'Z.C5-2', 'text': 'Dafuer muss mehr Akzeptanz in der Gesellschaft geschaffen werden'}, {'id': 1978, 'label': 'Z.C5-1-1-1-1', 'text': 'Vollstaendig autonomes fahren ist zwar eine gute Idee auf dem Papier aber dabei fehlt eher die moeglichkeit einzugreifen'}]"
460,3580,2,"Das macht Sinn. Aber was ist z.B. bei Tieren, die ploetzlich auf die Strasse rennen? Hier sieht die STVO weiter Fahren vor - viele wuerden aber eher bremsen ",['Z.C6'],AUTOAI,"[['Greeting_Message'], ['Z.C6'], ['intro_25', 'Z.C6', 'intro_1', 'Z.C6-2'], ['Z.C6-2-1'], ['intro_27', 'Z.C14', 'intro_2', 'Z.C3-1']]","[2100, 2101, 2151, 2152, 2344, 2345, 2502, 2506, 2525, 2634, 2636, 2637, 2705, 2707, 2712, 2724, 2749, 7609, 7610, 7611, 7612, 7613, 7614, 7615, 7616, 7617, 7618, 7619, 7620, 7621, 7622, 7623, 7624, 7625, 7626, 7627, 7628, 7629, 7630, 7631, 7632, 7633, 7634, 7635]",771,9138,91.56270518713066,44,44,0.052253683894082345,"[{'id': 1858, 'label': 'Z.C5-3', 'text': ""Solange die Ki signifikant besser Auto fahren kann als die durchschnittliche Person, kann gerechtfertigt werden dass KI's zugelassen werden. Die absolute Zahl der unfaelle sollte dann, statistisch gesehen runtergehen.""}, {'id': 1861, 'label': 'Z.C3-2', 'text': 'Wenn ein Mensch einen Fehler macht lernt nur dieser ein Mensch und macht ihn nicht wieder. Ein autonomes Auto kann Fehler direk an alle weitergeben, sodass alle davon lernen, jeder Fehler sollte nur ein einziges mal gemacht werden '}, {'id': 1863, 'label': 'Z.C5', 'text': 'Die aussage ist falsch, Menschen lieben es nicht selber Entscheidungen zu erabeiten, zur diese zu treffen, wir haben Algorithmen die uns sagen was fuer Buecher wir gerne lesen wuerden, wir moegen nur die Entscheidung treffen aus der erarbeiteten Auswahl'}, {'id': 1865, 'label': 'Z.C8-1', 'text': ' man kann anonymisiert daten ueber fahrtweg austauschen ohne gesamte fahrplaene freizugeben'}, {'id': 1869, 'label': 'Z.C8-1', 'text': 'Dann macht man Syteme die diese Daten nicht teilen'}, {'id': 1877, 'label': 'Z.C5-3', 'text': 'viele neue technologien werden zunaechst von der gesellschaft angelehnt, etablieren sich jedoch mit dem wandel der gesellschaft ueber laengere zeit'}, {'id': 1878, 'label': 'Z.C5-3', 'text': 'die gesellschaft akzeptiert neue technologien mit dem wandel der zeit'}, {'id': 1879, 'label': 'Z.C6-3-1', 'text': 'da kein eingreifen der menschen moeglich ist, muesste der programmierer der KI rechtlich fuer das handeln des KIs sein'}, {'id': 1880, 'label': 'Z.C6-3-1', 'text': 'da die menschen nicht eingreifen koennen muss der hersteller der KI verantwortung fuer das handeln der KI tragen'}, {'id': 1916, 'label': 'Z.C4-1', 'text': 'Das kann man ja aber durch eine gute firewall absichern'}]"
461,3594,1,Dafuer kann die KI durch deutlich bessere Reaktionszeit auf gefahrensituationen besser reagieren,['Z.P8'],AUTOAI,"[['Greeting_Message'], ['Z.P12'], ['intro_32', 'Z.P12', 'intro_1', 'Z.P12-2'], ['PRO_ZARG'], ['intro_28', 'Z.P10', 'intro_1', 'Z.P10-2'], ['Z.P11'], ['intro_24', 'Z.P11', 'intro_1', 'Z.P11-1']]","[1867, 1920, 2182, 2214, 2328, 2330, 2341, 2342, 2362, 2392, 2475, 2493, 2501, 2507, 2552, 2558, 2575, 2643, 2717, 2736, 2743, 2758, 2789, 7399, 7400, 7401, 7402, 7403, 7404, 7405, 7406, 7407, 7408, 7409, 7410, 7411, 7412, 7413, 7414, 7415, 7416, 7417, 7418, 7419, 7420, 7421, 7422, 7423, 7424, 7425]",1819,9138,80.09411249726416,50,50,0.022015973748560794,"[{'id': 2, 'label': 'Z.P3', 'text': 'Das Wissen einer KI kann eine deutlich hoehere Menge erreichen, als das Wissen eines Menschen. '}, {'id': 3, 'label': 'Z.P3', 'text': 'Eine KI kann mehr Wissen als ein Mensch'}, {'id': 8, 'label': 'Z.P1', 'text': 'Der Trend geht ohnehin weg von kleinen Landarztpraxen und hin zu medizinischen Versorgungszentren'}, {'id': 24, 'label': 'Z.P1', 'text': 'Aerzte sind doch auch Rund um die Uhr erreichbar?! Dafuer werden Sie auch dementsprechend bezahlt. Auf dem Land natuerlich nicht, aber eine KI koennte auch nicht ohne Beaufsichtigung das Krankenhaus leiten'}, {'id': 85, 'label': 'Z.P2', 'text': 'KI sind objektiv '}, {'id': 86, 'label': 'Z.P2', 'text': 'KI sind nicht bestechbar'}, {'id': 100, 'label': 'Z.P1', 'text': 'Mit medKI gibt es immerhin genug Aerztinnen, die jetzt fehlen?'}, {'id': 103, 'label': 'Z.P1-1', 'text': 'Personal wird dann trotzdem benoetigt '}, {'id': 137, 'label': 'Z.P1', 'text': 'In vielen Medizinischen Bereichen herrscht ein grosser Personalmangel. Gerade bei einfachen Diagnosen kann es dann sinnvoll sein, dass diese eine KI uebernimmt'}, {'id': 138, 'label': 'Z.P1', 'text': 'Das ist zwar nicht ganz das was ich meinte aber auch ein guter Punkt. Ich wollte eher auf die Entlastung des Personals abzielen und eine Verschnoerkelung des diagnostischen Prozesses, sowie verkuerzte Wartezeiten.'}]"
462,3595,1,Dafuer kann sich die KI nicht so leicht verfahren,['Z.P12'],AUTOAI,"[['Greeting_Message'], ['Z.P12'], ['intro_32', 'Z.P12', 'intro_1', 'Z.P12-2'], ['PRO_ZARG'], ['intro_28', 'Z.P10', 'intro_1', 'Z.P10-2'], ['Z.P11'], ['intro_24', 'Z.P11', 'intro_1', 'Z.P11-1'], ['Z.P8'], ['intro_27', 'Z.P8', 'intro_3', 'Z.P8-1']]","[1864, 1881, 1888, 1904, 1993, 2084, 2121, 2126, 2163, 2181, 2186, 2220, 2228, 2229, 2230, 2245, 2260, 2274, 2275, 2278, 2349, 2350, 2367, 2395, 2433, 2438, 2445, 2473, 2494, 2496, 2549, 2560, 2616, 2617, 2619, 2646, 2649, 2671, 2715, 2718, 2721, 2737, 6722, 6723, 6724, 6725, 6726, 6727, 6728, 6729, 6730, 6731, 6732, 6733, 6734, 6735, 6736, 6737, 6738, 6739, 6740, 6741, 6742, 6743, 6744, 6745, 6746, 6747]",1819,9138,80.09411249726416,68,68,0.029941724298042677,"[{'id': 2, 'label': 'Z.P3', 'text': 'Das Wissen einer KI kann eine deutlich hoehere Menge erreichen, als das Wissen eines Menschen. '}, {'id': 3, 'label': 'Z.P3', 'text': 'Eine KI kann mehr Wissen als ein Mensch'}, {'id': 8, 'label': 'Z.P1', 'text': 'Der Trend geht ohnehin weg von kleinen Landarztpraxen und hin zu medizinischen Versorgungszentren'}, {'id': 24, 'label': 'Z.P1', 'text': 'Aerzte sind doch auch Rund um die Uhr erreichbar?! Dafuer werden Sie auch dementsprechend bezahlt. Auf dem Land natuerlich nicht, aber eine KI koennte auch nicht ohne Beaufsichtigung das Krankenhaus leiten'}, {'id': 85, 'label': 'Z.P2', 'text': 'KI sind objektiv '}, {'id': 86, 'label': 'Z.P2', 'text': 'KI sind nicht bestechbar'}, {'id': 100, 'label': 'Z.P1', 'text': 'Mit medKI gibt es immerhin genug Aerztinnen, die jetzt fehlen?'}, {'id': 103, 'label': 'Z.P1-1', 'text': 'Personal wird dann trotzdem benoetigt '}, {'id': 137, 'label': 'Z.P1', 'text': 'In vielen Medizinischen Bereichen herrscht ein grosser Personalmangel. Gerade bei einfachen Diagnosen kann es dann sinnvoll sein, dass diese eine KI uebernimmt'}, {'id': 138, 'label': 'Z.P1', 'text': 'Das ist zwar nicht ganz das was ich meinte aber auch ein guter Punkt. Ich wollte eher auf die Entlastung des Personals abzielen und eine Verschnoerkelung des diagnostischen Prozesses, sowie verkuerzte Wartezeiten.'}]"
463,3600,2,Ein Pro waere das die ki effizienter fahren koennte ,['Z.P12'],AUTOAI,"[['Greeting_Message'], ['OTHER'], ['intro_26', 'Z.P8-1', 'intro_3', 'Z.P8-1-1'], ['CONSENT'], ['Z.P2-1']]","[1864, 1881, 1888, 1904, 1993, 2084, 2121, 2126, 2163, 2181, 2186, 2220, 2228, 2229, 2230, 2245, 2260, 2274, 2275, 2278, 2349, 2350, 2367, 2395, 2433, 2438, 2445, 2473, 2494, 2496, 2549, 2560, 2616, 2617, 2619, 2646, 2649, 2671, 2715, 2718, 2721, 2737, 6722, 6723, 6724, 6725, 6726, 6727, 6728, 6729, 6730, 6731, 6732, 6733, 6734, 6735, 6736, 6737, 6738, 6739, 6740, 6741, 6742, 6743, 6744, 6745, 6746, 6747]",1819,9138,80.09411249726416,68,68,0.029941724298042677,"[{'id': 2, 'label': 'Z.P3', 'text': 'Das Wissen einer KI kann eine deutlich hoehere Menge erreichen, als das Wissen eines Menschen. '}, {'id': 3, 'label': 'Z.P3', 'text': 'Eine KI kann mehr Wissen als ein Mensch'}, {'id': 8, 'label': 'Z.P1', 'text': 'Der Trend geht ohnehin weg von kleinen Landarztpraxen und hin zu medizinischen Versorgungszentren'}, {'id': 24, 'label': 'Z.P1', 'text': 'Aerzte sind doch auch Rund um die Uhr erreichbar?! Dafuer werden Sie auch dementsprechend bezahlt. Auf dem Land natuerlich nicht, aber eine KI koennte auch nicht ohne Beaufsichtigung das Krankenhaus leiten'}, {'id': 85, 'label': 'Z.P2', 'text': 'KI sind objektiv '}, {'id': 86, 'label': 'Z.P2', 'text': 'KI sind nicht bestechbar'}, {'id': 100, 'label': 'Z.P1', 'text': 'Mit medKI gibt es immerhin genug Aerztinnen, die jetzt fehlen?'}, {'id': 103, 'label': 'Z.P1-1', 'text': 'Personal wird dann trotzdem benoetigt '}, {'id': 137, 'label': 'Z.P1', 'text': 'In vielen Medizinischen Bereichen herrscht ein grosser Personalmangel. Gerade bei einfachen Diagnosen kann es dann sinnvoll sein, dass diese eine KI uebernimmt'}, {'id': 138, 'label': 'Z.P1', 'text': 'Das ist zwar nicht ganz das was ich meinte aber auch ein guter Punkt. Ich wollte eher auf die Entlastung des Personals abzielen und eine Verschnoerkelung des diagnostischen Prozesses, sowie verkuerzte Wartezeiten.'}]"
464,3605,2,Jobs gehen verloren ,['Z.P1-1'],AUTOAI,"[['Greeting_Message'], ['OTHER'], ['intro_26', 'Z.P8-1', 'intro_3', 'Z.P8-1-1'], ['CONSENT'], ['Z.P2-1'], ['Z.P12'], ['intro_25', 'Z.P7-1', 'intro_5', 'z_trans_12', 'Z.P8'], ['Z.C13'], ['intro_24', 'Z.P8-1', 'intro_6', 'z_trans_1', 'Z.P11'], ['Z.C3'], ['intro_28', 'Z.C3', 'intro_1', 'Z.C3-2'], ['Z.C6'], ['intro_26', 'Z.C6', 'intro_1', 'Z.C6-2'], ['CON_NZARG'], ['Z.P1-1']]","[1871, 1893, 2466, 2670, 2725, 2752, 2753, 6378, 6379, 6380, 6381, 6382, 6383, 6384, 6385, 6386, 6387, 6388, 6389, 6390, 6391, 6392, 6393, 6394, 6395, 6396, 6397, 6398, 6399, 6400, 6401, 6402, 6403, 6404]",1819,9138,80.09411249726416,34,34,0.014970862149021338,"[{'id': 2, 'label': 'Z.P3', 'text': 'Das Wissen einer KI kann eine deutlich hoehere Menge erreichen, als das Wissen eines Menschen. '}, {'id': 3, 'label': 'Z.P3', 'text': 'Eine KI kann mehr Wissen als ein Mensch'}, {'id': 8, 'label': 'Z.P1', 'text': 'Der Trend geht ohnehin weg von kleinen Landarztpraxen und hin zu medizinischen Versorgungszentren'}, {'id': 24, 'label': 'Z.P1', 'text': 'Aerzte sind doch auch Rund um die Uhr erreichbar?! Dafuer werden Sie auch dementsprechend bezahlt. Auf dem Land natuerlich nicht, aber eine KI koennte auch nicht ohne Beaufsichtigung das Krankenhaus leiten'}, {'id': 85, 'label': 'Z.P2', 'text': 'KI sind objektiv '}, {'id': 86, 'label': 'Z.P2', 'text': 'KI sind nicht bestechbar'}, {'id': 100, 'label': 'Z.P1', 'text': 'Mit medKI gibt es immerhin genug Aerztinnen, die jetzt fehlen?'}, {'id': 103, 'label': 'Z.P1-1', 'text': 'Personal wird dann trotzdem benoetigt '}, {'id': 137, 'label': 'Z.P1', 'text': 'In vielen Medizinischen Bereichen herrscht ein grosser Personalmangel. Gerade bei einfachen Diagnosen kann es dann sinnvoll sein, dass diese eine KI uebernimmt'}, {'id': 138, 'label': 'Z.P1', 'text': 'Das ist zwar nicht ganz das was ich meinte aber auch ein guter Punkt. Ich wollte eher auf die Entlastung des Personals abzielen und eine Verschnoerkelung des diagnostischen Prozesses, sowie verkuerzte Wartezeiten.'}]"
465,3609,1,Manipulationen des Strassenverkehrs bzw Gefaehrdung anderer kann auch ohne KI passieren,['Z.C4-1-2'],AUTOAI,"[['Greeting_Message'], ['Z.P9'], ['intro_27', 'Z.C3-2', 'intro_4', 'z_trans_1', 'Z.C4']]","[1986, 2145, 2146, 2270, 2393, 2424, 2580, 2631, 2728, 7165, 7166, 7167, 7168, 7169, 7170, 7171, 7172, 7173, 7174, 7175, 7176, 7177, 7178, 7179, 7180, 7181, 7182, 7183, 7184, 7185, 7186, 7187, 7188, 7189, 7190, 7191]",329,9138,96.39964981396368,36,36,0.10548289949248305,"[{'id': 1861, 'label': 'Z.C3-2', 'text': 'Wenn ein Mensch einen Fehler macht lernt nur dieser ein Mensch und macht ihn nicht wieder. Ein autonomes Auto kann Fehler direk an alle weitergeben, sodass alle davon lernen, jeder Fehler sollte nur ein einziges mal gemacht werden '}, {'id': 1865, 'label': 'Z.C8-1', 'text': ' man kann anonymisiert daten ueber fahrtweg austauschen ohne gesamte fahrplaene freizugeben'}, {'id': 1869, 'label': 'Z.C8-1', 'text': 'Dann macht man Syteme die diese Daten nicht teilen'}, {'id': 1916, 'label': 'Z.C4-1', 'text': 'Das kann man ja aber durch eine gute firewall absichern'}, {'id': 1917, 'label': 'Z.C4-1', 'text': 'Das kann man sicher machen'}, {'id': 1918, 'label': 'Z.C8-1', 'text': 'Das kann man loesen indem keine daten gespeichert werden'}, {'id': 1919, 'label': 'Z.C8-1', 'text': 'Daten nicht speichern'}, {'id': 1933, 'label': 'Z.C3-2', 'text': 'Die Autos muessten deshalb untereinander vernetzt sein'}, {'id': 1934, 'label': 'Z.C3-2', 'text': 'Autos aller Hersteller muessten dann untereinander kommunizieren koennen'}, {'id': 1935, 'label': 'Z.C8-1', 'text': 'Dafuer gibt es Datenschutzgesetze '}]"
466,3610,1,KI kann das erlernen,['Z.P11-1-1'],AUTOAI,"[['Greeting_Message'], ['Z.P9'], ['intro_27', 'Z.C3-2', 'intro_4', 'z_trans_1', 'Z.C4'], ['Z.C4-1-2'], ['Z.P11']]","[2365, 2478, 2574, 2601, 2663, 2667, 2729, 2763, 7798, 7799, 7800, 7801, 7802, 7803, 7804, 7805, 7806, 7807, 7808, 7809, 7810, 7811, 7812, 7813, 7814, 7815, 7816, 7817, 7818, 7819, 7820, 7821, 7822, 7823, 7824, 7825]",1819,9138,80.09411249726416,36,36,0.01585150109896377,"[{'id': 2, 'label': 'Z.P3', 'text': 'Das Wissen einer KI kann eine deutlich hoehere Menge erreichen, als das Wissen eines Menschen. '}, {'id': 3, 'label': 'Z.P3', 'text': 'Eine KI kann mehr Wissen als ein Mensch'}, {'id': 8, 'label': 'Z.P1', 'text': 'Der Trend geht ohnehin weg von kleinen Landarztpraxen und hin zu medizinischen Versorgungszentren'}, {'id': 24, 'label': 'Z.P1', 'text': 'Aerzte sind doch auch Rund um die Uhr erreichbar?! Dafuer werden Sie auch dementsprechend bezahlt. Auf dem Land natuerlich nicht, aber eine KI koennte auch nicht ohne Beaufsichtigung das Krankenhaus leiten'}, {'id': 85, 'label': 'Z.P2', 'text': 'KI sind objektiv '}, {'id': 86, 'label': 'Z.P2', 'text': 'KI sind nicht bestechbar'}, {'id': 100, 'label': 'Z.P1', 'text': 'Mit medKI gibt es immerhin genug Aerztinnen, die jetzt fehlen?'}, {'id': 103, 'label': 'Z.P1-1', 'text': 'Personal wird dann trotzdem benoetigt '}, {'id': 137, 'label': 'Z.P1', 'text': 'In vielen Medizinischen Bereichen herrscht ein grosser Personalmangel. Gerade bei einfachen Diagnosen kann es dann sinnvoll sein, dass diese eine KI uebernimmt'}, {'id': 138, 'label': 'Z.P1', 'text': 'Das ist zwar nicht ganz das was ich meinte aber auch ein guter Punkt. Ich wollte eher auf die Entlastung des Personals abzielen und eine Verschnoerkelung des diagnostischen Prozesses, sowie verkuerzte Wartezeiten.'}]"
467,3611,1,"Ich stimme zu, jedoch koennen durch eine Auto KI Unfaelle besser vermieden werden, dieser Vorteil ueberwiegt den Umweltaspekt",['Z.P11'],AUTOAI,"[['Greeting_Message'], ['Z.P9'], ['intro_27', 'Z.C3-2', 'intro_4', 'z_trans_1', 'Z.C4'], ['Z.C4-1-2'], ['Z.P11'], ['Z.P11-1-1'], ['Z.P12']]","[1859, 1873, 1874, 1898, 1899, 1926, 1927, 1948, 1949, 1979, 1980, 1987, 1988, 1994, 2076, 2077, 2122, 2127, 2131, 2138, 2139, 2172, 2173, 2176, 2177, 2183, 2184, 2215, 2223, 2231, 2232, 2237, 2238, 2253, 2254, 2273, 2277, 2300, 2301, 2311, 2312, 2313, 2322, 2329, 2360, 2361, 2387, 2388, 2414, 2415, 2428, 2429, 2439, 2447, 2463, 2468, 2484, 2508, 2515, 2533, 2550, 2553, 2573, 2576, 2588, 2590, 2600, 2615, 2618, 2639, 2642, 2647, 2662, 2666, 2668, 2674, 2693, 2694, 2714, 2716, 2730, 2735, 2744, 2757, 2762, 2778, 2788, 2790, 7744, 7745, 7746, 7747, 7748, 7749, 7750, 7751, 7752, 7753, 7754, 7755, 7756, 7757, 7758, 7759, 7760, 7761, 7762, 7763, 7764, 7765, 7766, 7767, 7768, 7769, 7770]",1819,9138,80.09411249726416,115,115,0.05063673962168983,"[{'id': 2, 'label': 'Z.P3', 'text': 'Das Wissen einer KI kann eine deutlich hoehere Menge erreichen, als das Wissen eines Menschen. '}, {'id': 3, 'label': 'Z.P3', 'text': 'Eine KI kann mehr Wissen als ein Mensch'}, {'id': 8, 'label': 'Z.P1', 'text': 'Der Trend geht ohnehin weg von kleinen Landarztpraxen und hin zu medizinischen Versorgungszentren'}, {'id': 24, 'label': 'Z.P1', 'text': 'Aerzte sind doch auch Rund um die Uhr erreichbar?! Dafuer werden Sie auch dementsprechend bezahlt. Auf dem Land natuerlich nicht, aber eine KI koennte auch nicht ohne Beaufsichtigung das Krankenhaus leiten'}, {'id': 85, 'label': 'Z.P2', 'text': 'KI sind objektiv '}, {'id': 86, 'label': 'Z.P2', 'text': 'KI sind nicht bestechbar'}, {'id': 100, 'label': 'Z.P1', 'text': 'Mit medKI gibt es immerhin genug Aerztinnen, die jetzt fehlen?'}, {'id': 103, 'label': 'Z.P1-1', 'text': 'Personal wird dann trotzdem benoetigt '}, {'id': 137, 'label': 'Z.P1', 'text': 'In vielen Medizinischen Bereichen herrscht ein grosser Personalmangel. Gerade bei einfachen Diagnosen kann es dann sinnvoll sein, dass diese eine KI uebernimmt'}, {'id': 138, 'label': 'Z.P1', 'text': 'Das ist zwar nicht ganz das was ich meinte aber auch ein guter Punkt. Ich wollte eher auf die Entlastung des Personals abzielen und eine Verschnoerkelung des diagnostischen Prozesses, sowie verkuerzte Wartezeiten.'}]"
468,3612,1,Wenn nur noch Auto KIs am Strassenverkehr teilnehmen ist dieses Problem nicht mehr vorhanden,['Z.P8-1-2'],AUTOAI,"[['Greeting_Message'], ['Z.P9'], ['intro_27', 'Z.C3-2', 'intro_4', 'z_trans_1', 'Z.C4'], ['Z.C4-1-2'], ['Z.P11'], ['Z.P11-1-1'], ['Z.P12'], ['Z.P11'], ['intro_24', 'Z.P11', 'intro_4', 'z_trans_1', 'Z.P8-1']]","[1862, 1875, 1876, 1900, 1901, 1921, 1928, 1929, 1950, 1953, 1954, 1997, 2082, 2128, 2129, 2174, 2175, 2216, 2217, 2224, 2239, 2240, 2302, 2303, 2343, 2408, 2409, 2416, 2417, 2437, 2464, 2476, 2477, 2555, 2621, 2628, 2731, 7480, 7481, 7482, 7483, 7484, 7485, 7486, 7487, 7488, 7489, 7490, 7491, 7492, 7493, 7494, 7495, 7496, 7497, 7498, 7499, 7500, 7501, 7502, 7503, 7504, 7505]",1819,9138,80.09411249726416,63,63,0.0277401269231866,"[{'id': 2, 'label': 'Z.P3', 'text': 'Das Wissen einer KI kann eine deutlich hoehere Menge erreichen, als das Wissen eines Menschen. '}, {'id': 3, 'label': 'Z.P3', 'text': 'Eine KI kann mehr Wissen als ein Mensch'}, {'id': 8, 'label': 'Z.P1', 'text': 'Der Trend geht ohnehin weg von kleinen Landarztpraxen und hin zu medizinischen Versorgungszentren'}, {'id': 24, 'label': 'Z.P1', 'text': 'Aerzte sind doch auch Rund um die Uhr erreichbar?! Dafuer werden Sie auch dementsprechend bezahlt. Auf dem Land natuerlich nicht, aber eine KI koennte auch nicht ohne Beaufsichtigung das Krankenhaus leiten'}, {'id': 85, 'label': 'Z.P2', 'text': 'KI sind objektiv '}, {'id': 86, 'label': 'Z.P2', 'text': 'KI sind nicht bestechbar'}, {'id': 100, 'label': 'Z.P1', 'text': 'Mit medKI gibt es immerhin genug Aerztinnen, die jetzt fehlen?'}, {'id': 103, 'label': 'Z.P1-1', 'text': 'Personal wird dann trotzdem benoetigt '}, {'id': 137, 'label': 'Z.P1', 'text': 'In vielen Medizinischen Bereichen herrscht ein grosser Personalmangel. Gerade bei einfachen Diagnosen kann es dann sinnvoll sein, dass diese eine KI uebernimmt'}, {'id': 138, 'label': 'Z.P1', 'text': 'Das ist zwar nicht ganz das was ich meinte aber auch ein guter Punkt. Ich wollte eher auf die Entlastung des Personals abzielen und eine Verschnoerkelung des diagnostischen Prozesses, sowie verkuerzte Wartezeiten.'}]"
469,3613,1,"Als Passagier koennen andere Sachen erledigt werden, man verschwendet keine Zeit mit Fahren. Somit kann diese Zeit effektiv genutzt werden, dies erhoeht meiner Meinung nach die Akzeptanz.",['Z.P1'],AUTOAI,"[['Greeting_Message'], ['Z.P9'], ['intro_27', 'Z.C3-2', 'intro_4', 'z_trans_1', 'Z.C4'], ['Z.C4-1-2'], ['Z.P11'], ['Z.P11-1-1'], ['Z.P12'], ['Z.P11'], ['intro_24', 'Z.P11', 'intro_4', 'z_trans_1', 'Z.P8-1'], ['Z.P8-1-2'], ['Z.P8-1-1']]","[1951, 1952, 1991, 1992, 2226, 2271, 2318, 2338, 2339, 2465, 2479, 2489, 2556, 2603, 2652, 2653, 2669, 2720, 2732, 2777, 6352, 6353, 6354, 6355, 6356, 6357, 6358, 6359, 6360, 6361, 6362, 6363, 6364, 6365, 6366, 6367, 6368, 6369, 6370, 6371, 6372, 6373, 6374, 6375, 6376, 6377]",1819,9138,80.09411249726416,46,46,0.02025469584867593,"[{'id': 2, 'label': 'Z.P3', 'text': 'Das Wissen einer KI kann eine deutlich hoehere Menge erreichen, als das Wissen eines Menschen. '}, {'id': 3, 'label': 'Z.P3', 'text': 'Eine KI kann mehr Wissen als ein Mensch'}, {'id': 8, 'label': 'Z.P1', 'text': 'Der Trend geht ohnehin weg von kleinen Landarztpraxen und hin zu medizinischen Versorgungszentren'}, {'id': 24, 'label': 'Z.P1', 'text': 'Aerzte sind doch auch Rund um die Uhr erreichbar?! Dafuer werden Sie auch dementsprechend bezahlt. Auf dem Land natuerlich nicht, aber eine KI koennte auch nicht ohne Beaufsichtigung das Krankenhaus leiten'}, {'id': 85, 'label': 'Z.P2', 'text': 'KI sind objektiv '}, {'id': 86, 'label': 'Z.P2', 'text': 'KI sind nicht bestechbar'}, {'id': 100, 'label': 'Z.P1', 'text': 'Mit medKI gibt es immerhin genug Aerztinnen, die jetzt fehlen?'}, {'id': 103, 'label': 'Z.P1-1', 'text': 'Personal wird dann trotzdem benoetigt '}, {'id': 137, 'label': 'Z.P1', 'text': 'In vielen Medizinischen Bereichen herrscht ein grosser Personalmangel. Gerade bei einfachen Diagnosen kann es dann sinnvoll sein, dass diese eine KI uebernimmt'}, {'id': 138, 'label': 'Z.P1', 'text': 'Das ist zwar nicht ganz das was ich meinte aber auch ein guter Punkt. Ich wollte eher auf die Entlastung des Personals abzielen und eine Verschnoerkelung des diagnostischen Prozesses, sowie verkuerzte Wartezeiten.'}]"
470,3615,1,"Das ist kein Argument fuer oder gegen die Einfuehrung, das wird sich in der Zukunft zeigen. Zudem koennte man Werbung dafuer machen oder durch Subventionen die Leute zum Umdenken bewegen.",['Z.C5-2'],AUTOAI,"[['Greeting_Message'], ['Z.P9'], ['intro_27', 'Z.C3-2', 'intro_4', 'z_trans_1', 'Z.C4'], ['Z.C4-1-2'], ['Z.P11'], ['Z.P11-1-1'], ['Z.P12'], ['Z.P11'], ['intro_24', 'Z.P11', 'intro_4', 'z_trans_1', 'Z.P8-1'], ['Z.P8-1-2'], ['Z.P8-1-1'], ['Z.P1'], ['intro_25', 'Z.P1', 'intro_1', 'Z.P1-1'], ['Z.P10-1-1'], ['intro_24', 'Z.P10-1-1', 'intro_4', 'z_trans_12', 'Z.C5']]","[1930, 2218, 2241, 2242, 2332, 2346, 2347, 2450, 2535, 2654, 2734, 7349, 7350, 7351, 7352, 7353, 7354, 7355, 7356, 7357, 7358, 7359, 7360, 7361, 7362, 7363, 7364, 7365, 7366, 7367, 7368, 7369, 7370, 7371, 7372, 7373, 7374, 7375, 7376]",634,9138,93.06193915517619,39,39,0.057246303265802385,"[{'id': 1858, 'label': 'Z.C5-3', 'text': ""Solange die Ki signifikant besser Auto fahren kann als die durchschnittliche Person, kann gerechtfertigt werden dass KI's zugelassen werden. Die absolute Zahl der unfaelle sollte dann, statistisch gesehen runtergehen.""}, {'id': 1863, 'label': 'Z.C5', 'text': 'Die aussage ist falsch, Menschen lieben es nicht selber Entscheidungen zu erabeiten, zur diese zu treffen, wir haben Algorithmen die uns sagen was fuer Buecher wir gerne lesen wuerden, wir moegen nur die Entscheidung treffen aus der erarbeiteten Auswahl'}, {'id': 1877, 'label': 'Z.C5-3', 'text': 'viele neue technologien werden zunaechst von der gesellschaft angelehnt, etablieren sich jedoch mit dem wandel der gesellschaft ueber laengere zeit'}, {'id': 1878, 'label': 'Z.C5-3', 'text': 'die gesellschaft akzeptiert neue technologien mit dem wandel der zeit'}, {'id': 1879, 'label': 'Z.C6-3-1', 'text': 'da kein eingreifen der menschen moeglich ist, muesste der programmierer der KI rechtlich fuer das handeln des KIs sein'}, {'id': 1880, 'label': 'Z.C6-3-1', 'text': 'da die menschen nicht eingreifen koennen muss der hersteller der KI verantwortung fuer das handeln der KI tragen'}, {'id': 1882, 'label': 'Z.P10-1', 'text': 'durch die modernisierung des arbeitsmarkts durch KIs werden viele arbeitsplaetze verschwinden '}, {'id': 1885, 'label': 'Z.P10-2', 'text': 'Die Technologie ist bestimmt sehr teuer.'}, {'id': 1897, 'label': 'Z.P10-1-1', 'text': 'Dann kann man das Personal umschulen'}, {'id': 1922, 'label': 'Z.C5', 'text': 'Es wird alles akzeptiert, wenn es funktioniert '}]"
471,3617,1,Menschen werden abgelenkt und uebersehen auch oft Verkehrszeichen ,['Z.P8'],AUTOAI,"[['Greeting_Message'], ['Z.P11'], ['intro_23', 'Z.P11', 'intro_3', 'Z.P11-1']]","[1867, 1920, 2182, 2214, 2328, 2330, 2341, 2342, 2362, 2392, 2475, 2493, 2501, 2507, 2552, 2558, 2575, 2643, 2717, 2736, 2743, 2758, 2789, 7399, 7400, 7401, 7402, 7403, 7404, 7405, 7406, 7407, 7408, 7409, 7410, 7411, 7412, 7413, 7414, 7415, 7416, 7417, 7418, 7419, 7420, 7421, 7422, 7423, 7424, 7425]",1819,9138,80.09411249726416,50,50,0.022015973748560794,"[{'id': 2, 'label': 'Z.P3', 'text': 'Das Wissen einer KI kann eine deutlich hoehere Menge erreichen, als das Wissen eines Menschen. '}, {'id': 3, 'label': 'Z.P3', 'text': 'Eine KI kann mehr Wissen als ein Mensch'}, {'id': 8, 'label': 'Z.P1', 'text': 'Der Trend geht ohnehin weg von kleinen Landarztpraxen und hin zu medizinischen Versorgungszentren'}, {'id': 24, 'label': 'Z.P1', 'text': 'Aerzte sind doch auch Rund um die Uhr erreichbar?! Dafuer werden Sie auch dementsprechend bezahlt. Auf dem Land natuerlich nicht, aber eine KI koennte auch nicht ohne Beaufsichtigung das Krankenhaus leiten'}, {'id': 85, 'label': 'Z.P2', 'text': 'KI sind objektiv '}, {'id': 86, 'label': 'Z.P2', 'text': 'KI sind nicht bestechbar'}, {'id': 100, 'label': 'Z.P1', 'text': 'Mit medKI gibt es immerhin genug Aerztinnen, die jetzt fehlen?'}, {'id': 103, 'label': 'Z.P1-1', 'text': 'Personal wird dann trotzdem benoetigt '}, {'id': 137, 'label': 'Z.P1', 'text': 'In vielen Medizinischen Bereichen herrscht ein grosser Personalmangel. Gerade bei einfachen Diagnosen kann es dann sinnvoll sein, dass diese eine KI uebernimmt'}, {'id': 138, 'label': 'Z.P1', 'text': 'Das ist zwar nicht ganz das was ich meinte aber auch ein guter Punkt. Ich wollte eher auf die Entlastung des Personals abzielen und eine Verschnoerkelung des diagnostischen Prozesses, sowie verkuerzte Wartezeiten.'}]"
472,3618,1,"Denkst du, dass es auch umweltfreundlicher ist?",['Z.P12'],AUTOAI,"[['Greeting_Message'], ['Z.P11'], ['intro_23', 'Z.P11', 'intro_3', 'Z.P11-1'], ['Z.P8'], ['Z.P11']]","[1864, 1881, 1888, 1904, 1993, 2084, 2121, 2126, 2163, 2181, 2186, 2220, 2228, 2229, 2230, 2245, 2260, 2274, 2275, 2278, 2349, 2350, 2367, 2395, 2433, 2438, 2445, 2473, 2494, 2496, 2549, 2560, 2616, 2617, 2619, 2646, 2649, 2671, 2715, 2718, 2721, 2737, 6722, 6723, 6724, 6725, 6726, 6727, 6728, 6729, 6730, 6731, 6732, 6733, 6734, 6735, 6736, 6737, 6738, 6739, 6740, 6741, 6742, 6743, 6744, 6745, 6746, 6747]",1819,9138,80.09411249726416,68,68,0.029941724298042677,"[{'id': 2, 'label': 'Z.P3', 'text': 'Das Wissen einer KI kann eine deutlich hoehere Menge erreichen, als das Wissen eines Menschen. '}, {'id': 3, 'label': 'Z.P3', 'text': 'Eine KI kann mehr Wissen als ein Mensch'}, {'id': 8, 'label': 'Z.P1', 'text': 'Der Trend geht ohnehin weg von kleinen Landarztpraxen und hin zu medizinischen Versorgungszentren'}, {'id': 24, 'label': 'Z.P1', 'text': 'Aerzte sind doch auch Rund um die Uhr erreichbar?! Dafuer werden Sie auch dementsprechend bezahlt. Auf dem Land natuerlich nicht, aber eine KI koennte auch nicht ohne Beaufsichtigung das Krankenhaus leiten'}, {'id': 85, 'label': 'Z.P2', 'text': 'KI sind objektiv '}, {'id': 86, 'label': 'Z.P2', 'text': 'KI sind nicht bestechbar'}, {'id': 100, 'label': 'Z.P1', 'text': 'Mit medKI gibt es immerhin genug Aerztinnen, die jetzt fehlen?'}, {'id': 103, 'label': 'Z.P1-1', 'text': 'Personal wird dann trotzdem benoetigt '}, {'id': 137, 'label': 'Z.P1', 'text': 'In vielen Medizinischen Bereichen herrscht ein grosser Personalmangel. Gerade bei einfachen Diagnosen kann es dann sinnvoll sein, dass diese eine KI uebernimmt'}, {'id': 138, 'label': 'Z.P1', 'text': 'Das ist zwar nicht ganz das was ich meinte aber auch ein guter Punkt. Ich wollte eher auf die Entlastung des Personals abzielen und eine Verschnoerkelung des diagnostischen Prozesses, sowie verkuerzte Wartezeiten.'}]"
473,3628,1,"Ja aber die KI wird nicht muede bzw. abgelenkt werden, da sie auf die fahrprozesse spezialisiert ist. Wird das Auto also nur von der KI gelenkt, so koennen menschliche Fahrverhalten ignoriert werden.",['Z.P11'],AUTOAI,"[['Greeting_Message'], ['OTHER'], ['Z.C3-1'], ['CONSENT', 'Z.P8'], ['intro_26', 'Z.P8', 'intro_2', 'Z.P8-1']]","[1859, 1873, 1874, 1898, 1899, 1926, 1927, 1948, 1949, 1979, 1980, 1987, 1988, 1994, 2076, 2077, 2122, 2127, 2131, 2138, 2139, 2172, 2173, 2176, 2177, 2183, 2184, 2215, 2223, 2231, 2232, 2237, 2238, 2253, 2254, 2273, 2277, 2300, 2301, 2311, 2312, 2313, 2322, 2329, 2360, 2361, 2387, 2388, 2414, 2415, 2428, 2429, 2439, 2447, 2463, 2468, 2484, 2508, 2515, 2533, 2550, 2553, 2573, 2576, 2588, 2590, 2600, 2615, 2618, 2639, 2642, 2647, 2662, 2666, 2668, 2674, 2693, 2694, 2714, 2716, 2730, 2735, 2744, 2757, 2762, 2778, 2788, 2790, 7744, 7745, 7746, 7747, 7748, 7749, 7750, 7751, 7752, 7753, 7754, 7755, 7756, 7757, 7758, 7759, 7760, 7761, 7762, 7763, 7764, 7765, 7766, 7767, 7768, 7769, 7770]",1819,9138,80.09411249726416,115,115,0.05063673962168983,"[{'id': 2, 'label': 'Z.P3', 'text': 'Das Wissen einer KI kann eine deutlich hoehere Menge erreichen, als das Wissen eines Menschen. '}, {'id': 3, 'label': 'Z.P3', 'text': 'Eine KI kann mehr Wissen als ein Mensch'}, {'id': 8, 'label': 'Z.P1', 'text': 'Der Trend geht ohnehin weg von kleinen Landarztpraxen und hin zu medizinischen Versorgungszentren'}, {'id': 24, 'label': 'Z.P1', 'text': 'Aerzte sind doch auch Rund um die Uhr erreichbar?! Dafuer werden Sie auch dementsprechend bezahlt. Auf dem Land natuerlich nicht, aber eine KI koennte auch nicht ohne Beaufsichtigung das Krankenhaus leiten'}, {'id': 85, 'label': 'Z.P2', 'text': 'KI sind objektiv '}, {'id': 86, 'label': 'Z.P2', 'text': 'KI sind nicht bestechbar'}, {'id': 100, 'label': 'Z.P1', 'text': 'Mit medKI gibt es immerhin genug Aerztinnen, die jetzt fehlen?'}, {'id': 103, 'label': 'Z.P1-1', 'text': 'Personal wird dann trotzdem benoetigt '}, {'id': 137, 'label': 'Z.P1', 'text': 'In vielen Medizinischen Bereichen herrscht ein grosser Personalmangel. Gerade bei einfachen Diagnosen kann es dann sinnvoll sein, dass diese eine KI uebernimmt'}, {'id': 138, 'label': 'Z.P1', 'text': 'Das ist zwar nicht ganz das was ich meinte aber auch ein guter Punkt. Ich wollte eher auf die Entlastung des Personals abzielen und eine Verschnoerkelung des diagnostischen Prozesses, sowie verkuerzte Wartezeiten.'}]"
474,3629,1,Da gebe ich dir recht. Hier muessten Loesung fuer besserer Privatsphaere geschaffen werden,['Z.C8-1'],AUTOAI,"[['Greeting_Message'], ['OTHER'], ['Z.C3-1'], ['CONSENT', 'Z.P8'], ['intro_26', 'Z.P8', 'intro_2', 'Z.P8-1'], ['Z.P11'], ['Z.C3-1']]","[1865, 1869, 1918, 1919, 1935, 1976, 1977, 2147, 2148, 2554, 2745, 2791, 8087, 8088, 8089, 8090, 8091, 8092, 8093, 8094, 8095, 8096, 8097, 8098, 8099, 8100, 8101, 8102, 8103, 8104, 8105, 8106, 8107, 8108, 8109, 8110, 8111, 8112, 8113]",329,9138,96.39964981396368,39,39,0.11427314111685663,"[{'id': 1861, 'label': 'Z.C3-2', 'text': 'Wenn ein Mensch einen Fehler macht lernt nur dieser ein Mensch und macht ihn nicht wieder. Ein autonomes Auto kann Fehler direk an alle weitergeben, sodass alle davon lernen, jeder Fehler sollte nur ein einziges mal gemacht werden '}, {'id': 1865, 'label': 'Z.C8-1', 'text': ' man kann anonymisiert daten ueber fahrtweg austauschen ohne gesamte fahrplaene freizugeben'}, {'id': 1869, 'label': 'Z.C8-1', 'text': 'Dann macht man Syteme die diese Daten nicht teilen'}, {'id': 1916, 'label': 'Z.C4-1', 'text': 'Das kann man ja aber durch eine gute firewall absichern'}, {'id': 1917, 'label': 'Z.C4-1', 'text': 'Das kann man sicher machen'}, {'id': 1918, 'label': 'Z.C8-1', 'text': 'Das kann man loesen indem keine daten gespeichert werden'}, {'id': 1919, 'label': 'Z.C8-1', 'text': 'Daten nicht speichern'}, {'id': 1933, 'label': 'Z.C3-2', 'text': 'Die Autos muessten deshalb untereinander vernetzt sein'}, {'id': 1934, 'label': 'Z.C3-2', 'text': 'Autos aller Hersteller muessten dann untereinander kommunizieren koennen'}, {'id': 1935, 'label': 'Z.C8-1', 'text': 'Dafuer gibt es Datenschutzgesetze '}]"
475,3630,1,Darin sehe ich tatsaechlich auch das Groesse Problem der KI. Technisches Versagen ist immer moeglich und kann final nur durch den Menschen behoben werden. ,['Z.C3'],AUTOAI,"[['Greeting_Message'], ['OTHER'], ['Z.C3-1'], ['CONSENT', 'Z.P8'], ['intro_26', 'Z.P8', 'intro_2', 'Z.P8-1'], ['Z.P11'], ['Z.C3-1'], ['CONSENT', 'Z.C8-1'], ['intro_32', 'Z.C8-1', 'intro_5', 'z_trans_12', 'Z.C3']]","[1964, 1965, 1966, 1967, 2017, 2018, 2025, 2026, 2027, 2028, 2159, 2160, 2161, 2213, 2291, 2292, 2293, 2294, 2295, 2296, 2336, 2351, 2354, 2359, 2368, 2384, 2453, 2460, 2509, 2546, 2609, 2610, 2678, 2680, 2711, 2723, 2746, 2751, 7008, 7009, 7010, 7011, 7012, 7013, 7014, 7015, 7016, 7017, 7018, 7019, 7020, 7021, 7022, 7023, 7024, 7025, 7026, 7027, 7028, 7029, 7030, 7031, 7032, 7033, 7034]",329,9138,96.39964981396368,65,65,0.19045523519476104,"[{'id': 1861, 'label': 'Z.C3-2', 'text': 'Wenn ein Mensch einen Fehler macht lernt nur dieser ein Mensch und macht ihn nicht wieder. Ein autonomes Auto kann Fehler direk an alle weitergeben, sodass alle davon lernen, jeder Fehler sollte nur ein einziges mal gemacht werden '}, {'id': 1865, 'label': 'Z.C8-1', 'text': ' man kann anonymisiert daten ueber fahrtweg austauschen ohne gesamte fahrplaene freizugeben'}, {'id': 1869, 'label': 'Z.C8-1', 'text': 'Dann macht man Syteme die diese Daten nicht teilen'}, {'id': 1916, 'label': 'Z.C4-1', 'text': 'Das kann man ja aber durch eine gute firewall absichern'}, {'id': 1917, 'label': 'Z.C4-1', 'text': 'Das kann man sicher machen'}, {'id': 1918, 'label': 'Z.C8-1', 'text': 'Das kann man loesen indem keine daten gespeichert werden'}, {'id': 1919, 'label': 'Z.C8-1', 'text': 'Daten nicht speichern'}, {'id': 1933, 'label': 'Z.C3-2', 'text': 'Die Autos muessten deshalb untereinander vernetzt sein'}, {'id': 1934, 'label': 'Z.C3-2', 'text': 'Autos aller Hersteller muessten dann untereinander kommunizieren koennen'}, {'id': 1935, 'label': 'Z.C8-1', 'text': 'Dafuer gibt es Datenschutzgesetze '}]"
476,3633,1,"Ethisch korrekt wird die Entscheidung nie sein, da immer etwas dafuer oder dagegen spricht ",['Z.C6'],AUTOAI,"[['Greeting_Message'], ['OTHER'], ['Z.C3-1'], ['CONSENT', 'Z.P8'], ['intro_26', 'Z.P8', 'intro_2', 'Z.P8-1'], ['Z.P11'], ['Z.C3-1'], ['CONSENT', 'Z.C8-1'], ['intro_32', 'Z.C8-1', 'intro_5', 'z_trans_12', 'Z.C3'], ['CONSENT', 'Z.C3'], ['Z.P11'], ['Z.C3-2'], ['Z.C3-1'], ['Z.C5-3'], ['intro_32', 'Z.C5-2', 'intro_6', 'z_trans_16', 'Z.C6']]","[2100, 2101, 2151, 2152, 2344, 2345, 2502, 2506, 2525, 2634, 2636, 2637, 2705, 2707, 2712, 2724, 2749, 7609, 7610, 7611, 7612, 7613, 7614, 7615, 7616, 7617, 7618, 7619, 7620, 7621, 7622, 7623, 7624, 7625, 7626, 7627, 7628, 7629, 7630, 7631, 7632, 7633, 7634, 7635]",442,9138,95.163055373167,44,44,0.09473245331265492,"[{'id': 1858, 'label': 'Z.C5-3', 'text': ""Solange die Ki signifikant besser Auto fahren kann als die durchschnittliche Person, kann gerechtfertigt werden dass KI's zugelassen werden. Die absolute Zahl der unfaelle sollte dann, statistisch gesehen runtergehen.""}, {'id': 1863, 'label': 'Z.C5', 'text': 'Die aussage ist falsch, Menschen lieben es nicht selber Entscheidungen zu erabeiten, zur diese zu treffen, wir haben Algorithmen die uns sagen was fuer Buecher wir gerne lesen wuerden, wir moegen nur die Entscheidung treffen aus der erarbeiteten Auswahl'}, {'id': 1877, 'label': 'Z.C5-3', 'text': 'viele neue technologien werden zunaechst von der gesellschaft angelehnt, etablieren sich jedoch mit dem wandel der gesellschaft ueber laengere zeit'}, {'id': 1878, 'label': 'Z.C5-3', 'text': 'die gesellschaft akzeptiert neue technologien mit dem wandel der zeit'}, {'id': 1879, 'label': 'Z.C6-3-1', 'text': 'da kein eingreifen der menschen moeglich ist, muesste der programmierer der KI rechtlich fuer das handeln des KIs sein'}, {'id': 1880, 'label': 'Z.C6-3-1', 'text': 'da die menschen nicht eingreifen koennen muss der hersteller der KI verantwortung fuer das handeln der KI tragen'}, {'id': 1922, 'label': 'Z.C5', 'text': 'Es wird alles akzeptiert, wenn es funktioniert '}, {'id': 1923, 'label': 'Z.C5-3', 'text': 'Wenn das autonome Fahren ohne Unfall funktioniert, wird es auch von der Gesellschaft akzeptiert'}, {'id': 1930, 'label': 'Z.C5-2', 'text': 'Dafuer muss mehr Akzeptanz in der Gesellschaft geschaffen werden'}, {'id': 1978, 'label': 'Z.C5-1-1-1-1', 'text': 'Vollstaendig autonomes fahren ist zwar eine gute Idee auf dem Papier aber dabei fehlt eher die moeglichkeit einzugreifen'}]"
477,3634,1,"Menschen duerfen nicht als reine Objekte betrachtet werden, sind jedoch fuer die KI nur Dinge, die geschuetzt werden sollen ",['Z.C6-2-1'],AUTOAI,"[['Greeting_Message'], ['OTHER'], ['Z.C3-1'], ['CONSENT', 'Z.P8'], ['intro_26', 'Z.P8', 'intro_2', 'Z.P8-1'], ['Z.P11'], ['Z.C3-1'], ['CONSENT', 'Z.C8-1'], ['intro_32', 'Z.C8-1', 'intro_5', 'z_trans_12', 'Z.C3'], ['CONSENT', 'Z.C3'], ['Z.P11'], ['Z.C3-2'], ['Z.C3-1'], ['Z.C5-3'], ['intro_32', 'Z.C5-2', 'intro_6', 'z_trans_16', 'Z.C6'], ['Z.C6'], ['intro_25', 'Z.C6-2', 'intro_1', 'Z.C6-2-1']]","[2706, 2750, 7663, 7664, 7665, 7666, 7667, 7668, 7669, 7670, 7671, 7672, 7673, 7674, 7675, 7676, 7677, 7678, 7679, 7680, 7681, 7682, 7683, 7684, 7685, 7686, 7687, 7688, 7689]",442,9138,95.163055373167,29,29,0.06243729877424984,"[{'id': 1858, 'label': 'Z.C5-3', 'text': ""Solange die Ki signifikant besser Auto fahren kann als die durchschnittliche Person, kann gerechtfertigt werden dass KI's zugelassen werden. Die absolute Zahl der unfaelle sollte dann, statistisch gesehen runtergehen.""}, {'id': 1863, 'label': 'Z.C5', 'text': 'Die aussage ist falsch, Menschen lieben es nicht selber Entscheidungen zu erabeiten, zur diese zu treffen, wir haben Algorithmen die uns sagen was fuer Buecher wir gerne lesen wuerden, wir moegen nur die Entscheidung treffen aus der erarbeiteten Auswahl'}, {'id': 1877, 'label': 'Z.C5-3', 'text': 'viele neue technologien werden zunaechst von der gesellschaft angelehnt, etablieren sich jedoch mit dem wandel der gesellschaft ueber laengere zeit'}, {'id': 1878, 'label': 'Z.C5-3', 'text': 'die gesellschaft akzeptiert neue technologien mit dem wandel der zeit'}, {'id': 1879, 'label': 'Z.C6-3-1', 'text': 'da kein eingreifen der menschen moeglich ist, muesste der programmierer der KI rechtlich fuer das handeln des KIs sein'}, {'id': 1880, 'label': 'Z.C6-3-1', 'text': 'da die menschen nicht eingreifen koennen muss der hersteller der KI verantwortung fuer das handeln der KI tragen'}, {'id': 1922, 'label': 'Z.C5', 'text': 'Es wird alles akzeptiert, wenn es funktioniert '}, {'id': 1923, 'label': 'Z.C5-3', 'text': 'Wenn das autonome Fahren ohne Unfall funktioniert, wird es auch von der Gesellschaft akzeptiert'}, {'id': 1930, 'label': 'Z.C5-2', 'text': 'Dafuer muss mehr Akzeptanz in der Gesellschaft geschaffen werden'}, {'id': 1978, 'label': 'Z.C5-1-1-1-1', 'text': 'Vollstaendig autonomes fahren ist zwar eine gute Idee auf dem Papier aber dabei fehlt eher die moeglichkeit einzugreifen'}]"
478,3638,2,"sollte die KI eingesetzt werden, wuerde dies weiterfuehrend zu einem Jobverlust kommen (Taxifahrer, Busfahrer, etc.). Das wuerde die Arbeitslosigkeit nur weiter erhoehen ",['Z.P1-1'],AUTOAI,"[['Greeting_Message'], ['Z.C3'], ['intro_24', 'Z.C3', 'intro_3', 'Z.C3-2'], ['OTHER'], ['Z.P11-1']]","[1871, 1893, 2466, 2670, 2725, 2752, 2753, 6378, 6379, 6380, 6381, 6382, 6383, 6384, 6385, 6386, 6387, 6388, 6389, 6390, 6391, 6392, 6393, 6394, 6395, 6396, 6397, 6398, 6399, 6400, 6401, 6402, 6403, 6404]",1819,9138,80.09411249726416,34,34,0.014970862149021338,"[{'id': 2, 'label': 'Z.P3', 'text': 'Das Wissen einer KI kann eine deutlich hoehere Menge erreichen, als das Wissen eines Menschen. '}, {'id': 3, 'label': 'Z.P3', 'text': 'Eine KI kann mehr Wissen als ein Mensch'}, {'id': 8, 'label': 'Z.P1', 'text': 'Der Trend geht ohnehin weg von kleinen Landarztpraxen und hin zu medizinischen Versorgungszentren'}, {'id': 24, 'label': 'Z.P1', 'text': 'Aerzte sind doch auch Rund um die Uhr erreichbar?! Dafuer werden Sie auch dementsprechend bezahlt. Auf dem Land natuerlich nicht, aber eine KI koennte auch nicht ohne Beaufsichtigung das Krankenhaus leiten'}, {'id': 85, 'label': 'Z.P2', 'text': 'KI sind objektiv '}, {'id': 86, 'label': 'Z.P2', 'text': 'KI sind nicht bestechbar'}, {'id': 100, 'label': 'Z.P1', 'text': 'Mit medKI gibt es immerhin genug Aerztinnen, die jetzt fehlen?'}, {'id': 103, 'label': 'Z.P1-1', 'text': 'Personal wird dann trotzdem benoetigt '}, {'id': 137, 'label': 'Z.P1', 'text': 'In vielen Medizinischen Bereichen herrscht ein grosser Personalmangel. Gerade bei einfachen Diagnosen kann es dann sinnvoll sein, dass diese eine KI uebernimmt'}, {'id': 138, 'label': 'Z.P1', 'text': 'Das ist zwar nicht ganz das was ich meinte aber auch ein guter Punkt. Ich wollte eher auf die Entlastung des Personals abzielen und eine Verschnoerkelung des diagnostischen Prozesses, sowie verkuerzte Wartezeiten.'}]"
479,3639,2,"Dann muessten aber auch die Fort- und Weiterbildungen uebernommen werden, da die Menschen nichts dafuer koennen, wenn ihnen der Job geklaut wird",['Z.P1-1'],AUTOAI,"[['Greeting_Message'], ['Z.C3'], ['intro_24', 'Z.C3', 'intro_3', 'Z.C3-2'], ['OTHER'], ['Z.P11-1'], ['Z.P1-1'], ['intro_27', 'Z.P1-1', 'intro_2', 'Z.P10-1-1']]","[1871, 1893, 2466, 2670, 2725, 2752, 2753, 6378, 6379, 6380, 6381, 6382, 6383, 6384, 6385, 6386, 6387, 6388, 6389, 6390, 6391, 6392, 6393, 6394, 6395, 6396, 6397, 6398, 6399, 6400, 6401, 6402, 6403, 6404]",2011,9138,77.99299627927337,34,34,0.013186284801070584,"[{'id': 2, 'label': 'Z.P3', 'text': 'Das Wissen einer KI kann eine deutlich hoehere Menge erreichen, als das Wissen eines Menschen. '}, {'id': 3, 'label': 'Z.P3', 'text': 'Eine KI kann mehr Wissen als ein Mensch'}, {'id': 8, 'label': 'Z.P1', 'text': 'Der Trend geht ohnehin weg von kleinen Landarztpraxen und hin zu medizinischen Versorgungszentren'}, {'id': 24, 'label': 'Z.P1', 'text': 'Aerzte sind doch auch Rund um die Uhr erreichbar?! Dafuer werden Sie auch dementsprechend bezahlt. Auf dem Land natuerlich nicht, aber eine KI koennte auch nicht ohne Beaufsichtigung das Krankenhaus leiten'}, {'id': 85, 'label': 'Z.P2', 'text': 'KI sind objektiv '}, {'id': 86, 'label': 'Z.P2', 'text': 'KI sind nicht bestechbar'}, {'id': 100, 'label': 'Z.P1', 'text': 'Mit medKI gibt es immerhin genug Aerztinnen, die jetzt fehlen?'}, {'id': 103, 'label': 'Z.P1-1', 'text': 'Personal wird dann trotzdem benoetigt '}, {'id': 137, 'label': 'Z.P1', 'text': 'In vielen Medizinischen Bereichen herrscht ein grosser Personalmangel. Gerade bei einfachen Diagnosen kann es dann sinnvoll sein, dass diese eine KI uebernimmt'}, {'id': 138, 'label': 'Z.P1', 'text': 'Das ist zwar nicht ganz das was ich meinte aber auch ein guter Punkt. Ich wollte eher auf die Entlastung des Personals abzielen und eine Verschnoerkelung des diagnostischen Prozesses, sowie verkuerzte Wartezeiten.'}]"
480,3640,2,"Aber ich muss doch trotzdem aus dem Fahrzeug aussteigen koennen, deshalb keine schmaleren Stellplaetze.",['Z.P7-1'],AUTOAI,"[['Greeting_Message'], ['Z.C3'], ['intro_24', 'Z.C3', 'intro_3', 'Z.C3-2'], ['OTHER'], ['Z.P11-1'], ['Z.P1-1'], ['intro_27', 'Z.P1-1', 'intro_2', 'Z.P10-1-1'], ['Z.P1-1'], ['intro_24', 'Z.P1-1', 'intro_4', 'z_trans_1', 'Z.P7']]","[2606, 2754, 6695, 6696, 6697, 6698, 6699, 6700, 6701, 6702, 6703, 6704, 6705, 6706, 6707, 6708, 6709, 6710, 6711, 6712, 6713, 6714, 6715, 6716, 6717, 6718, 6719, 6720, 6721]",1819,9138,80.09411249726416,29,29,0.01276926477416526,"[{'id': 2, 'label': 'Z.P3', 'text': 'Das Wissen einer KI kann eine deutlich hoehere Menge erreichen, als das Wissen eines Menschen. '}, {'id': 3, 'label': 'Z.P3', 'text': 'Eine KI kann mehr Wissen als ein Mensch'}, {'id': 8, 'label': 'Z.P1', 'text': 'Der Trend geht ohnehin weg von kleinen Landarztpraxen und hin zu medizinischen Versorgungszentren'}, {'id': 24, 'label': 'Z.P1', 'text': 'Aerzte sind doch auch Rund um die Uhr erreichbar?! Dafuer werden Sie auch dementsprechend bezahlt. Auf dem Land natuerlich nicht, aber eine KI koennte auch nicht ohne Beaufsichtigung das Krankenhaus leiten'}, {'id': 85, 'label': 'Z.P2', 'text': 'KI sind objektiv '}, {'id': 86, 'label': 'Z.P2', 'text': 'KI sind nicht bestechbar'}, {'id': 100, 'label': 'Z.P1', 'text': 'Mit medKI gibt es immerhin genug Aerztinnen, die jetzt fehlen?'}, {'id': 103, 'label': 'Z.P1-1', 'text': 'Personal wird dann trotzdem benoetigt '}, {'id': 137, 'label': 'Z.P1', 'text': 'In vielen Medizinischen Bereichen herrscht ein grosser Personalmangel. Gerade bei einfachen Diagnosen kann es dann sinnvoll sein, dass diese eine KI uebernimmt'}, {'id': 138, 'label': 'Z.P1', 'text': 'Das ist zwar nicht ganz das was ich meinte aber auch ein guter Punkt. Ich wollte eher auf die Entlastung des Personals abzielen und eine Verschnoerkelung des diagnostischen Prozesses, sowie verkuerzte Wartezeiten.'}]"
481,3645,1,Der Mensch ist nicht die hoechste Gefahrenquelle im Strassenverkehr. Jedoch kann ein Mensch nunmehr Fehler machen. Dem koennte eine gut ausgebaute KI entgegenwirken,['Z.P8'],AUTOAI,"[['Greeting_Message'], ['Z.P11'], ['intro_32', 'Z.P11', 'intro_3', 'Z.P11-1']]","[1867, 1920, 2182, 2214, 2328, 2330, 2341, 2342, 2362, 2392, 2475, 2493, 2501, 2507, 2552, 2558, 2575, 2643, 2717, 2736, 2743, 2758, 2789, 7399, 7400, 7401, 7402, 7403, 7404, 7405, 7406, 7407, 7408, 7409, 7410, 7411, 7412, 7413, 7414, 7415, 7416, 7417, 7418, 7419, 7420, 7421, 7422, 7423, 7424, 7425]",1819,9138,80.09411249726416,50,50,0.022015973748560794,"[{'id': 2, 'label': 'Z.P3', 'text': 'Das Wissen einer KI kann eine deutlich hoehere Menge erreichen, als das Wissen eines Menschen. '}, {'id': 3, 'label': 'Z.P3', 'text': 'Eine KI kann mehr Wissen als ein Mensch'}, {'id': 8, 'label': 'Z.P1', 'text': 'Der Trend geht ohnehin weg von kleinen Landarztpraxen und hin zu medizinischen Versorgungszentren'}, {'id': 24, 'label': 'Z.P1', 'text': 'Aerzte sind doch auch Rund um die Uhr erreichbar?! Dafuer werden Sie auch dementsprechend bezahlt. Auf dem Land natuerlich nicht, aber eine KI koennte auch nicht ohne Beaufsichtigung das Krankenhaus leiten'}, {'id': 85, 'label': 'Z.P2', 'text': 'KI sind objektiv '}, {'id': 86, 'label': 'Z.P2', 'text': 'KI sind nicht bestechbar'}, {'id': 100, 'label': 'Z.P1', 'text': 'Mit medKI gibt es immerhin genug Aerztinnen, die jetzt fehlen?'}, {'id': 103, 'label': 'Z.P1-1', 'text': 'Personal wird dann trotzdem benoetigt '}, {'id': 137, 'label': 'Z.P1', 'text': 'In vielen Medizinischen Bereichen herrscht ein grosser Personalmangel. Gerade bei einfachen Diagnosen kann es dann sinnvoll sein, dass diese eine KI uebernimmt'}, {'id': 138, 'label': 'Z.P1', 'text': 'Das ist zwar nicht ganz das was ich meinte aber auch ein guter Punkt. Ich wollte eher auf die Entlastung des Personals abzielen und eine Verschnoerkelung des diagnostischen Prozesses, sowie verkuerzte Wartezeiten.'}]"
482,3651,1,"Die KI muss die Verkehrszeichen nicht erkennen, wenn diese in die Software implementiert sind. Also wie in Navis feststehende Blitzer oder Verkehrsbegrenzung auf Landstrassen",['Z.P11-1-1'],AUTOAI,"[['Greeting_Message'], ['Z.P11'], ['intro_32', 'Z.P11', 'intro_1', 'Z.P11-1']]","[2365, 2478, 2574, 2601, 2663, 2667, 2729, 2763, 7798, 7799, 7800, 7801, 7802, 7803, 7804, 7805, 7806, 7807, 7808, 7809, 7810, 7811, 7812, 7813, 7814, 7815, 7816, 7817, 7818, 7819, 7820, 7821, 7822, 7823, 7824, 7825]",1819,9138,80.09411249726416,36,36,0.01585150109896377,"[{'id': 2, 'label': 'Z.P3', 'text': 'Das Wissen einer KI kann eine deutlich hoehere Menge erreichen, als das Wissen eines Menschen. '}, {'id': 3, 'label': 'Z.P3', 'text': 'Eine KI kann mehr Wissen als ein Mensch'}, {'id': 8, 'label': 'Z.P1', 'text': 'Der Trend geht ohnehin weg von kleinen Landarztpraxen und hin zu medizinischen Versorgungszentren'}, {'id': 24, 'label': 'Z.P1', 'text': 'Aerzte sind doch auch Rund um die Uhr erreichbar?! Dafuer werden Sie auch dementsprechend bezahlt. Auf dem Land natuerlich nicht, aber eine KI koennte auch nicht ohne Beaufsichtigung das Krankenhaus leiten'}, {'id': 85, 'label': 'Z.P2', 'text': 'KI sind objektiv '}, {'id': 86, 'label': 'Z.P2', 'text': 'KI sind nicht bestechbar'}, {'id': 100, 'label': 'Z.P1', 'text': 'Mit medKI gibt es immerhin genug Aerztinnen, die jetzt fehlen?'}, {'id': 103, 'label': 'Z.P1-1', 'text': 'Personal wird dann trotzdem benoetigt '}, {'id': 137, 'label': 'Z.P1', 'text': 'In vielen Medizinischen Bereichen herrscht ein grosser Personalmangel. Gerade bei einfachen Diagnosen kann es dann sinnvoll sein, dass diese eine KI uebernimmt'}, {'id': 138, 'label': 'Z.P1', 'text': 'Das ist zwar nicht ganz das was ich meinte aber auch ein guter Punkt. Ich wollte eher auf die Entlastung des Personals abzielen und eine Verschnoerkelung des diagnostischen Prozesses, sowie verkuerzte Wartezeiten.'}]"
483,3652,1,Menschen koennen auf irrationales Verhalten der anderen Verkehrspartner ebenfalls nur schlecht reagieren. Dieses Argument ist also schwach ,['Z.P8-1-1'],AUTOAI,"[['Greeting_Message'], ['Z.P11'], ['intro_32', 'Z.P11', 'intro_1', 'Z.P11-1'], ['Z.P11-1-1'], ['Z.P11-1-1']]","[2140, 2141, 2178, 2179, 2255, 2256, 2397, 2764, 7453, 7454, 7455, 7456, 7457, 7458, 7459, 7460, 7461, 7462, 7463, 7464, 7465, 7466, 7467, 7468, 7469, 7470, 7471, 7472, 7473, 7474, 7475, 7476, 7477, 7478, 7479]",1819,9138,80.09411249726416,35,35,0.015411181623992555,"[{'id': 2, 'label': 'Z.P3', 'text': 'Das Wissen einer KI kann eine deutlich hoehere Menge erreichen, als das Wissen eines Menschen. '}, {'id': 3, 'label': 'Z.P3', 'text': 'Eine KI kann mehr Wissen als ein Mensch'}, {'id': 8, 'label': 'Z.P1', 'text': 'Der Trend geht ohnehin weg von kleinen Landarztpraxen und hin zu medizinischen Versorgungszentren'}, {'id': 24, 'label': 'Z.P1', 'text': 'Aerzte sind doch auch Rund um die Uhr erreichbar?! Dafuer werden Sie auch dementsprechend bezahlt. Auf dem Land natuerlich nicht, aber eine KI koennte auch nicht ohne Beaufsichtigung das Krankenhaus leiten'}, {'id': 85, 'label': 'Z.P2', 'text': 'KI sind objektiv '}, {'id': 86, 'label': 'Z.P2', 'text': 'KI sind nicht bestechbar'}, {'id': 100, 'label': 'Z.P1', 'text': 'Mit medKI gibt es immerhin genug Aerztinnen, die jetzt fehlen?'}, {'id': 103, 'label': 'Z.P1-1', 'text': 'Personal wird dann trotzdem benoetigt '}, {'id': 137, 'label': 'Z.P1', 'text': 'In vielen Medizinischen Bereichen herrscht ein grosser Personalmangel. Gerade bei einfachen Diagnosen kann es dann sinnvoll sein, dass diese eine KI uebernimmt'}, {'id': 138, 'label': 'Z.P1', 'text': 'Das ist zwar nicht ganz das was ich meinte aber auch ein guter Punkt. Ich wollte eher auf die Entlastung des Personals abzielen und eine Verschnoerkelung des diagnostischen Prozesses, sowie verkuerzte Wartezeiten.'}]"
484,3653,1,"Dass der Mensch dann ueberfluessig ist um das Auto zu steuern ist sogar korrekt. Und dass er sich weniger wertvoll fuehlt, ist dein Problem. Faktisch ist er ja auch nicht mehr notwendig.",['Z.P2-1'],AUTOAI,"[['Greeting_Message'], ['Z.P11'], ['intro_32', 'Z.P11', 'intro_1', 'Z.P11-1'], ['Z.P11-1-1'], ['Z.P11-1-1'], ['Z.P8-1-1'], ['intro_28', 'Z.P8-1-1', 'intro_6', 'z_trans_1', 'Z.P2-1']]","[1866, 1983, 2410, 2411, 2559, 2695, 2765, 6432, 6433, 6434, 6435, 6436, 6437, 6438, 6439, 6440, 6441, 6442, 6443, 6444, 6445, 6446, 6447, 6448, 6449, 6450, 6451, 6452, 6453, 6454, 6455, 6456, 6457, 6458]",1819,9138,80.09411249726416,34,34,0.014970862149021338,"[{'id': 2, 'label': 'Z.P3', 'text': 'Das Wissen einer KI kann eine deutlich hoehere Menge erreichen, als das Wissen eines Menschen. '}, {'id': 3, 'label': 'Z.P3', 'text': 'Eine KI kann mehr Wissen als ein Mensch'}, {'id': 8, 'label': 'Z.P1', 'text': 'Der Trend geht ohnehin weg von kleinen Landarztpraxen und hin zu medizinischen Versorgungszentren'}, {'id': 24, 'label': 'Z.P1', 'text': 'Aerzte sind doch auch Rund um die Uhr erreichbar?! Dafuer werden Sie auch dementsprechend bezahlt. Auf dem Land natuerlich nicht, aber eine KI koennte auch nicht ohne Beaufsichtigung das Krankenhaus leiten'}, {'id': 85, 'label': 'Z.P2', 'text': 'KI sind objektiv '}, {'id': 86, 'label': 'Z.P2', 'text': 'KI sind nicht bestechbar'}, {'id': 100, 'label': 'Z.P1', 'text': 'Mit medKI gibt es immerhin genug Aerztinnen, die jetzt fehlen?'}, {'id': 103, 'label': 'Z.P1-1', 'text': 'Personal wird dann trotzdem benoetigt '}, {'id': 137, 'label': 'Z.P1', 'text': 'In vielen Medizinischen Bereichen herrscht ein grosser Personalmangel. Gerade bei einfachen Diagnosen kann es dann sinnvoll sein, dass diese eine KI uebernimmt'}, {'id': 138, 'label': 'Z.P1', 'text': 'Das ist zwar nicht ganz das was ich meinte aber auch ein guter Punkt. Ich wollte eher auf die Entlastung des Personals abzielen und eine Verschnoerkelung des diagnostischen Prozesses, sowie verkuerzte Wartezeiten.'}]"
485,3672,1,Es passieren weniger Unfaelle ,['Z.P11'],AUTOAI,"[['Greeting_Message'], ['Z.P1'], ['intro_25', 'Z.P1', 'intro_1', 'Z.P1-1'], ['CONSENT'], ['Z.P9']]","[1859, 1873, 1874, 1898, 1899, 1926, 1927, 1948, 1949, 1979, 1980, 1987, 1988, 1994, 2076, 2077, 2122, 2127, 2131, 2138, 2139, 2172, 2173, 2176, 2177, 2183, 2184, 2215, 2223, 2231, 2232, 2237, 2238, 2253, 2254, 2273, 2277, 2300, 2301, 2311, 2312, 2313, 2322, 2329, 2360, 2361, 2387, 2388, 2414, 2415, 2428, 2429, 2439, 2447, 2463, 2468, 2484, 2508, 2515, 2533, 2550, 2553, 2573, 2576, 2588, 2590, 2600, 2615, 2618, 2639, 2642, 2647, 2662, 2666, 2668, 2674, 2693, 2694, 2714, 2716, 2730, 2735, 2744, 2757, 2762, 2778, 2788, 2790, 7744, 7745, 7746, 7747, 7748, 7749, 7750, 7751, 7752, 7753, 7754, 7755, 7756, 7757, 7758, 7759, 7760, 7761, 7762, 7763, 7764, 7765, 7766, 7767, 7768, 7769, 7770]",1819,9138,80.09411249726416,115,115,0.05063673962168983,"[{'id': 2, 'label': 'Z.P3', 'text': 'Das Wissen einer KI kann eine deutlich hoehere Menge erreichen, als das Wissen eines Menschen. '}, {'id': 3, 'label': 'Z.P3', 'text': 'Eine KI kann mehr Wissen als ein Mensch'}, {'id': 8, 'label': 'Z.P1', 'text': 'Der Trend geht ohnehin weg von kleinen Landarztpraxen und hin zu medizinischen Versorgungszentren'}, {'id': 24, 'label': 'Z.P1', 'text': 'Aerzte sind doch auch Rund um die Uhr erreichbar?! Dafuer werden Sie auch dementsprechend bezahlt. Auf dem Land natuerlich nicht, aber eine KI koennte auch nicht ohne Beaufsichtigung das Krankenhaus leiten'}, {'id': 85, 'label': 'Z.P2', 'text': 'KI sind objektiv '}, {'id': 86, 'label': 'Z.P2', 'text': 'KI sind nicht bestechbar'}, {'id': 100, 'label': 'Z.P1', 'text': 'Mit medKI gibt es immerhin genug Aerztinnen, die jetzt fehlen?'}, {'id': 103, 'label': 'Z.P1-1', 'text': 'Personal wird dann trotzdem benoetigt '}, {'id': 137, 'label': 'Z.P1', 'text': 'In vielen Medizinischen Bereichen herrscht ein grosser Personalmangel. Gerade bei einfachen Diagnosen kann es dann sinnvoll sein, dass diese eine KI uebernimmt'}, {'id': 138, 'label': 'Z.P1', 'text': 'Das ist zwar nicht ganz das was ich meinte aber auch ein guter Punkt. Ich wollte eher auf die Entlastung des Personals abzielen und eine Verschnoerkelung des diagnostischen Prozesses, sowie verkuerzte Wartezeiten.'}]"
486,3674,1,Die Menschen muessen sich nur daran gewoehnen ,['Z.C5-3'],AUTOAI,"[['Greeting_Message'], ['Z.P1'], ['intro_25', 'Z.P1', 'intro_1', 'Z.P1-1'], ['CONSENT'], ['Z.P9'], ['Z.P11'], ['intro_24', 'Z.P11', 'intro_3', 'Z.P11-1'], ['NZ.K10'], ['Z.C5-2']]","[1858, 1877, 1878, 1923, 2080, 2081, 2257, 2258, 2363, 2419, 2441, 2442, 2492, 2629, 2684, 2696, 2748, 2780, 7377, 7378, 7379, 7380, 7381, 7382, 7383, 7384, 7385, 7386, 7387, 7388, 7389, 7390, 7391, 7392, 7393, 7394, 7395, 7396, 7397, 7398]",442,9138,95.163055373167,40,40,0.08612041210241357,"[{'id': 1858, 'label': 'Z.C5-3', 'text': ""Solange die Ki signifikant besser Auto fahren kann als die durchschnittliche Person, kann gerechtfertigt werden dass KI's zugelassen werden. Die absolute Zahl der unfaelle sollte dann, statistisch gesehen runtergehen.""}, {'id': 1863, 'label': 'Z.C5', 'text': 'Die aussage ist falsch, Menschen lieben es nicht selber Entscheidungen zu erabeiten, zur diese zu treffen, wir haben Algorithmen die uns sagen was fuer Buecher wir gerne lesen wuerden, wir moegen nur die Entscheidung treffen aus der erarbeiteten Auswahl'}, {'id': 1877, 'label': 'Z.C5-3', 'text': 'viele neue technologien werden zunaechst von der gesellschaft angelehnt, etablieren sich jedoch mit dem wandel der gesellschaft ueber laengere zeit'}, {'id': 1878, 'label': 'Z.C5-3', 'text': 'die gesellschaft akzeptiert neue technologien mit dem wandel der zeit'}, {'id': 1879, 'label': 'Z.C6-3-1', 'text': 'da kein eingreifen der menschen moeglich ist, muesste der programmierer der KI rechtlich fuer das handeln des KIs sein'}, {'id': 1880, 'label': 'Z.C6-3-1', 'text': 'da die menschen nicht eingreifen koennen muss der hersteller der KI verantwortung fuer das handeln der KI tragen'}, {'id': 1922, 'label': 'Z.C5', 'text': 'Es wird alles akzeptiert, wenn es funktioniert '}, {'id': 1923, 'label': 'Z.C5-3', 'text': 'Wenn das autonome Fahren ohne Unfall funktioniert, wird es auch von der Gesellschaft akzeptiert'}, {'id': 1930, 'label': 'Z.C5-2', 'text': 'Dafuer muss mehr Akzeptanz in der Gesellschaft geschaffen werden'}, {'id': 1978, 'label': 'Z.C5-1-1-1-1', 'text': 'Vollstaendig autonomes fahren ist zwar eine gute Idee auf dem Papier aber dabei fehlt eher die moeglichkeit einzugreifen'}]"
487,3687,1,Es gibt Techniken diese Daten zu annoymisieren.,['Z.C8-1'],AUTOAI,"[['Greeting_Message'], ['Z.P11'], ['intro_28', 'Z.C5-3', 'intro_6', 'z_trans_12', 'Z.C5'], ['CON_NZARG'], ['intro_27', 'Z.C5-2', 'intro_6', 'z_trans_12', 'Z.C6'], ['Z.P8'], ['Z.P8'], ['PRO_ZARG'], ['OTHER'], ['Z.P11'], ['intro_25', 'Z.C3-2', 'intro_4', 'z_trans_12', 'Z.C8']]","[1865, 1869, 1918, 1919, 1935, 1976, 1977, 2147, 2148, 2554, 2745, 2791, 8087, 8088, 8089, 8090, 8091, 8092, 8093, 8094, 8095, 8096, 8097, 8098, 8099, 8100, 8101, 8102, 8103, 8104, 8105, 8106, 8107, 8108, 8109, 8110, 8111, 8112, 8113]",329,9138,96.39964981396368,39,39,0.11427314111685663,"[{'id': 1861, 'label': 'Z.C3-2', 'text': 'Wenn ein Mensch einen Fehler macht lernt nur dieser ein Mensch und macht ihn nicht wieder. Ein autonomes Auto kann Fehler direk an alle weitergeben, sodass alle davon lernen, jeder Fehler sollte nur ein einziges mal gemacht werden '}, {'id': 1865, 'label': 'Z.C8-1', 'text': ' man kann anonymisiert daten ueber fahrtweg austauschen ohne gesamte fahrplaene freizugeben'}, {'id': 1869, 'label': 'Z.C8-1', 'text': 'Dann macht man Syteme die diese Daten nicht teilen'}, {'id': 1916, 'label': 'Z.C4-1', 'text': 'Das kann man ja aber durch eine gute firewall absichern'}, {'id': 1917, 'label': 'Z.C4-1', 'text': 'Das kann man sicher machen'}, {'id': 1918, 'label': 'Z.C8-1', 'text': 'Das kann man loesen indem keine daten gespeichert werden'}, {'id': 1919, 'label': 'Z.C8-1', 'text': 'Daten nicht speichern'}, {'id': 1933, 'label': 'Z.C3-2', 'text': 'Die Autos muessten deshalb untereinander vernetzt sein'}, {'id': 1934, 'label': 'Z.C3-2', 'text': 'Autos aller Hersteller muessten dann untereinander kommunizieren koennen'}, {'id': 1935, 'label': 'Z.C8-1', 'text': 'Dafuer gibt es Datenschutzgesetze '}]"
488,3702,2,Dennoch kann sie Verbalevergehen oder Aehnliches nicht beurteilen. ,['Z.K1'],REFAI,"[['Greeting_Message'], ['Z.K5'], ['intro_28', 'Z.K5', 'intro_50', 'Z.K5-1']]","[2801, 2803, 2805, 2823, 2829, 9053, 9054, 9055, 9056, 9057, 9058, 9059, 9060, 9061, 9062, 9063, 9064, 9065, 9066, 9067, 9068, 9069, 9070, 9071, 9072, 9073, 9074]",770,9138,91.57364850076604,27,27,0.03211024038338549,"[{'id': 0, 'label': 'Z.K1', 'text': 'Ein bot kannzwischenmaennschliche Interaktion nicht ersetzen '}, {'id': 6, 'label': 'Z.K6', 'text': 'Medizin ist ein aeusserst komplexes Tehemengebiet. Die Behandlung von Patienten erfordert Erfahrung und ist aeusserst Vielschichtig'}, {'id': 7, 'label': 'Z.K1', 'text': 'Nein, medizinische Behandlung sollte meiner Meinung nach auf persoenlicher Ebene stattfinden, denn viele Krankeiten nur durch ausfuehrliche Anamnese aufgedeckt werden koennen und zum Teil psychologisch behaftet sind'}, {'id': 9, 'label': 'Z.K2', 'text': 'Andererseits hat sie ein sehr begrenztes Repertoire, denn anders als ein Mensch kommt MedKI nicht ueber ihre standardisierten Handlungsweisen hinaus'}, {'id': 10, 'label': 'Z.K6', 'text': 'Nein, ich bezihe mich nicht auf Fehler, sondern auf eine begrenzte, eindimensionale Handlungsfaehigkeit '}, {'id': 26, 'label': 'Z.K1', 'text': 'Der Persoenliche Kontakt zwischen dem Artzt und dem Patienten ist sehr wichtig, sowohl fuer Artzt als auch Patient. Der Patient kommt sich nicht so vor wie in einem Fastfood Resturant in dem er nur abgefertigt wird sondern mit einem richtigen Menschen als gegen ueber fuehlt er sich Wertgeschaetzt und versorgt, was auch positiv zur Heiling beitragen kann'}, {'id': 27, 'label': 'Z.K1', 'text': 'Eine KI kann aber niemals einen Menschen ersetzten egal wie gut programmiert sie ist, sie wird nie die Menschliche Fuersorge ersetzten koennen'}, {'id': 28, 'label': 'Z.K1', 'text': 'Selbst wenn die KI ausgebildet ist um auch emotional fuer den Menschen zu sorgen, so ist das nicht die selbe Fuersorge und emotionale Bindung wie sie zwischen zwei Menschen entstehen kann. Niemand wird jemals ein Geraet als Bezugs Person sehen da fehlen die echten Gefuehle und selbst gemachte Erfahrungen aus der Realen Welt '}, {'id': 31, 'label': 'Z.K1', 'text': 'Das ist ja noch schlechter, man wuerde Patienten mit kleineren Problemen diskriminieren und ihnen das Geguehl geben dass sie weniger Beruecksichtigt werden als Patienten mit schlimmeren Problemen '}, {'id': 32, 'label': 'Z.K1', 'text': 'Patienten die nichts schlimmes haben wuerden im Gesundheits System nicht beruecksichtigt '}]"
489,3704,2,"Ich interpretiere schlechte Sicht eher, als fehlende Blickwinkel, da die Perspektive auf dem Platz fehlt. ",['Z.K3'],REFAI,"[['Greeting_Message'], ['Z.K5'], ['intro_28', 'Z.K5', 'intro_50', 'Z.K5-1'], ['Z.K1'], ['Z.K9'], ['NZ.K10', 'Z.K1'], ['Z.K3']]","[2804, 2814, 2848, 2856, 2866, 9341, 9342, 9343, 9344, 9345, 9346, 9347, 9348, 9349, 9350, 9351, 9352, 9353, 9354, 9355, 9356, 9357, 9358, 9359, 9360, 9361, 9362]",418,9138,95.42569490041585,27,27,0.06163860675385713,"[{'id': 53, 'label': 'Z.K4', 'text': 'Systemfehler'}, {'id': 113, 'label': 'Z.K3-1', 'text': 'Patientinnen sollten waehlen koennen zwischen KI und realen Personen '}, {'id': 217, 'label': 'Z.K4-1', 'text': 'Die KI kann sich vielleicht auch selbstaendig Wissen aneignen durch einen Algorithmus'}, {'id': 232, 'label': 'Z.K3', 'text': 'Ein weiterer Kritikpunkt waere, was passieren wuerde, wenn eine KI einen Fehler macht. Aerzte haben Versicherungen, die Patienten Schmerzensgeld bei einem Behandlungsfehler zahlen, aber bei einer KI ist keiner allein fuer eine KI verantwortlich. '}, {'id': 237, 'label': 'Z.K3', 'text': 'Wenn eine falsche Entscheidung getroffen wird wer haftet dann '}, {'id': 268, 'label': 'Z.K4-1', 'text': 'Aber man kann sich darauf grundsaetzlich nicht weniger verlassen als auf menschliche Entscheidungen, welche ja auch fehlerhaft sein koennen '}, {'id': 357, 'label': 'Z.K3', 'text': '- KI ist fehler-behaftet (genauso wie Menschen), kann aber keine Verantwortung uebernehmen. Niemand sonst wird diese stattdessen uebernehmen wollen.'}, {'id': 358, 'label': 'Z.K3', 'text': 'Ok, wer uebernimmt denn dann den Schadensersatz, wenn Aerzte umsetzen was die medKI entscheidet?'}, {'id': 359, 'label': 'Z.K3', 'text': 'Das heisst der Hersteller hat die schuld, wenn Aerzte der medKI (blind?) vertrauen?'}, {'id': 375, 'label': 'Z.K3', 'text': 'Ferner finde ich es schwierig eine Verantwortlichbarkeit bei Fehlentscheidungen festzustellen.'}]"
490,3705,2,"Dennoch, wuerde das eine gewisse Ungerechtigkeit mit sich ziehen, da in einem Spiel eine Szene anders entschieden wird. ",['Z.K1'],REFAI,"[['Greeting_Message'], ['Z.K5'], ['intro_28', 'Z.K5', 'intro_50', 'Z.K5-1'], ['Z.K1'], ['Z.K9'], ['NZ.K10', 'Z.K1'], ['Z.K3'], ['Z.K3'], ['Z.K2']]","[2801, 2803, 2805, 2823, 2829, 9053, 9054, 9055, 9056, 9057, 9058, 9059, 9060, 9061, 9062, 9063, 9064, 9065, 9066, 9067, 9068, 9069, 9070, 9071, 9072, 9073, 9074]",770,9138,91.57364850076604,27,27,0.03211024038338549,"[{'id': 0, 'label': 'Z.K1', 'text': 'Ein bot kannzwischenmaennschliche Interaktion nicht ersetzen '}, {'id': 6, 'label': 'Z.K6', 'text': 'Medizin ist ein aeusserst komplexes Tehemengebiet. Die Behandlung von Patienten erfordert Erfahrung und ist aeusserst Vielschichtig'}, {'id': 7, 'label': 'Z.K1', 'text': 'Nein, medizinische Behandlung sollte meiner Meinung nach auf persoenlicher Ebene stattfinden, denn viele Krankeiten nur durch ausfuehrliche Anamnese aufgedeckt werden koennen und zum Teil psychologisch behaftet sind'}, {'id': 9, 'label': 'Z.K2', 'text': 'Andererseits hat sie ein sehr begrenztes Repertoire, denn anders als ein Mensch kommt MedKI nicht ueber ihre standardisierten Handlungsweisen hinaus'}, {'id': 10, 'label': 'Z.K6', 'text': 'Nein, ich bezihe mich nicht auf Fehler, sondern auf eine begrenzte, eindimensionale Handlungsfaehigkeit '}, {'id': 26, 'label': 'Z.K1', 'text': 'Der Persoenliche Kontakt zwischen dem Artzt und dem Patienten ist sehr wichtig, sowohl fuer Artzt als auch Patient. Der Patient kommt sich nicht so vor wie in einem Fastfood Resturant in dem er nur abgefertigt wird sondern mit einem richtigen Menschen als gegen ueber fuehlt er sich Wertgeschaetzt und versorgt, was auch positiv zur Heiling beitragen kann'}, {'id': 27, 'label': 'Z.K1', 'text': 'Eine KI kann aber niemals einen Menschen ersetzten egal wie gut programmiert sie ist, sie wird nie die Menschliche Fuersorge ersetzten koennen'}, {'id': 28, 'label': 'Z.K1', 'text': 'Selbst wenn die KI ausgebildet ist um auch emotional fuer den Menschen zu sorgen, so ist das nicht die selbe Fuersorge und emotionale Bindung wie sie zwischen zwei Menschen entstehen kann. Niemand wird jemals ein Geraet als Bezugs Person sehen da fehlen die echten Gefuehle und selbst gemachte Erfahrungen aus der Realen Welt '}, {'id': 31, 'label': 'Z.K1', 'text': 'Das ist ja noch schlechter, man wuerde Patienten mit kleineren Problemen diskriminieren und ihnen das Geguehl geben dass sie weniger Beruecksichtigt werden als Patienten mit schlimmeren Problemen '}, {'id': 32, 'label': 'Z.K1', 'text': 'Patienten die nichts schlimmes haben wuerden im Gesundheits System nicht beruecksichtigt '}]"
491,3720,2,Beim videobeweis sieht man dass ki nicht immer jede Situation richtig einsehen kann weil es beispielsweise auch nicht genuegend Kameras gibt oder die Kamera durch den Spieler verdeckt ist,['Z.K3'],REFAI,"[['Greeting_Message'], ['Z.K9'], ['Z.K5'], ['Z.K9'], ['Z.K6'], ['Z.K8'], ['Z.K8'], ['OTHER'], ['intro_23', 'Z.K8', 'intro_5', 'z_trans_11', 'Z.P1'], ['Z.K4'], ['intro_26', 'Z.K4', 'intro_1', 'Z.K4-1']]","[2804, 2814, 2848, 2856, 2866, 9341, 9342, 9343, 9344, 9345, 9346, 9347, 9348, 9349, 9350, 9351, 9352, 9353, 9354, 9355, 9356, 9357, 9358, 9359, 9360, 9361, 9362]",418,9138,95.42569490041585,27,27,0.06163860675385713,"[{'id': 53, 'label': 'Z.K4', 'text': 'Systemfehler'}, {'id': 113, 'label': 'Z.K3-1', 'text': 'Patientinnen sollten waehlen koennen zwischen KI und realen Personen '}, {'id': 217, 'label': 'Z.K4-1', 'text': 'Die KI kann sich vielleicht auch selbstaendig Wissen aneignen durch einen Algorithmus'}, {'id': 232, 'label': 'Z.K3', 'text': 'Ein weiterer Kritikpunkt waere, was passieren wuerde, wenn eine KI einen Fehler macht. Aerzte haben Versicherungen, die Patienten Schmerzensgeld bei einem Behandlungsfehler zahlen, aber bei einer KI ist keiner allein fuer eine KI verantwortlich. '}, {'id': 237, 'label': 'Z.K3', 'text': 'Wenn eine falsche Entscheidung getroffen wird wer haftet dann '}, {'id': 268, 'label': 'Z.K4-1', 'text': 'Aber man kann sich darauf grundsaetzlich nicht weniger verlassen als auf menschliche Entscheidungen, welche ja auch fehlerhaft sein koennen '}, {'id': 357, 'label': 'Z.K3', 'text': '- KI ist fehler-behaftet (genauso wie Menschen), kann aber keine Verantwortung uebernehmen. Niemand sonst wird diese stattdessen uebernehmen wollen.'}, {'id': 358, 'label': 'Z.K3', 'text': 'Ok, wer uebernimmt denn dann den Schadensersatz, wenn Aerzte umsetzen was die medKI entscheidet?'}, {'id': 359, 'label': 'Z.K3', 'text': 'Das heisst der Hersteller hat die schuld, wenn Aerzte der medKI (blind?) vertrauen?'}, {'id': 375, 'label': 'Z.K3', 'text': 'Ferner finde ich es schwierig eine Verantwortlichbarkeit bei Fehlentscheidungen festzustellen.'}]"
492,3726,2,Ist nur die Frage ob diese Art von Intention wirklich besser ist,['Z.K5-1'],REFAI,"[['Greeting_Message'], ['Z.K5'], ['intro_24', 'Z.K5', 'intro_46', 'Z.K5-1']]","[2820, 8987, 8988, 8989, 8990, 8991, 8992, 8993, 8994, 8995, 8996, 8997, 8998, 8999, 9000, 9001, 9002, 9003, 9004, 9005, 9006, 9007, 9008]",770,9138,91.57364850076604,23,23,0.02735316773399505,"[{'id': 0, 'label': 'Z.K1', 'text': 'Ein bot kannzwischenmaennschliche Interaktion nicht ersetzen '}, {'id': 6, 'label': 'Z.K6', 'text': 'Medizin ist ein aeusserst komplexes Tehemengebiet. Die Behandlung von Patienten erfordert Erfahrung und ist aeusserst Vielschichtig'}, {'id': 7, 'label': 'Z.K1', 'text': 'Nein, medizinische Behandlung sollte meiner Meinung nach auf persoenlicher Ebene stattfinden, denn viele Krankeiten nur durch ausfuehrliche Anamnese aufgedeckt werden koennen und zum Teil psychologisch behaftet sind'}, {'id': 9, 'label': 'Z.K2', 'text': 'Andererseits hat sie ein sehr begrenztes Repertoire, denn anders als ein Mensch kommt MedKI nicht ueber ihre standardisierten Handlungsweisen hinaus'}, {'id': 10, 'label': 'Z.K6', 'text': 'Nein, ich bezihe mich nicht auf Fehler, sondern auf eine begrenzte, eindimensionale Handlungsfaehigkeit '}, {'id': 26, 'label': 'Z.K1', 'text': 'Der Persoenliche Kontakt zwischen dem Artzt und dem Patienten ist sehr wichtig, sowohl fuer Artzt als auch Patient. Der Patient kommt sich nicht so vor wie in einem Fastfood Resturant in dem er nur abgefertigt wird sondern mit einem richtigen Menschen als gegen ueber fuehlt er sich Wertgeschaetzt und versorgt, was auch positiv zur Heiling beitragen kann'}, {'id': 27, 'label': 'Z.K1', 'text': 'Eine KI kann aber niemals einen Menschen ersetzten egal wie gut programmiert sie ist, sie wird nie die Menschliche Fuersorge ersetzten koennen'}, {'id': 28, 'label': 'Z.K1', 'text': 'Selbst wenn die KI ausgebildet ist um auch emotional fuer den Menschen zu sorgen, so ist das nicht die selbe Fuersorge und emotionale Bindung wie sie zwischen zwei Menschen entstehen kann. Niemand wird jemals ein Geraet als Bezugs Person sehen da fehlen die echten Gefuehle und selbst gemachte Erfahrungen aus der Realen Welt '}, {'id': 31, 'label': 'Z.K1', 'text': 'Das ist ja noch schlechter, man wuerde Patienten mit kleineren Problemen diskriminieren und ihnen das Geguehl geben dass sie weniger Beruecksichtigt werden als Patienten mit schlimmeren Problemen '}, {'id': 32, 'label': 'Z.K1', 'text': 'Patienten die nichts schlimmes haben wuerden im Gesundheits System nicht beruecksichtigt '}]"
493,3727,2,Man hat Verantwortung beispielsweise ob man bei Krawallen ein Spiel unterbricht oder nicht,['Z.K6'],REFAI,"[['Greeting_Message'], ['Z.K5'], ['intro_24', 'Z.K5', 'intro_46', 'Z.K5-1'], ['Z.K5-1'], ['Z.K6']]","[2821, 9009, 9010, 9011, 9012, 9013, 9014, 9015, 9016, 9017, 9018, 9019, 9020, 9021, 9022, 9023, 9024, 9025, 9026, 9027, 9028, 9029, 9030]",770,9138,91.57364850076604,23,23,0.02735316773399505,"[{'id': 0, 'label': 'Z.K1', 'text': 'Ein bot kannzwischenmaennschliche Interaktion nicht ersetzen '}, {'id': 6, 'label': 'Z.K6', 'text': 'Medizin ist ein aeusserst komplexes Tehemengebiet. Die Behandlung von Patienten erfordert Erfahrung und ist aeusserst Vielschichtig'}, {'id': 7, 'label': 'Z.K1', 'text': 'Nein, medizinische Behandlung sollte meiner Meinung nach auf persoenlicher Ebene stattfinden, denn viele Krankeiten nur durch ausfuehrliche Anamnese aufgedeckt werden koennen und zum Teil psychologisch behaftet sind'}, {'id': 9, 'label': 'Z.K2', 'text': 'Andererseits hat sie ein sehr begrenztes Repertoire, denn anders als ein Mensch kommt MedKI nicht ueber ihre standardisierten Handlungsweisen hinaus'}, {'id': 10, 'label': 'Z.K6', 'text': 'Nein, ich bezihe mich nicht auf Fehler, sondern auf eine begrenzte, eindimensionale Handlungsfaehigkeit '}, {'id': 26, 'label': 'Z.K1', 'text': 'Der Persoenliche Kontakt zwischen dem Artzt und dem Patienten ist sehr wichtig, sowohl fuer Artzt als auch Patient. Der Patient kommt sich nicht so vor wie in einem Fastfood Resturant in dem er nur abgefertigt wird sondern mit einem richtigen Menschen als gegen ueber fuehlt er sich Wertgeschaetzt und versorgt, was auch positiv zur Heiling beitragen kann'}, {'id': 27, 'label': 'Z.K1', 'text': 'Eine KI kann aber niemals einen Menschen ersetzten egal wie gut programmiert sie ist, sie wird nie die Menschliche Fuersorge ersetzten koennen'}, {'id': 28, 'label': 'Z.K1', 'text': 'Selbst wenn die KI ausgebildet ist um auch emotional fuer den Menschen zu sorgen, so ist das nicht die selbe Fuersorge und emotionale Bindung wie sie zwischen zwei Menschen entstehen kann. Niemand wird jemals ein Geraet als Bezugs Person sehen da fehlen die echten Gefuehle und selbst gemachte Erfahrungen aus der Realen Welt '}, {'id': 31, 'label': 'Z.K1', 'text': 'Das ist ja noch schlechter, man wuerde Patienten mit kleineren Problemen diskriminieren und ihnen das Geguehl geben dass sie weniger Beruecksichtigt werden als Patienten mit schlimmeren Problemen '}, {'id': 32, 'label': 'Z.K1', 'text': 'Patienten die nichts schlimmes haben wuerden im Gesundheits System nicht beruecksichtigt '}]"
494,3729,2,Aber man findet immer neue wege,['Z.K2'],REFAI,"[['Greeting_Message'], ['Z.K5'], ['intro_24', 'Z.K5', 'intro_46', 'Z.K5-1'], ['Z.K5-1'], ['Z.K6'], ['Z.K6'], ['Z.K1'], ['OTHER'], ['Z.K2']]","[2822, 2855, 9297, 9298, 9299, 9300, 9301, 9302, 9303, 9304, 9305, 9306, 9307, 9308, 9309, 9310, 9311, 9312, 9313, 9314, 9315, 9316, 9317, 9318]",770,9138,91.57364850076604,24,24,0.028542435896342658,"[{'id': 0, 'label': 'Z.K1', 'text': 'Ein bot kannzwischenmaennschliche Interaktion nicht ersetzen '}, {'id': 6, 'label': 'Z.K6', 'text': 'Medizin ist ein aeusserst komplexes Tehemengebiet. Die Behandlung von Patienten erfordert Erfahrung und ist aeusserst Vielschichtig'}, {'id': 7, 'label': 'Z.K1', 'text': 'Nein, medizinische Behandlung sollte meiner Meinung nach auf persoenlicher Ebene stattfinden, denn viele Krankeiten nur durch ausfuehrliche Anamnese aufgedeckt werden koennen und zum Teil psychologisch behaftet sind'}, {'id': 9, 'label': 'Z.K2', 'text': 'Andererseits hat sie ein sehr begrenztes Repertoire, denn anders als ein Mensch kommt MedKI nicht ueber ihre standardisierten Handlungsweisen hinaus'}, {'id': 10, 'label': 'Z.K6', 'text': 'Nein, ich bezihe mich nicht auf Fehler, sondern auf eine begrenzte, eindimensionale Handlungsfaehigkeit '}, {'id': 26, 'label': 'Z.K1', 'text': 'Der Persoenliche Kontakt zwischen dem Artzt und dem Patienten ist sehr wichtig, sowohl fuer Artzt als auch Patient. Der Patient kommt sich nicht so vor wie in einem Fastfood Resturant in dem er nur abgefertigt wird sondern mit einem richtigen Menschen als gegen ueber fuehlt er sich Wertgeschaetzt und versorgt, was auch positiv zur Heiling beitragen kann'}, {'id': 27, 'label': 'Z.K1', 'text': 'Eine KI kann aber niemals einen Menschen ersetzten egal wie gut programmiert sie ist, sie wird nie die Menschliche Fuersorge ersetzten koennen'}, {'id': 28, 'label': 'Z.K1', 'text': 'Selbst wenn die KI ausgebildet ist um auch emotional fuer den Menschen zu sorgen, so ist das nicht die selbe Fuersorge und emotionale Bindung wie sie zwischen zwei Menschen entstehen kann. Niemand wird jemals ein Geraet als Bezugs Person sehen da fehlen die echten Gefuehle und selbst gemachte Erfahrungen aus der Realen Welt '}, {'id': 31, 'label': 'Z.K1', 'text': 'Das ist ja noch schlechter, man wuerde Patienten mit kleineren Problemen diskriminieren und ihnen das Geguehl geben dass sie weniger Beruecksichtigt werden als Patienten mit schlimmeren Problemen '}, {'id': 32, 'label': 'Z.K1', 'text': 'Patienten die nichts schlimmes haben wuerden im Gesundheits System nicht beruecksichtigt '}]"
495,3731,2,Da hat aber der Schiedsrichter auf dem Platz keine Autoritaet,['Z.K9'],REFAI,"[['Greeting_Message'], ['Z.K5'], ['intro_24', 'Z.K5', 'intro_46', 'Z.K5-1'], ['Z.K5-1'], ['Z.K6'], ['Z.K6'], ['Z.K1'], ['OTHER'], ['Z.K2'], ['Z.K2'], ['OTHER'], ['Z.K1'], ['Z.K9']]","[2806, 2810, 2811, 2824, 2853, 9745, 9746, 9747, 9748, 9749, 9750, 9751, 9752, 9753, 9754, 9755, 9756, 9757, 9758, 9759, 9760, 9761, 9762, 9763, 9764, 9765, 9766, 9767]",531,9138,94.18910045961917,28,28,0.04966656898059015,"[{'id': 11, 'label': 'Z.K7', 'text': 'Ein Menscv kann interagieren und auf andere Menschen eingehen. Wie man an dir merkt, kann da KI nicht'}, {'id': 20, 'label': 'Z.K7', 'text': 'Um Patienten richtig behandeln zu koennen, muss der Arzt wichtige Entscheidungen treffen, welche womoeglich ueber Leben und Tod entscheiden. Dazu ist nur ein Mensch in der Lage, welcher sich in die Lage des Patienten versetzen kann.'}, {'id': 30, 'label': 'Z.K7', 'text': 'Sie kann zwar lernen weiss aber nicht das fehl Entscheidungen auch eine emotionale Erfahrung mit sich bringen welche wichtig sind fuer die Ethik eines Mediziners und Grundlegend zur Entwichlung eines guten Artztes '}, {'id': 50, 'label': 'Z.K7', 'text': 'Keine Empathie '}, {'id': 54, 'label': 'Z.K8', 'text': 'Hohe Kosten '}, {'id': 55, 'label': 'Z.K8', 'text': 'Zu teure technologie'}, {'id': 58, 'label': 'Z.K8', 'text': 'Hohe Energiekosten'}, {'id': 61, 'label': 'Z.K9', 'text': 'Hacker'}, {'id': 62, 'label': 'Z.K8', 'text': 'Teure Wartung '}, {'id': 81, 'label': 'Z.K7', 'text': 'Trotzdem fehlt der kuenstlichen Intelligenz die Empathie.'}]"
496,3734,1,"Da seh ich kein so grosses Problem bei. Ein einzelner Schiedsrichter ist sicherlich deutlich voreingommener als eine gut trainierte KI. Natuerlich muss auch da auf Diskriminierung geachtet werden, aber das ist ja vermeidbar durch trainieren an ausgewaehlten Beispielszenarios",['Z.P2'],REFAI,"[['Greeting_Message'], ['Z.P5'], ['Z.P2']]","[2797, 2817, 2826, 2838, 2839, 2841, 2845, 2878, 2879, 2880, 2887, 8627, 8628, 8629, 8630, 8631, 8632, 8633, 8634, 8635, 8636, 8637, 8638, 8639, 8640, 8641, 8642, 8643, 8644, 8645, 8646, 8647, 8648, 8649, 8650, 8651, 8652]",1589,9138,82.611074633399,37,37,0.019236058914007318,"[{'id': 4, 'label': 'Z.P5', 'text': 'Durch Einsparung von Personal bei Aerztinnen, kann mehr fuer Pflegepersonal ausgegeben werden. '}, {'id': 5, 'label': 'Z.P4-1', 'text': 'Aber ist es realistisch, dass das Gesundheitssystem besser finanziert wird bevor eine medKI in der Lage ist fundierte Entscheidungen zu treffen?'}, {'id': 8, 'label': 'Z.P1', 'text': 'Der Trend geht ohnehin weg von kleinen Landarztpraxen und hin zu medizinischen Versorgungszentren'}, {'id': 12, 'label': 'Z.P4', 'text': 'Die MedKI kann unterstuetzen, den Mangel an Aerzten entgegenzuwirken. Durch den demographischen Wandel wird es mehr kranke und alte Menschen geben. Dadurch brauchen wir mehr Aerzte'}, {'id': 13, 'label': 'Z.P5', 'text': 'Die KI kann von mehreren Nationen entwickelt werden. Dadurch sinken die Kosten'}, {'id': 14, 'label': 'Z.P5', 'text': 'Sobald eine selbst lernende Ki entwickelt wurde, wird das Entwickeln nicht mehr viel kosten'}, {'id': 15, 'label': 'Z.P5', 'text': 'Dafuer kann der First Level Support von Aerzten abgewendet werden und durch KIs uebernommen werden'}, {'id': 24, 'label': 'Z.P1', 'text': 'Aerzte sind doch auch Rund um die Uhr erreichbar?! Dafuer werden Sie auch dementsprechend bezahlt. Auf dem Land natuerlich nicht, aber eine KI koennte auch nicht ohne Beaufsichtigung das Krankenhaus leiten'}, {'id': 83, 'label': 'Z.P4-1', 'text': 'Dann sollen die Unis mehr Medizin Plaetze anbieten dann gibt es mehr Aerzte '}, {'id': 84, 'label': 'Z.P6', 'text': 'KI sind praeziser '}]"
497,3738,2,Aber alles kann man nicht lernen,['Z.K1'],REFAI,"[['Greeting_Message'], ['Z.P3-3', 'Z.K5'], ['Z.K5'], ['OTHER'], ['Z.K6'], ['OTHER'], ['Z.K2']]","[2801, 2803, 2805, 2823, 2829, 9053, 9054, 9055, 9056, 9057, 9058, 9059, 9060, 9061, 9062, 9063, 9064, 9065, 9066, 9067, 9068, 9069, 9070, 9071, 9072, 9073, 9074]",770,9138,91.57364850076604,27,27,0.03211024038338549,"[{'id': 0, 'label': 'Z.K1', 'text': 'Ein bot kannzwischenmaennschliche Interaktion nicht ersetzen '}, {'id': 6, 'label': 'Z.K6', 'text': 'Medizin ist ein aeusserst komplexes Tehemengebiet. Die Behandlung von Patienten erfordert Erfahrung und ist aeusserst Vielschichtig'}, {'id': 7, 'label': 'Z.K1', 'text': 'Nein, medizinische Behandlung sollte meiner Meinung nach auf persoenlicher Ebene stattfinden, denn viele Krankeiten nur durch ausfuehrliche Anamnese aufgedeckt werden koennen und zum Teil psychologisch behaftet sind'}, {'id': 9, 'label': 'Z.K2', 'text': 'Andererseits hat sie ein sehr begrenztes Repertoire, denn anders als ein Mensch kommt MedKI nicht ueber ihre standardisierten Handlungsweisen hinaus'}, {'id': 10, 'label': 'Z.K6', 'text': 'Nein, ich bezihe mich nicht auf Fehler, sondern auf eine begrenzte, eindimensionale Handlungsfaehigkeit '}, {'id': 26, 'label': 'Z.K1', 'text': 'Der Persoenliche Kontakt zwischen dem Artzt und dem Patienten ist sehr wichtig, sowohl fuer Artzt als auch Patient. Der Patient kommt sich nicht so vor wie in einem Fastfood Resturant in dem er nur abgefertigt wird sondern mit einem richtigen Menschen als gegen ueber fuehlt er sich Wertgeschaetzt und versorgt, was auch positiv zur Heiling beitragen kann'}, {'id': 27, 'label': 'Z.K1', 'text': 'Eine KI kann aber niemals einen Menschen ersetzten egal wie gut programmiert sie ist, sie wird nie die Menschliche Fuersorge ersetzten koennen'}, {'id': 28, 'label': 'Z.K1', 'text': 'Selbst wenn die KI ausgebildet ist um auch emotional fuer den Menschen zu sorgen, so ist das nicht die selbe Fuersorge und emotionale Bindung wie sie zwischen zwei Menschen entstehen kann. Niemand wird jemals ein Geraet als Bezugs Person sehen da fehlen die echten Gefuehle und selbst gemachte Erfahrungen aus der Realen Welt '}, {'id': 31, 'label': 'Z.K1', 'text': 'Das ist ja noch schlechter, man wuerde Patienten mit kleineren Problemen diskriminieren und ihnen das Geguehl geben dass sie weniger Beruecksichtigt werden als Patienten mit schlimmeren Problemen '}, {'id': 32, 'label': 'Z.K1', 'text': 'Patienten die nichts schlimmes haben wuerden im Gesundheits System nicht beruecksichtigt '}]"
498,3739,2,Aber in brisanten Situationen fehlt einfach die menschliche Intuition ,['Z.K5'],REFAI,"[['Greeting_Message'], ['Z.P3-3', 'Z.K5'], ['Z.K5'], ['OTHER'], ['Z.K6'], ['OTHER'], ['Z.K2'], ['Z.K1'], ['intro_28', 'Z.K5', 'intro_53', 'z_trans_11', 'Z.P1']]","[2800, 2815, 2819, 2828, 2830, 2850, 2857, 2858, 2875, 8964, 8965, 8966, 8967, 8968, 8969, 8970, 8971, 8972, 8973, 8974, 8975, 8976, 8977, 8978, 8979, 8980, 8981, 8982, 8983, 8984, 8985, 8986]",2359,9138,74.18472313416503,32,32,0.01006320958157389,"[{'id': 0, 'label': 'Z.K1', 'text': 'Ein bot kannzwischenmaennschliche Interaktion nicht ersetzen '}, {'id': 4, 'label': 'Z.P5', 'text': 'Durch Einsparung von Personal bei Aerztinnen, kann mehr fuer Pflegepersonal ausgegeben werden. '}, {'id': 5, 'label': 'Z.P4-1', 'text': 'Aber ist es realistisch, dass das Gesundheitssystem besser finanziert wird bevor eine medKI in der Lage ist fundierte Entscheidungen zu treffen?'}, {'id': 6, 'label': 'Z.K6', 'text': 'Medizin ist ein aeusserst komplexes Tehemengebiet. Die Behandlung von Patienten erfordert Erfahrung und ist aeusserst Vielschichtig'}, {'id': 7, 'label': 'Z.K1', 'text': 'Nein, medizinische Behandlung sollte meiner Meinung nach auf persoenlicher Ebene stattfinden, denn viele Krankeiten nur durch ausfuehrliche Anamnese aufgedeckt werden koennen und zum Teil psychologisch behaftet sind'}, {'id': 8, 'label': 'Z.P1', 'text': 'Der Trend geht ohnehin weg von kleinen Landarztpraxen und hin zu medizinischen Versorgungszentren'}, {'id': 9, 'label': 'Z.K2', 'text': 'Andererseits hat sie ein sehr begrenztes Repertoire, denn anders als ein Mensch kommt MedKI nicht ueber ihre standardisierten Handlungsweisen hinaus'}, {'id': 10, 'label': 'Z.K6', 'text': 'Nein, ich bezihe mich nicht auf Fehler, sondern auf eine begrenzte, eindimensionale Handlungsfaehigkeit '}, {'id': 12, 'label': 'Z.P4', 'text': 'Die MedKI kann unterstuetzen, den Mangel an Aerzten entgegenzuwirken. Durch den demographischen Wandel wird es mehr kranke und alte Menschen geben. Dadurch brauchen wir mehr Aerzte'}, {'id': 13, 'label': 'Z.P5', 'text': 'Die KI kann von mehreren Nationen entwickelt werden. Dadurch sinken die Kosten'}]"
499,3749,1,"Aber wenn ein menschlichet Schiri entscheidet, kann er ja auch vorurteilsbehaftet handeln",['Z.P2'],REFAI,"[['Greeting_Message'], ['Z.P1-3-1'], ['Z.P11'], ['Z.P2'], ['Z.P2']]","[2797, 2817, 2826, 2838, 2839, 2841, 2845, 2878, 2879, 2880, 2887, 8627, 8628, 8629, 8630, 8631, 8632, 8633, 8634, 8635, 8636, 8637, 8638, 8639, 8640, 8641, 8642, 8643, 8644, 8645, 8646, 8647, 8648, 8649, 8650, 8651, 8652]",1589,9138,82.611074633399,37,37,0.019236058914007318,"[{'id': 4, 'label': 'Z.P5', 'text': 'Durch Einsparung von Personal bei Aerztinnen, kann mehr fuer Pflegepersonal ausgegeben werden. '}, {'id': 5, 'label': 'Z.P4-1', 'text': 'Aber ist es realistisch, dass das Gesundheitssystem besser finanziert wird bevor eine medKI in der Lage ist fundierte Entscheidungen zu treffen?'}, {'id': 8, 'label': 'Z.P1', 'text': 'Der Trend geht ohnehin weg von kleinen Landarztpraxen und hin zu medizinischen Versorgungszentren'}, {'id': 12, 'label': 'Z.P4', 'text': 'Die MedKI kann unterstuetzen, den Mangel an Aerzten entgegenzuwirken. Durch den demographischen Wandel wird es mehr kranke und alte Menschen geben. Dadurch brauchen wir mehr Aerzte'}, {'id': 13, 'label': 'Z.P5', 'text': 'Die KI kann von mehreren Nationen entwickelt werden. Dadurch sinken die Kosten'}, {'id': 14, 'label': 'Z.P5', 'text': 'Sobald eine selbst lernende Ki entwickelt wurde, wird das Entwickeln nicht mehr viel kosten'}, {'id': 15, 'label': 'Z.P5', 'text': 'Dafuer kann der First Level Support von Aerzten abgewendet werden und durch KIs uebernommen werden'}, {'id': 24, 'label': 'Z.P1', 'text': 'Aerzte sind doch auch Rund um die Uhr erreichbar?! Dafuer werden Sie auch dementsprechend bezahlt. Auf dem Land natuerlich nicht, aber eine KI koennte auch nicht ohne Beaufsichtigung das Krankenhaus leiten'}, {'id': 83, 'label': 'Z.P4-1', 'text': 'Dann sollen die Unis mehr Medizin Plaetze anbieten dann gibt es mehr Aerzte '}, {'id': 84, 'label': 'Z.P6', 'text': 'KI sind praeziser '}]"
500,3753,1,Eine KI wird jedoch nicht emotional belastet,['Z.P2'],REFAI,"[['Greeting_Message'], ['Z.P1-3-1'], ['Z.P11'], ['Z.P2'], ['Z.P2'], ['Z.P2'], ['Z.P2'], ['OTHER'], ['Z.P10'], ['OTHER'], ['Z.P10'], ['Z.P3'], ['Z.P4']]","[2797, 2817, 2826, 2838, 2839, 2841, 2845, 2878, 2879, 2880, 2887, 8627, 8628, 8629, 8630, 8631, 8632, 8633, 8634, 8635, 8636, 8637, 8638, 8639, 8640, 8641, 8642, 8643, 8644, 8645, 8646, 8647, 8648, 8649, 8650, 8651, 8652]",1589,9138,82.611074633399,37,37,0.019236058914007318,"[{'id': 4, 'label': 'Z.P5', 'text': 'Durch Einsparung von Personal bei Aerztinnen, kann mehr fuer Pflegepersonal ausgegeben werden. '}, {'id': 5, 'label': 'Z.P4-1', 'text': 'Aber ist es realistisch, dass das Gesundheitssystem besser finanziert wird bevor eine medKI in der Lage ist fundierte Entscheidungen zu treffen?'}, {'id': 8, 'label': 'Z.P1', 'text': 'Der Trend geht ohnehin weg von kleinen Landarztpraxen und hin zu medizinischen Versorgungszentren'}, {'id': 12, 'label': 'Z.P4', 'text': 'Die MedKI kann unterstuetzen, den Mangel an Aerzten entgegenzuwirken. Durch den demographischen Wandel wird es mehr kranke und alte Menschen geben. Dadurch brauchen wir mehr Aerzte'}, {'id': 13, 'label': 'Z.P5', 'text': 'Die KI kann von mehreren Nationen entwickelt werden. Dadurch sinken die Kosten'}, {'id': 14, 'label': 'Z.P5', 'text': 'Sobald eine selbst lernende Ki entwickelt wurde, wird das Entwickeln nicht mehr viel kosten'}, {'id': 15, 'label': 'Z.P5', 'text': 'Dafuer kann der First Level Support von Aerzten abgewendet werden und durch KIs uebernommen werden'}, {'id': 24, 'label': 'Z.P1', 'text': 'Aerzte sind doch auch Rund um die Uhr erreichbar?! Dafuer werden Sie auch dementsprechend bezahlt. Auf dem Land natuerlich nicht, aber eine KI koennte auch nicht ohne Beaufsichtigung das Krankenhaus leiten'}, {'id': 83, 'label': 'Z.P4-1', 'text': 'Dann sollen die Unis mehr Medizin Plaetze anbieten dann gibt es mehr Aerzte '}, {'id': 84, 'label': 'Z.P6', 'text': 'KI sind praeziser '}]"
501,3762,1,Aber wuerde auch weniger Hass ernten ,['Z.P3'],REFAI,"[['Greeting_Message'], ['Z.P2'], ['Z.P7']]","[2840, 2846, 8675, 8676, 8677, 8678, 8679, 8680, 8681, 8682, 8683, 8684, 8685, 8686, 8687, 8688, 8689, 8690, 8691, 8692, 8693, 8694, 8695, 8696, 8697, 8698]",799,9138,91.25629240534033,26,26,0.02969541429961012,"[{'id': 2, 'label': 'Z.P3', 'text': 'Das Wissen einer KI kann eine deutlich hoehere Menge erreichen, als das Wissen eines Menschen. '}, {'id': 3, 'label': 'Z.P3', 'text': 'Eine KI kann mehr Wissen als ein Mensch'}, {'id': 25, 'label': 'Z.P3-1', 'text': ' Allerdings werden die KIs von Menschen programmiert. Insofern ist die Fehlerquote mindestens genauso hoch.'}, {'id': 181, 'label': 'Z.P3', 'text': ' und ist immer auf dem aktuellsten Stand der Wissenschaft '}, {'id': 543, 'label': 'Z.P3', 'text': 'KI verfuegt ueber breitflaechiges wissen auch was ausnahmen betrifft '}, {'id': 545, 'label': 'Z.P7', 'text': 'aber diesen fachkraefte mangel gibt es ja auch eh schon jetzt, dann verstehe ich das argument nicht wirklich '}, {'id': 547, 'label': 'Z.P7', 'text': 'ich denke dass der aerztemangel und die konstanze ueberstrapazierung von aerzten in krankenhaeusern beispielsweise eine genauso grosse wenn nicht sogar groessere standardisierte fehlerquelle darstellt als ki '}, {'id': 600, 'label': 'Z.P3', 'text': 'Die KI hat mehr Ahnung als ein Mensch'}, {'id': 607, 'label': 'Z.P3', 'text': 'Genaue Diagnosen und Wissen ueber saemtliche medizinische Forschungen und Erkenntnisse'}, {'id': 609, 'label': 'Z.P3-1', 'text': 'Richtige und effektive Handhabung der KI muss gelernt werden'}]"
502,3776,2,Ich denke eine KI kann nicht jede Situation so gut erfassen wie ein mensch,['Z.K5'],REFAI,"[['Greeting_Message'], ['Z.K5'], ['intro_24', 'Z.K5', 'intro_47', 'Z.K5-1']]","[2800, 2815, 2819, 2828, 2830, 2850, 2857, 2858, 2875, 8964, 8965, 8966, 8967, 8968, 8969, 8970, 8971, 8972, 8973, 8974, 8975, 8976, 8977, 8978, 8979, 8980, 8981, 8982, 8983, 8984, 8985, 8986]",770,9138,91.57364850076604,32,32,0.03805658119512355,"[{'id': 0, 'label': 'Z.K1', 'text': 'Ein bot kannzwischenmaennschliche Interaktion nicht ersetzen '}, {'id': 6, 'label': 'Z.K6', 'text': 'Medizin ist ein aeusserst komplexes Tehemengebiet. Die Behandlung von Patienten erfordert Erfahrung und ist aeusserst Vielschichtig'}, {'id': 7, 'label': 'Z.K1', 'text': 'Nein, medizinische Behandlung sollte meiner Meinung nach auf persoenlicher Ebene stattfinden, denn viele Krankeiten nur durch ausfuehrliche Anamnese aufgedeckt werden koennen und zum Teil psychologisch behaftet sind'}, {'id': 9, 'label': 'Z.K2', 'text': 'Andererseits hat sie ein sehr begrenztes Repertoire, denn anders als ein Mensch kommt MedKI nicht ueber ihre standardisierten Handlungsweisen hinaus'}, {'id': 10, 'label': 'Z.K6', 'text': 'Nein, ich bezihe mich nicht auf Fehler, sondern auf eine begrenzte, eindimensionale Handlungsfaehigkeit '}, {'id': 26, 'label': 'Z.K1', 'text': 'Der Persoenliche Kontakt zwischen dem Artzt und dem Patienten ist sehr wichtig, sowohl fuer Artzt als auch Patient. Der Patient kommt sich nicht so vor wie in einem Fastfood Resturant in dem er nur abgefertigt wird sondern mit einem richtigen Menschen als gegen ueber fuehlt er sich Wertgeschaetzt und versorgt, was auch positiv zur Heiling beitragen kann'}, {'id': 27, 'label': 'Z.K1', 'text': 'Eine KI kann aber niemals einen Menschen ersetzten egal wie gut programmiert sie ist, sie wird nie die Menschliche Fuersorge ersetzten koennen'}, {'id': 28, 'label': 'Z.K1', 'text': 'Selbst wenn die KI ausgebildet ist um auch emotional fuer den Menschen zu sorgen, so ist das nicht die selbe Fuersorge und emotionale Bindung wie sie zwischen zwei Menschen entstehen kann. Niemand wird jemals ein Geraet als Bezugs Person sehen da fehlen die echten Gefuehle und selbst gemachte Erfahrungen aus der Realen Welt '}, {'id': 31, 'label': 'Z.K1', 'text': 'Das ist ja noch schlechter, man wuerde Patienten mit kleineren Problemen diskriminieren und ihnen das Geguehl geben dass sie weniger Beruecksichtigt werden als Patienten mit schlimmeren Problemen '}, {'id': 32, 'label': 'Z.K1', 'text': 'Patienten die nichts schlimmes haben wuerden im Gesundheits System nicht beruecksichtigt '}]"
503,3778,2,"Wenn die Fehlentscheidungen zugunsten deines Teams sind, wird der Schiri nicht beschimpft",['Z.K8-1'],REFAI,"[['Greeting_Message'], ['Z.K5'], ['intro_24', 'Z.K5', 'intro_47', 'Z.K5-1'], ['Z.K5'], ['intro_26', 'Z.K5', 'intro_54', 'z_trans_12', 'Z.P1'], ['Z.K8'], ['Z.K8']]","[2860, 9679, 9680, 9681, 9682, 9683, 9684, 9685, 9686, 9687, 9688, 9689, 9690, 9691, 9692, 9693, 9694, 9695, 9696, 9697, 9698, 9699, 9700]",531,9138,94.18910045961917,23,23,0.04079753880548476,"[{'id': 11, 'label': 'Z.K7', 'text': 'Ein Menscv kann interagieren und auf andere Menschen eingehen. Wie man an dir merkt, kann da KI nicht'}, {'id': 20, 'label': 'Z.K7', 'text': 'Um Patienten richtig behandeln zu koennen, muss der Arzt wichtige Entscheidungen treffen, welche womoeglich ueber Leben und Tod entscheiden. Dazu ist nur ein Mensch in der Lage, welcher sich in die Lage des Patienten versetzen kann.'}, {'id': 30, 'label': 'Z.K7', 'text': 'Sie kann zwar lernen weiss aber nicht das fehl Entscheidungen auch eine emotionale Erfahrung mit sich bringen welche wichtig sind fuer die Ethik eines Mediziners und Grundlegend zur Entwichlung eines guten Artztes '}, {'id': 50, 'label': 'Z.K7', 'text': 'Keine Empathie '}, {'id': 54, 'label': 'Z.K8', 'text': 'Hohe Kosten '}, {'id': 55, 'label': 'Z.K8', 'text': 'Zu teure technologie'}, {'id': 58, 'label': 'Z.K8', 'text': 'Hohe Energiekosten'}, {'id': 61, 'label': 'Z.K9', 'text': 'Hacker'}, {'id': 62, 'label': 'Z.K8', 'text': 'Teure Wartung '}, {'id': 81, 'label': 'Z.K7', 'text': 'Trotzdem fehlt der kuenstlichen Intelligenz die Empathie.'}]"
504,3782,1,"Aber zum positiven, da es dann ausgeglichenere Entscheidungen gaebe",['Z.P1'],REFAI,"[['Greeting_Message'], ['OTHER'], ['Z.P1'], ['CONSENT'], ['Z.P2'], ['Z.K1-1-1-1'], ['Z.P2']]","[2818, 2854, 2862, 2863, 2872, 8534, 8535, 8536, 8537, 8538, 8539, 8540, 8541, 8542, 8543, 8544, 8545, 8546, 8547, 8548, 8549, 8550, 8551, 8552, 8553, 8554, 8555, 8556, 8557, 8558, 8559, 8560]",1589,9138,82.611074633399,32,32,0.01663659149319552,"[{'id': 4, 'label': 'Z.P5', 'text': 'Durch Einsparung von Personal bei Aerztinnen, kann mehr fuer Pflegepersonal ausgegeben werden. '}, {'id': 5, 'label': 'Z.P4-1', 'text': 'Aber ist es realistisch, dass das Gesundheitssystem besser finanziert wird bevor eine medKI in der Lage ist fundierte Entscheidungen zu treffen?'}, {'id': 8, 'label': 'Z.P1', 'text': 'Der Trend geht ohnehin weg von kleinen Landarztpraxen und hin zu medizinischen Versorgungszentren'}, {'id': 12, 'label': 'Z.P4', 'text': 'Die MedKI kann unterstuetzen, den Mangel an Aerzten entgegenzuwirken. Durch den demographischen Wandel wird es mehr kranke und alte Menschen geben. Dadurch brauchen wir mehr Aerzte'}, {'id': 13, 'label': 'Z.P5', 'text': 'Die KI kann von mehreren Nationen entwickelt werden. Dadurch sinken die Kosten'}, {'id': 14, 'label': 'Z.P5', 'text': 'Sobald eine selbst lernende Ki entwickelt wurde, wird das Entwickeln nicht mehr viel kosten'}, {'id': 15, 'label': 'Z.P5', 'text': 'Dafuer kann der First Level Support von Aerzten abgewendet werden und durch KIs uebernommen werden'}, {'id': 24, 'label': 'Z.P1', 'text': 'Aerzte sind doch auch Rund um die Uhr erreichbar?! Dafuer werden Sie auch dementsprechend bezahlt. Auf dem Land natuerlich nicht, aber eine KI koennte auch nicht ohne Beaufsichtigung das Krankenhaus leiten'}, {'id': 83, 'label': 'Z.P4-1', 'text': 'Dann sollen die Unis mehr Medizin Plaetze anbieten dann gibt es mehr Aerzte '}, {'id': 84, 'label': 'Z.P6', 'text': 'KI sind praeziser '}]"
505,3796,1,"Aber den menschlichen Schiedsrichter kann man KO schlagen, dann wird ein neuer eingesetzt",['Z.P4'],REFAI,"[['Greeting_Message'], ['Z.P4'], ['intro_24', 'Z.P4', 'intro_51', 'Z.P4-1']]","[2869, 2870, 8809, 8810, 8811, 8812, 8813, 8814, 8815, 8816, 8817, 8818, 8819, 8820, 8821, 8822, 8823, 8824, 8825, 8826, 8827, 8828, 8829, 8830, 8831]",1589,9138,82.611074633399,25,25,0.012997337104058997,"[{'id': 4, 'label': 'Z.P5', 'text': 'Durch Einsparung von Personal bei Aerztinnen, kann mehr fuer Pflegepersonal ausgegeben werden. '}, {'id': 5, 'label': 'Z.P4-1', 'text': 'Aber ist es realistisch, dass das Gesundheitssystem besser finanziert wird bevor eine medKI in der Lage ist fundierte Entscheidungen zu treffen?'}, {'id': 8, 'label': 'Z.P1', 'text': 'Der Trend geht ohnehin weg von kleinen Landarztpraxen und hin zu medizinischen Versorgungszentren'}, {'id': 12, 'label': 'Z.P4', 'text': 'Die MedKI kann unterstuetzen, den Mangel an Aerzten entgegenzuwirken. Durch den demographischen Wandel wird es mehr kranke und alte Menschen geben. Dadurch brauchen wir mehr Aerzte'}, {'id': 13, 'label': 'Z.P5', 'text': 'Die KI kann von mehreren Nationen entwickelt werden. Dadurch sinken die Kosten'}, {'id': 14, 'label': 'Z.P5', 'text': 'Sobald eine selbst lernende Ki entwickelt wurde, wird das Entwickeln nicht mehr viel kosten'}, {'id': 15, 'label': 'Z.P5', 'text': 'Dafuer kann der First Level Support von Aerzten abgewendet werden und durch KIs uebernommen werden'}, {'id': 24, 'label': 'Z.P1', 'text': 'Aerzte sind doch auch Rund um die Uhr erreichbar?! Dafuer werden Sie auch dementsprechend bezahlt. Auf dem Land natuerlich nicht, aber eine KI koennte auch nicht ohne Beaufsichtigung das Krankenhaus leiten'}, {'id': 83, 'label': 'Z.P4-1', 'text': 'Dann sollen die Unis mehr Medizin Plaetze anbieten dann gibt es mehr Aerzte '}, {'id': 84, 'label': 'Z.P6', 'text': 'KI sind praeziser '}]"
506,3809,1,Aber das koennte ja zum Vorteil eines Teams sein ,['Z.P2'],REFAI,"[['Greeting_Message'], ['Z.P2'], ['Z.P2'], ['OTHER'], ['Z.P2']]","[2797, 2817, 2826, 2838, 2839, 2841, 2845, 2878, 2879, 2880, 2887, 8627, 8628, 8629, 8630, 8631, 8632, 8633, 8634, 8635, 8636, 8637, 8638, 8639, 8640, 8641, 8642, 8643, 8644, 8645, 8646, 8647, 8648, 8649, 8650, 8651, 8652]",1589,9138,82.611074633399,37,37,0.019236058914007318,"[{'id': 4, 'label': 'Z.P5', 'text': 'Durch Einsparung von Personal bei Aerztinnen, kann mehr fuer Pflegepersonal ausgegeben werden. '}, {'id': 5, 'label': 'Z.P4-1', 'text': 'Aber ist es realistisch, dass das Gesundheitssystem besser finanziert wird bevor eine medKI in der Lage ist fundierte Entscheidungen zu treffen?'}, {'id': 8, 'label': 'Z.P1', 'text': 'Der Trend geht ohnehin weg von kleinen Landarztpraxen und hin zu medizinischen Versorgungszentren'}, {'id': 12, 'label': 'Z.P4', 'text': 'Die MedKI kann unterstuetzen, den Mangel an Aerzten entgegenzuwirken. Durch den demographischen Wandel wird es mehr kranke und alte Menschen geben. Dadurch brauchen wir mehr Aerzte'}, {'id': 13, 'label': 'Z.P5', 'text': 'Die KI kann von mehreren Nationen entwickelt werden. Dadurch sinken die Kosten'}, {'id': 14, 'label': 'Z.P5', 'text': 'Sobald eine selbst lernende Ki entwickelt wurde, wird das Entwickeln nicht mehr viel kosten'}, {'id': 15, 'label': 'Z.P5', 'text': 'Dafuer kann der First Level Support von Aerzten abgewendet werden und durch KIs uebernommen werden'}, {'id': 24, 'label': 'Z.P1', 'text': 'Aerzte sind doch auch Rund um die Uhr erreichbar?! Dafuer werden Sie auch dementsprechend bezahlt. Auf dem Land natuerlich nicht, aber eine KI koennte auch nicht ohne Beaufsichtigung das Krankenhaus leiten'}, {'id': 83, 'label': 'Z.P4-1', 'text': 'Dann sollen die Unis mehr Medizin Plaetze anbieten dann gibt es mehr Aerzte '}, {'id': 84, 'label': 'Z.P6', 'text': 'KI sind praeziser '}]"
507,3823,1,Eine KI ist viel schneller in der Lage Regelbrueche zu erkennen.,['Z.P6'],REFAI,"[['Greeting_Message'], ['Z.P2'], ['Z.P2'], ['Z.P3-3-1'], ['Z.P4']]","[2889, 9141, 9142, 9143, 9144, 9145, 9146, 9147, 9148, 9149, 9150, 9151, 9152, 9153, 9154, 9155, 9156, 9157, 9158, 9159, 9160, 9161, 9162, 9163, 9164]",1589,9138,82.611074633399,25,25,0.012997337104058997,"[{'id': 4, 'label': 'Z.P5', 'text': 'Durch Einsparung von Personal bei Aerztinnen, kann mehr fuer Pflegepersonal ausgegeben werden. '}, {'id': 5, 'label': 'Z.P4-1', 'text': 'Aber ist es realistisch, dass das Gesundheitssystem besser finanziert wird bevor eine medKI in der Lage ist fundierte Entscheidungen zu treffen?'}, {'id': 8, 'label': 'Z.P1', 'text': 'Der Trend geht ohnehin weg von kleinen Landarztpraxen und hin zu medizinischen Versorgungszentren'}, {'id': 12, 'label': 'Z.P4', 'text': 'Die MedKI kann unterstuetzen, den Mangel an Aerzten entgegenzuwirken. Durch den demographischen Wandel wird es mehr kranke und alte Menschen geben. Dadurch brauchen wir mehr Aerzte'}, {'id': 13, 'label': 'Z.P5', 'text': 'Die KI kann von mehreren Nationen entwickelt werden. Dadurch sinken die Kosten'}, {'id': 14, 'label': 'Z.P5', 'text': 'Sobald eine selbst lernende Ki entwickelt wurde, wird das Entwickeln nicht mehr viel kosten'}, {'id': 15, 'label': 'Z.P5', 'text': 'Dafuer kann der First Level Support von Aerzten abgewendet werden und durch KIs uebernommen werden'}, {'id': 24, 'label': 'Z.P1', 'text': 'Aerzte sind doch auch Rund um die Uhr erreichbar?! Dafuer werden Sie auch dementsprechend bezahlt. Auf dem Land natuerlich nicht, aber eine KI koennte auch nicht ohne Beaufsichtigung das Krankenhaus leiten'}, {'id': 83, 'label': 'Z.P4-1', 'text': 'Dann sollen die Unis mehr Medizin Plaetze anbieten dann gibt es mehr Aerzte '}, {'id': 84, 'label': 'Z.P6', 'text': 'KI sind praeziser '}]"
